# 10 Jun 2021; convolved with Kurucz, unnormalized
# Wavelength(nm)  Flambda(ergs/cm^s/s/nm)
150.38 0.0007629872
151.13 0.001065768
151.88 0.001467573
152.64 0.002591228
153.39 0.004439381
154.15 0.005511335
154.90 0.006170236
155.65 0.007401619
156.41 0.009128398
157.16 0.0118214
157.92 0.01490348
158.67 0.01790892
159.42 0.0191627
160.18 0.02027823
160.93 0.02229253
161.69 0.02447945
162.44 0.02703873
163.19 0.03115515
163.95 0.03603112
164.70 0.03836618
165.46 0.03750739
166.21 0.04188688
166.96 0.05016574
167.72 0.06789035
168.47 0.09954883
169.23 0.1382028
169.98 0.1711057
170.73 0.19344
171.49 0.2144262
172.24 0.2487683
173.00 0.2946378
173.75 0.3756267
174.50 0.4734248
175.26 0.5495658
176.01 0.580455
176.77 0.5978676
177.52 0.6540738
178.27 0.7618935
179.03 0.882113
179.78 0.9576429
180.54 0.9661369
181.29 0.9717894
182.04 1.019438
182.80 1.086321
183.55 1.075153
184.31 1.062163
185.06 1.173264
185.81 1.391497
186.57 1.636423
187.32 1.788344
188.08 1.953655
188.83 2.143528
189.58 2.295571
190.34 2.373761
191.09 2.453423
191.85 2.401157
192.60 2.296534
193.35 2.316452
194.11 2.646582
194.86 3.199567
195.62 3.690913
196.37 4.085519
197.12 4.355637
197.88 4.441523
198.63 4.570069
199.39 4.710932
200.14 4.843664
200.89 4.928856
201.65 4.954848
202.40 5.101896
203.16 5.428258
203.91 6.035459
204.66 6.477831
205.42 6.822572
206.17 7.150099
206.93 7.863465
207.68 9.017038
208.43 11.11937
209.19 14.56822
209.94 21.20821
210.70 27.09391
211.45 31.63012
212.20 32.86711
212.96 34.54853
213.71 36.96256
214.47 40.37267
215.22 41.05978
215.97 40.29989
216.73 38.73966
217.48 40.31527
218.24 43.67436
218.99 47.18875
219.74 47.94817
220.50 46.15981
221.25 45.18182
222.01 48.03428
222.76 54.84029
223.51 59.77068
224.27 59.63442
225.02 53.53593
225.78 48.14478
226.53 45.52348
227.28 48.13859
228.04 51.67022
228.79 55.46327
229.55 57.18624
230.30 58.31707
231.05 58.97551
231.81 55.13491
232.56 49.67217
233.32 42.84357
234.07 38.90176
234.82 36.5599
235.58 36.58281
236.33 35.03865
237.09 32.45833
237.84 29.93141
238.59 28.08202
239.35 27.04212
240.10 28.70621
240.86 32.41523
241.61 40.36024
242.36 47.87298
243.12 54.8983
243.87 58.12684
244.63 60.17754
245.38 60.80623
246.13 56.60604
246.89 50.86652
247.64 42.92093
248.40 38.16624
249.15 35.96622
249.90 37.25682
250.66 37.69507
251.41 34.46718
252.17 33.22589
252.92 33.4044
253.67 43.94227
254.43 57.72844
255.18 79.00799
255.94 97.75055
256.69 114.2942
257.44 117.0378
258.20 115.4412
258.95 102.8529
259.71 92.16089
260.46 84.1952
261.21 91.10693
261.97 104.8126
262.72 156.2831
263.48 212.2157
264.23 277.6095
264.98 319.8569
265.74 334.7554
266.49 333.3883
267.25 325.0019
268.00 323.4281
268.75 320.1735
269.51 304.7139
270.26 283.0236
271.02 250.543
271.77 219.3626
272.52 189.1552
273.28 169.4505
274.03 152.9577
274.79 161.7615
275.54 172.8755
276.29 190.9063
277.05 196.4669
277.80 172.4667
278.56 146.5248
279.31 118.2704
280.06 127.2576
280.82 160.4899
281.57 208.9241
282.33 262.5575
283.08 258.6219
283.83 246.669
284.59 221.1824
285.34 203.4158
286.10 247.4543
286.85 295.2033
287.60 356.4012
288.36 417.0653
289.11 476.4479
289.87 528.0593
290.62 567.5986
291.37 586.3162
292.13 581.2151
292.88 569.3901
293.64 551.6037
294.39 542.0818
295.14 538.3993
295.90 534.9663
296.65 531.6773
297.41 533.7027
298.16 538.4005
298.91 548.1403
299.67 560.1431
300.42 571.2254
301.18 581.9314
301.93 599.1148
302.68 618.9291
303.44 634.9848
304.19 649.4983
304.95 656.3184
305.70 659.7387
306.45 665.9596
307.21 673.5743
307.96 670.8759
308.72 662.2125
309.47 668.0736
310.22 684.0916
310.98 700.9881
311.73 718.6528
312.49 723.7186
313.24 714.4515
313.99 704.576
314.75 693.7632
315.50 687.5737
316.26 691.8746
317.01 696.753
317.76 703.8028
318.52 710.4394
319.27 713.3986
320.03 716.3594
320.78 704.0584
321.53 691.4982
322.29 690.1702
323.04 690.7208
323.80 732.1427
324.55 789.7
325.30 846.1461
326.06 901.7562
326.81 938.6378
327.57 948.1993
328.32 954.798
329.07 951.7161
329.83 948.3412
330.58 939.8041
331.34 931.2581
332.09 925.1294
332.84 919.391
333.60 899.6807
334.35 872.5985
335.11 840.4484
335.86 801.8561
336.61 772.2104
337.37 775.6314
338.12 779.0542
338.88 796.5891
339.63 814.483
340.38 819.4608
341.14 819.579
341.89 823.6558
342.65 832.2588
343.40 845.7171
344.15 879.0497
344.91 912.4086
345.66 944.3244
346.42 976.1242
347.17 998.6077
347.92 1015.333
348.68 1029.294
349.43 1037.168
350.19 1045.047
350.94 1044.726
351.69 1044.371
352.45 1051.156
353.20 1061.509
353.96 1061.638
354.71 1040.633
355.46 1019.609
356.22 962.8838
356.97 905.1394
357.73 885.466
358.48 890.2838
359.23 902.3158
359.99 938.0492
360.74 973.809
361.50 992.6527
362.25 1008.396
363.00 1030.204
363.76 1059.561
364.51 1089.19
365.27 1126.186
366.02 1163.208
366.77 1177.987
367.53 1178.536
368.28 1176.812
369.04 1164.274
369.79 1151.724
370.54 1124.39
371.30 1091.441
372.05 1056.916
372.81 1018.043
373.56 979.1388
374.31 991.5273
375.07 1017.425
375.82 1054.031
376.58 1114.877
377.33 1175.765
378.08 1183.783
378.84 1179.202
379.59 1157.268
380.35 1094.252
381.10 1031.19
381.85 971.7013
382.61 913.223
383.36 871.673
384.12 884.2286
384.87 896.7918
385.62 919.3659
386.38 946.4297
387.13 975.5587
387.89 1018.581
388.64 1061.632
389.39 1094.977
390.15 1120.557
390.90 1146.154
391.66 1093.717
392.41 1038.677
393.16 1002.139
393.92 997.3283
394.67 992.5134
395.43 1028.623
396.18 1077.972
396.93 1135.544
397.69 1248.006
398.44 1360.54
399.20 1456.748
399.95 1535.993
400.70 1615.287
401.46 1636.038
402.21 1645.486
402.97 1651.474
403.72 1640.836
404.47 1630.189
405.23 1624.752
405.98 1624.669
406.74 1624.585
407.49 1640.498
408.24 1660.394
409.00 1680.256
409.75 1699.697
410.51 1719.147
411.26 1734.634
412.01 1743.512
412.77 1752.393
413.52 1757.029
414.28 1759.296
415.03 1761.562
415.78 1753.13
416.54 1743.439
417.29 1732.423
418.05 1712.884
418.80 1693.333
419.55 1677.612
420.31 1668.735
421.06 1659.85
421.82 1648.812
422.57 1636.156
423.32 1623.491
424.08 1607.518
424.83 1590.545
425.59 1573.56
426.34 1534.905
427.09 1495.141
427.85 1455.435
428.60 1416.298
429.36 1377.138
430.11 1359.493
430.86 1398.018
431.62 1436.563
432.37 1483.057
433.13 1540.629
433.88 1598.231
434.63 1637.514
435.39 1661.418
436.14 1685.333
436.90 1693.903
437.65 1694.44
438.40 1694.975
439.16 1709.431
439.91 1728.454
440.67 1747.483
441.42 1772.114
442.17 1797.846
442.93 1823.588
443.68 1838.32
444.44 1851.911
445.19 1865.506
445.94 1888.889
446.70 1912.7
447.45 1936.521
448.21 1963.656
448.96 1990.807
449.71 2017.397
450.47 2020.621
451.22 2022.315
451.98 2023.801
452.73 2018.943
453.48 2014.083
454.24 2009.615
454.99 2019.594
455.75 2029.577
456.50 2039.513
457.25 2039.858
458.01 2040.203
458.76 2040.549
459.52 2039.179
460.27 2037.755
461.02 2036.33
461.78 2035.559
462.53 2034.847
463.29 2034.134
464.04 2035.291
464.79 2036.775
465.55 2038.259
466.30 2039.337
467.06 2040.293
467.81 2041.249
468.56 2039.281
469.32 2035.889
470.07 2032.495
470.83 2034.29
471.58 2040.17
472.33 2046.052
473.09 2053.742
473.84 2063.82
474.60 2073.9
475.35 2082.154
476.10 2085.85
476.86 2089.547
477.61 2092.471
478.37 2090.093
479.12 2087.714
479.87 2085.334
480.63 2076.499
481.38 2067.329
482.14 2058.155
482.89 2033.784
483.64 2004.604
484.40 1975.414
485.15 1953.12
485.91 1936.43
486.66 1919.735
487.41 1912.907
488.17 1926.224
488.92 1939.546
489.68 1952.437
490.43 1960.862
491.18 1969.29
491.94 1977.721
492.69 1985.358
493.45 1992.838
494.20 2000.32
494.95 1999.729
495.71 1992.784
496.46 1985.837
497.22 1976.223
497.97 1959.421
498.72 1942.613
499.48 1925.799
500.23 1921.335
500.99 1917.311
501.74 1913.286
502.49 1918.515
503.25 1928.88
504.00 1939.248
504.76 1948.711
505.51 1956.109
506.26 1963.508
507.02 1970.911
507.77 1969.907
508.53 1968.457
509.28 1967.006
510.03 1960.958
510.79 1951.537
511.54 1942.112
512.30 1929.825
513.05 1905.203
513.80 1880.574
514.56 1855.936
515.31 1831.708
516.07 1807.588
516.82 1783.46
517.57 1771.545
518.33 1781.54
519.08 1791.537
519.84 1801.538
520.59 1820.794
521.34 1840.886
522.10 1860.985
522.85 1871.835
523.61 1871.832
524.36 1871.829
525.11 1871.826
525.87 1874.066
526.62 1876.341
527.38 1878.615
528.13 1884.816
528.88 1895.051
529.64 1905.289
530.39 1915.53
531.15 1911.188
531.90 1906.607
532.65 1902.025
533.41 1901.02
534.16 1904.278
534.92 1907.537
535.67 1910.797
536.42 1911.026
537.18 1910.958
537.93 1910.891
538.69 1909.198
539.44 1904.451
540.19 1899.703
540.95 1894.953
541.70 1897.482
542.46 1902.229
543.21 1906.978
543.96 1911.135
544.72 1912.365
545.47 1913.596
546.23 1914.827
546.98 1913.674
547.73 1910.584
548.49 1907.493
549.24 1904.401
550.00 1904.916
550.75 1905.56
551.50 1906.203
552.26 1906.35
553.01 1905.115
553.77 1903.879
554.52 1902.644
555.27 1898.276
556.03 1891.744
556.78 1885.211
557.54 1878.677
558.29 1877.468
559.04 1876.838
559.80 1876.208
560.55 1876.094
561.31 1878.13
562.06 1880.166
562.81 1882.203
563.57 1882.243
564.32 1880.001
565.08 1877.759
565.83 1875.517
566.58 1875.024
567.34 1875.21
568.09 1875.396
568.85 1875.583
569.60 1879.254
570.35 1883.085
571.11 1886.917
571.86 1890.346
572.62 1891.838
573.37 1893.331
574.12 1894.824
574.88 1894.604
575.63 1891.468
576.39 1888.331
577.14 1885.194
577.89 1883.645
578.65 1883.399
579.40 1883.153
580.16 1882.907
580.91 1882.307
581.66 1881.562
582.42 1880.817
583.17 1880.071
583.93 1872.985
584.68 1864.768
585.43 1856.551
586.19 1848.332
586.94 1839.464
587.70 1830.574
588.45 1821.683
589.20 1813.578
589.96 1815.661
590.71 1817.744
591.47 1819.827
592.22 1822.134
592.97 1825.683
593.73 1829.232
594.48 1832.781
595.24 1835.036
595.99 1832.562
596.74 1830.088
597.50 1827.613
598.25 1824.677
599.01 1820.407
599.76 1816.137
600.51 1811.755
601.27 1808.45
602.02 1808.05
602.78 1807.649
603.53 1807.249
604.28 1806.13
605.04 1803.186
605.79 1800.241
606.55 1797.297
607.30 1792.849
608.05 1784.237
608.81 1775.625
609.56 1767.013
610.32 1758.071
611.07 1748.007
611.82 1737.944
612.58 1727.881
613.33 1718.816
614.09 1714.631
614.84 1710.446
615.59 1706.262
616.35 1702.702
617.10 1705.348
617.86 1707.994
618.61 1710.639
619.36 1713.285
620.12 1710.719
620.87 1708.119
621.63 1705.519
622.38 1702.92
623.13 1699.514
623.89 1695.993
624.64 1692.471
625.40 1688.95
626.15 1688.272
626.90 1688.619
627.66 1688.966
628.41 1689.314
629.17 1687.578
629.92 1684.29
630.67 1681.003
631.43 1677.715
632.18 1674.667
632.94 1671.988
633.69 1669.31
634.44 1666.632
635.20 1664.13
635.95 1662.379
636.71 1660.629
637.46 1658.88
638.21 1657.13
638.97 1653.628
639.72 1650.067
640.48 1646.506
641.23 1642.945
641.98 1639.63
642.74 1636.409
643.49 1633.189
644.25 1629.969
645.00 1626.815
645.75 1623.741
646.51 1620.667
647.26 1617.593
648.02 1614.5
648.77 1611.313
649.52 1608.126
650.28 1604.896
651.03 1601.589
651.79 1593.478
652.54 1584.582
653.29 1575.688
654.05 1566.797
654.80 1560.311
655.56 1555.965
656.31 1551.621
657.06 1547.277
657.82 1544.794
658.57 1550.996
659.33 1557.196
660.08 1563.395
660.83 1569.592
661.59 1571.589
662.34 1572.552
663.10 1573.514
663.85 1574.476
664.60 1574.14
665.36 1571.917
666.11 1569.695
666.87 1567.472
667.62 1565.251
668.37 1562.426
669.13 1559.596
669.88 1556.766
670.64 1553.937
671.39 1551.184
672.14 1548.492
672.90 1545.802
673.65 1543.112
674.41 1540.412
675.16 1537.613
675.91 1534.813
676.67 1532.015
677.42 1529.216
678.18 1526.134
678.93 1522.863
679.68 1519.593
680.44 1516.323
681.19 1513.067
681.95 1509.935
682.70 1506.803
683.45 1503.672
684.21 1500.542
684.96 1498.102
685.72 1496.195
686.47 1494.288
687.22 1492.381
687.98 1490.471
688.73 1488.274
689.49 1486.077
690.24 1483.88
690.99 1481.684
691.75 1479.077
692.50 1475.937
693.26 1472.798
694.01 1469.66
694.76 1466.522
695.52 1462.949
696.27 1459.293
697.03 1455.638
697.78 1451.984
698.53 1448.347
699.29 1444.771
700.04 1441.189
700.80 1437.506
701.55 1433.824
702.30 1431.06
703.06 1428.982
703.81 1426.904
704.57 1424.826
705.32 1422.749
706.07 1420.154
706.83 1417.504
707.58 1414.855
708.34 1412.207
709.09 1409.253
709.84 1405.169
710.60 1401.087
711.35 1397.006
712.11 1392.926
712.86 1388.57
713.61 1383.937
714.37 1379.304
715.12 1374.674
715.88 1370.045
716.63 1366.522
717.38 1363.35
718.14 1360.178
718.89 1357.008
719.65 1353.839
720.40 1353.019
721.15 1352.202
721.91 1351.385
722.66 1350.569
723.42 1349.5
724.17 1347.498
724.92 1345.496
725.68 1343.495
726.43 1341.494
727.19 1339.136
727.94 1336.244
728.69 1333.354
729.45 1330.465
730.20 1327.576
730.96 1325.3
731.71 1323.49
732.46 1321.68
733.22 1319.871
733.97 1318.062
734.73 1314.878
735.48 1311.132
736.23 1307.387
736.99 1303.644
737.74 1299.901
738.50 1296.174
739.25 1292.452
740.00 1288.73
740.76 1285.01
741.51 1281.291
742.27 1280.167
743.02 1279.272
743.77 1278.377
744.53 1277.483
745.28 1276.588
746.04 1275.481
746.79 1274.372
747.54 1273.264
748.30 1272.155
749.05 1271.028
749.81 1269.272
750.56 1267.502
751.31 1265.728
752.07 1263.955
752.82 1262.164
753.58 1260.021
754.33 1257.879
755.08 1255.738
755.84 1253.598
756.59 1251.44
757.35 1248.881
758.10 1246.322
758.85 1243.764
759.61 1241.207
760.36 1238.647
761.12 1235.731
761.87 1232.815
762.62 1229.901
763.38 1226.987
764.13 1224.075
764.89 1221.176
765.64 1218.28
766.39 1215.384
767.15 1212.489
767.90 1209.595
768.66 1207.358
769.41 1205.218
770.16 1203.078
770.92 1200.939
771.67 1198.801
772.43 1197.153
773.18 1195.655
773.93 1194.157
774.69 1192.66
775.44 1191.164
776.20 1189.639
776.95 1188.097
777.70 1186.557
778.46 1185.016
779.21 1183.476
779.97 1181.573
780.72 1179.264
781.47 1176.955
782.23 1174.648
782.98 1172.341
783.74 1169.993
784.49 1167.544
785.24 1165.096
786.00 1162.649
786.75 1160.202
787.51 1157.679
788.26 1154.222
789.01 1150.767
789.77 1147.313
790.52 1143.86
791.28 1140.408
792.03 1137.697
792.78 1135.128
793.54 1132.56
794.29 1129.993
795.05 1127.427
795.80 1125.685
796.55 1124.548
797.31 1123.411
798.06 1122.275
798.82 1121.139
799.57 1119.688
800.32 1117.437
801.08 1115.167
801.83 1112.897
802.59 1110.629
803.34 1108.362
804.09 1105.911
804.85 1103.456
805.60 1101.002
806.36 1098.548
807.11 1096.096
807.86 1094.058
808.62 1092.264
809.37 1090.471
810.13 1088.679
810.88 1086.887
811.63 1084.919
812.39 1082.446
813.14 1079.975
813.90 1077.504
814.65 1075.034
815.40 1072.565
816.16 1069.008
816.91 1065.278
817.67 1061.55
818.42 1057.823
819.17 1054.099
819.93 1051.281
820.68 1049.622
821.44 1047.964
822.19 1046.307
822.94 1044.65
823.70 1042.994
824.45 1041.871
825.21 1040.755
825.96 1039.64
826.71 1038.525
827.47 1037.411
828.22 1035.491
828.98 1032.795
829.73 1030.1
830.48 1027.406
831.24 1024.713
831.99 1022.024
832.75 1019.967
833.50 1017.911
834.25 1015.856
835.01 1013.802
835.76 1011.748
836.52 1009.812
837.27 1008.007
838.02 1006.202
838.78 1004.399
839.53 1002.596
840.29 1000.794
841.04 998.0974
841.79 995.3139
842.55 992.5316
843.30 989.7504
844.06 986.9705
844.81 983.398
845.56 978.1479
846.32 972.9003
847.07 967.6551
847.83 962.4122
848.58 957.1717
849.33 951.7868
850.09 946.3429
850.84 940.9014
851.60 935.4623
852.35 930.0258
853.10 924.9553
853.86 925.6157
854.61 926.2757
855.37 926.9353
856.12 927.5945
856.87 928.2532
857.63 928.7678
858.38 929.0533
859.14 929.3387
859.89 929.6238
860.64 929.9086
861.40 930.1932
862.15 927.3783
862.91 923.1354
863.66 918.8945
864.41 914.6554
865.17 910.4183
865.92 906.1831
866.68 905.8675
867.43 905.7427
868.18 905.6178
868.94 905.4928
869.69 905.3679
870.45 905.4188
871.20 906.196
871.95 906.9728
872.71 907.7491
873.46 908.5249
874.22 909.3003
874.97 909.1234
875.72 907.5612
876.48 905.9997
877.23 904.4387
877.99 902.8784
878.74 901.3188
879.49 899.6061
880.25 897.7868
881.00 895.9683
881.76 894.1505
882.51 892.3335
883.26 890.5173
884.02 889.3327
884.77 888.3671
885.53 887.4019
886.28 886.4369
887.03 885.4724
887.79 884.5082
888.54 883.5095
889.30 882.5057
890.05 881.5024
890.80 880.4994
891.56 879.4968
892.31 878.4946
893.07 876.4444
893.82 874.3546
894.57 872.2657
895.33 870.1777
896.08 868.0907
896.84 865.9963
897.59 863.6161
898.34 861.237
899.10 858.859
899.85 856.4819
900.61 854.161
901.36 851.9127
902.11 850.5239
902.87 849.1355
903.62 847.7476
904.38 846.36
905.13 844.9728
905.88 843.5895
906.64 842.2526
907.39 840.9161
908.15 839.58
908.90 838.2443
909.65 836.909
910.41 835.584
911.16 834.4685
911.92 833.3533
912.67 832.2385
913.42 831.1239
914.18 830.0097
914.93 828.8958
915.69 826.4008
916.44 823.8936
917.19 821.3871
917.95 818.8815
918.70 816.3765
919.46 813.8724
920.21 811.5706
920.96 809.2905
921.72 807.0111
922.47 804.7324
923.23 802.4544
923.98 800.177
924.73 799.5317
925.49 799.319
926.24 799.1063
927.00 798.8936
927.75 798.6809
928.50 798.4683
929.26 797.9607
930.01 797.2904
930.77 796.6204
931.52 795.9505
932.27 795.2808
933.03 794.6113
933.78 793.2842
934.54 791.2105
935.29 789.1375
936.04 787.0651
936.80 784.9933
937.55 782.9221
938.31 780.8969
939.06 779.0011
939.81 777.1058
940.57 775.2112
941.32 773.3171
942.08 771.4236
942.83 769.5551
943.58 768.817
944.34 768.0791
945.09 767.3414
945.85 766.6038
946.60 765.8665
947.35 765.1294
948.11 763.8147
948.86 762.3085
949.62 760.8027
950.37 759.3035
951.12 757.8109
951.88 756.3188
952.63 754.7939
953.39 753.229
954.14 751.6645
954.89 750.1004
955.65 748.5367
956.40 746.9735
957.16 745.481
957.91 744.5283
958.66 743.5758
959.42 742.6236
960.17 741.6716
960.93 740.7199
961.68 739.7684
962.43 738.7003
963.19 737.5938
963.94 736.4875
964.70 735.3816
965.45 734.2759
966.20 733.1705
966.96 732.0954
967.71 731.0751
968.47 730.0552
969.22 729.0354
969.97 728.016
970.73 726.9968
971.48 725.9779
972.24 724.8174
972.99 723.6457
973.74 722.4743
974.50 721.3032
975.25 720.1324
976.01 718.962
976.76 717.8487
977.51 716.8018
978.27 715.7551
979.02 714.7087
979.78 713.6626
980.53 712.6168
981.28 711.5713
982.04 710.4172
982.79 709.26
983.55 708.1031
984.30 706.9465
985.05 705.7903
985.81 704.6343
986.56 703.5153
987.32 702.4426
988.07 701.3702
988.82 700.2981
989.58 699.2263
990.33 698.1547
991.09 697.0834
991.84 696.085
992.59 695.0962
993.35 694.1077
994.10 693.1195
994.86 692.1315
995.61 691.1438
996.36 689.9444
997.12 688.2344
997.87 686.5249
998.63 684.8159
999.38 683.1073
1000.13 681.3993
1000.89 679.6916
1001.64 678.0401
1002.40 676.417
1003.15 674.7943
1003.90 673.172
1004.66 671.5502
1005.41 669.9289
1006.17 668.3155
1006.92 667.6485
1007.67 666.9816
1008.43 666.3149
1009.18 665.6484
1009.94 664.982
1010.69 664.3158
1011.44 663.4804
1012.20 662.2911
1012.95 661.1021
1013.71 659.9134
1014.46 658.725
1015.21 657.537
1015.97 656.3493
1016.72 655.2778
1017.48 654.2839
1018.23 653.2904
1018.98 652.2971
1019.74 651.3041
1020.49 650.3114
1021.25 649.3189
1022.00 648.516
1022.75 647.7507
1023.51 646.9855
1024.26 646.2206
1025.02 645.4558
1025.77 644.6912
1026.52 643.9037
1027.28 642.6263
1028.03 641.3493
1028.79 640.0725
1029.54 638.7962
1030.29 637.5202
1031.05 636.2445
1031.80 634.9702
1032.56 633.6998
1033.31 632.4298
1034.06 631.1601
1034.82 629.8908
1035.57 628.6218
1036.33 627.3531
1037.08 626.1657
1037.83 625.1236
1038.59 624.0817
1039.34 623.0402
1040.10 621.9989
1040.85 620.9579
1041.60 619.9172
1042.36 618.9127
1043.11 617.9505
1043.87 616.9885
1044.62 616.0269
1045.37 615.0654
1046.13 614.1043
1046.88 613.1433
1047.64 612.2034
1048.39 611.2824
1049.14 610.3616
1049.90 609.4411
1050.65 608.5383
1051.41 607.6383
1052.16 606.7386
1052.91 605.6199
1053.67 604.3309
1054.42 603.0423
1055.18 601.7539
1055.93 600.4658
1056.68 599.178
1057.44 597.8904
1058.19 596.5858
1058.95 595.2677
1059.70 593.9499
1060.45 592.6325
1061.21 591.3153
1061.96 589.9984
1062.72 588.6817
1063.47 587.3127
1064.22 585.8973
1064.98 584.4823
1065.73 583.0676
1066.49 581.6531
1067.24 580.239
1067.99 578.8252
1068.75 577.5453
1069.50 576.4214
1070.26 575.2978
1071.01 574.1745
1071.76 573.0514
1072.52 571.9285
1073.27 570.8059
1074.03 569.7096
1074.78 568.6616
1075.53 567.6137
1076.29 566.5661
1077.04 565.5187
1077.80 564.4716
1078.55 563.4246
1079.30 562.3412
1080.06 561.126
1080.81 559.911
1081.57 558.6963
1082.32 557.4818
1083.07 556.2677
1083.83 555.0537
1084.58 553.8374
1085.34 552.5611
1086.09 551.2851
1086.84 550.0094
1087.60 548.7339
1088.35 547.4588
1089.11 546.1839
1089.86 544.9093
1090.61 543.612
1091.37 542.3102
1092.12 541.0087
1092.88 539.7075
1093.63 538.4066
1094.38 537.1059
1095.14 535.8056
1095.89 535.0576
1096.65 534.7212
1097.40 534.3849
1098.15 534.0487
1098.91 533.7125
1099.66 533.3764
1100.42 533.0404
1101.17 532.7346
1101.92 532.5023
1102.68 532.27
1103.43 532.0378
1104.19 531.8056
1104.94 531.5734
1105.69 531.3413
1106.45 531.1092
1107.20 530.4183
1107.96 529.7138
1108.71 529.0095
1109.46 528.3053
1110.22 527.6012
1110.97 526.8973
1111.73 526.1936
1112.48 525.369
1113.23 524.4674
1113.99 523.5659
1114.74 522.6647
1115.50 521.7636
1116.25 520.8627
1117.00 519.9621
1117.76 519.0482
1118.51 518.084
1119.27 517.12
1120.02 516.1562
1120.77 515.1927
1121.53 514.2293
1122.28 513.2662
1123.04 512.3032
1123.79 511.3703
1124.54 510.4458
1125.30 509.5216
1126.05 508.5976
1126.81 507.6737
1127.56 506.7501
1128.31 505.8266
1129.07 504.947
1129.82 504.162
1130.58 503.3772
1131.33 502.5926
1132.08 501.8081
1132.84 501.0238
1133.59 500.2397
1134.35 499.4557
1135.10 498.6991
1135.85 497.9497
1136.61 497.2004
1137.36 496.4513
1138.12 495.7023
1138.87 494.9535
1139.62 494.2049
1140.38 493.5435
1141.13 493.1264
1141.89 492.7095
1142.64 492.2926
1143.39 491.8758
1144.15 491.4591
1144.90 491.0425
1145.66 490.626
1146.41 490.145
1147.16 489.6332
1147.92 489.1215
1148.67 488.6099
1149.43 488.0984
1150.18 487.5889
1150.93 487.0858
1151.69 486.5585
1152.44 485.5725
1153.20 484.5868
1153.95 483.6012
1154.70 482.6158
1155.46 481.6306
1156.21 480.6456
1156.97 479.6608
1157.72 478.6787
1158.47 477.7007
1159.23 476.7229
1159.98 475.7453
1160.74 474.7678
1161.49 473.7906
1162.24 472.8135
1163.00 471.8367
1163.75 471.1495
1164.51 470.5912
1165.26 470.033
1166.01 469.4748
1166.77 468.9168
1167.52 468.3589
1168.28 467.8011
1169.03 467.2434
1169.78 466.5663
1170.54 465.8845
1171.29 465.2028
1172.05 464.5213
1172.80 463.8398
1173.55 463.1585
1174.31 462.4773
1175.06 461.7612
1175.82 460.8942
1176.57 460.0274
1177.32 459.1608
1178.08 458.2943
1178.83 457.4279
1179.59 456.5618
1180.34 455.6958
1181.09 454.8906
1181.85 454.1859
1182.60 453.4813
1183.36 452.7769
1184.11 452.0726
1184.86 451.3684
1185.62 450.6644
1186.37 449.9605
1187.13 449.2918
1187.88 448.6548
1188.63 448.018
1189.39 447.3813
1190.14 446.7447
1190.90 446.1082
1191.65 445.4719
1192.40 444.8356
1193.16 444.0468
1193.91 443.1648
1194.67 442.2829
1195.42 441.4013
1196.17 440.5198
1196.93 439.6385
1197.68 438.7573
1198.44 437.8763
1199.19 437.1472
1199.94 436.4864
1200.70 435.819
1201.45 435.1511
1202.21 434.4834
1202.96 433.8159
1203.71 433.1485
1204.47 432.4812
1205.22 432.0366
1205.98 431.679
1206.73 431.3215
1207.48 430.9641
1208.24 430.6068
1208.99 430.2495
1209.75 429.8923
1210.50 429.5352
1211.25 429.3087
1212.01 429.136
1212.76 428.9633
1213.52 428.7906
1214.27 428.618
1215.02 428.4453
1215.78 428.2728
1216.53 428.1002
1217.29 427.7089
1218.04 427.204
1218.79 426.6992
1219.55 426.1944
1220.30 425.6898
1221.06 425.1853
1221.81 424.6809
1222.56 424.1766
1223.32 423.5882
1224.07 422.9358
1224.83 422.2836
1225.58 421.6315
1226.33 420.9796
1227.09 420.3278
1227.84 419.6762
1228.60 419.0247
1229.35 418.3881
1230.10 417.7706
1230.86 417.1533
1231.61 416.5361
1232.37 415.9191
1233.12 415.3022
1233.87 414.6854
1234.63 414.0688
1235.38 413.4452
1236.14 412.8009
1236.89 412.1568
1237.64 411.5128
1238.40 410.8689
1239.15 410.2252
1239.91 409.5816
1240.66 408.9382
1241.41 408.2977
1242.17 407.7165
1242.92 407.1355
1243.68 406.5547
1244.43 405.9739
1245.18 405.3933
1245.94 404.8128
1246.69 404.2325
1247.45 403.6523
1248.20 403.0515
1248.95 402.4455
1249.71 401.8397
1250.46 401.2383
1251.22 400.6395
1251.97 400.0409
1252.72 399.4424
1253.48 398.8441
1254.23 398.2327
1254.99 397.608
1255.74 396.9835
1256.49 396.359
1257.25 395.7347
1258.00 395.1105
1258.76 394.4864
1259.51 393.8624
1260.26 393.2478
1261.02 392.6849
1261.77 392.1221
1262.53 391.5594
1263.28 390.9969
1264.03 390.4344
1264.79 389.872
1265.54 389.3098
1266.30 388.7476
1267.05 388.0987
1267.80 387.4237
1268.56 386.7489
1269.31 386.0742
1270.07 385.3997
1270.82 384.7253
1271.57 384.051
1272.33 383.3768
1273.08 382.5442
1273.84 381.4139
1274.59 380.2839
1275.34 379.154
1276.10 378.0244
1276.85 376.895
1277.61 375.7659
1278.36 374.6369
1279.11 373.5082
1279.87 372.8404
1280.62 372.232
1281.38 371.6237
1282.13 371.0155
1282.88 370.4074
1283.64 369.7995
1284.39 369.1917
1285.15 368.584
1285.90 368.209
1286.65 368.228
1287.41 368.247
1288.16 368.2659
1288.92 368.2848
1289.67 368.3037
1290.42 368.3226
1291.18 368.3415
1291.93 368.3604
1292.69 368.1215
1293.44 367.8299
1294.19 367.5383
1294.95 367.2468
1295.70 366.9554
1296.46 366.664
1297.21 366.3727
1297.96 366.0814
1298.72 365.7242
1299.47 365.1538
1300.23 364.5892
1300.98 364.0377
1301.73 363.4863
1302.49 362.935
1303.24 362.3837
1304.00 361.8324
1304.75 361.2812
1305.50 360.6985
1306.26 360.095
1307.01 359.4915
1307.77 358.8881
1308.52 358.2848
1309.27 357.6815
1310.03 357.0782
1310.78 356.4751
1311.54 355.872
1312.29 355.3975
1313.04 354.9351
1313.80 354.4727
1314.55 354.0104
1315.31 353.5481
1316.06 353.0859
1316.81 352.6237
1317.57 352.1615
1318.32 351.7111
1319.08 351.3068
1319.83 350.9027
1320.58 350.4985
1321.34 350.0944
1322.09 349.6904
1322.85 349.2863
1323.60 348.8824
1324.35 348.4784
1325.11 348.0398
1325.86 347.556
1326.62 347.0723
1327.37 346.5887
1328.12 346.1051
1328.88 345.6216
1329.63 345.1381
1330.39 344.6546
1331.14 344.1712
1331.89 343.7391
1332.65 343.3391
1333.40 342.9392
1334.16 342.5393
1334.91 342.1394
1335.66 341.7395
1336.42 341.3397
1337.17 340.94
1337.93 340.5403
1338.68 340.1632
1339.43 339.793
1340.19 339.4228
1340.94 339.0526
1341.70 338.6825
1342.45 338.3124
1343.20 337.9423
1343.96 337.5723
1344.71 337.2023
1345.47 336.7169
1346.22 336.2143
1346.97 335.7118
1347.73 335.2093
1348.48 334.7068
1349.24 334.2045
1349.99 333.7021
1350.74 333.1998
1351.50 332.6976
1352.25 332.172
1353.01 331.6445
1353.76 331.1169
1354.51 330.5895
1355.27 330.0621
1356.02 329.5347
1356.78 329.0074
1357.53 328.4801
1358.28 327.9529
1359.04 327.4793
1359.79 327.0093
1360.55 326.5393
1361.30 326.0693
1362.05 325.5994
1362.81 325.1295
1363.56 324.6597
1364.32 324.19
1365.07 323.7202
1365.82 323.323
1366.58 322.9344
1367.33 322.5458
1368.09 322.1572
1368.84 321.7687
1369.59 321.3803
1370.35 320.9919
1371.10 320.6035
1371.86 320.2151
1372.61 319.8503
1373.36 319.4906
1374.12 319.1309
1374.87 318.7713
1375.63 318.4117
1376.38 318.0521
1377.13 317.6925
1377.89 317.333
1378.64 316.9736
1379.40 316.6155
1380.15 316.2581
1380.90 315.9008
1381.66 315.5434
1382.41 315.1861
1383.17 314.8288
1383.92 314.4716
1384.67 314.1144
1385.43 313.7572
1386.18 313.3873
1386.94 313.0056
1387.69 312.6239
1388.44 312.2422
1389.20 311.8606
1389.95 311.479
1390.71 311.0975
1391.46 310.716
1392.21 310.3345
1392.97 309.9221
1393.72 309.4384
1394.48 308.9547
1395.23 308.471
1395.98 307.9874
1396.74 307.5039
1397.49 307.0204
1398.25 306.5369
1399.00 306.0535
1399.75 305.5703
1400.51 305.0825
1401.26 304.5914
1402.02 304.1004
1402.77 303.6094
1403.52 303.1185
1404.28 302.6277
1405.03 302.137
1405.79 301.6464
1406.54 301.1559
1407.29 300.6857
1408.05 300.223
1408.80 299.7603
1409.56 299.2978
1410.31 298.8353
1411.06 298.3728
1411.82 297.9105
1412.57 297.4482
1413.33 296.986
1414.08 296.4954
1414.83 295.9592
1415.59 295.4231
1416.34 294.8872
1417.10 294.3513
1417.85 293.8155
1418.60 293.2797
1419.36 292.7441
1420.11 292.2086
1420.87 291.6731
1421.62 291.2152
1422.37 290.7589
1423.13 290.3026
1423.88 289.8464
1424.64 289.3903
1425.39 288.9343
1426.14 288.4783
1426.90 288.0224
1427.65 287.5666
1428.41 287.1913
1429.16 286.8889
1429.91 286.5865
1430.67 286.2841
1431.42 285.9818
1432.18 285.6795
1432.93 285.3773
1433.68 285.0751
1434.44 284.773
1435.19 284.4673
1435.95 284.0408
1436.70 283.6145
1437.45 283.1882
1438.21 282.762
1438.96 282.3359
1439.72 281.9098
1440.47 281.4838
1441.22 281.0578
1441.98 280.632
1442.73 280.2321
1443.49 279.859
1444.24 279.486
1444.99 279.1129
1445.75 278.74
1446.50 278.3671
1447.26 277.9943
1448.01 277.6215
1448.76 277.2488
1449.52 276.8762
1450.27 276.5677
1451.03 276.2614
1451.78 275.9552
1452.53 275.649
1453.29 275.3429
1454.04 275.0368
1454.80 274.7308
1455.55 274.4249
1456.30 274.1191
1457.06 273.8013
1457.81 273.4473
1458.57 273.0935
1459.32 272.7397
1460.07 272.3861
1460.83 272.0325
1461.58 271.6789
1462.34 271.3255
1463.09 270.9721
1463.84 270.6188
1464.60 270.211
1465.35 269.7616
1466.11 269.3123
1466.86 268.8632
1467.61 268.4141
1468.37 267.9651
1469.12 267.5163
1469.88 267.0675
1470.63 266.6189
1471.38 266.1703
1472.14 265.744
1472.89 265.3222
1473.65 264.9006
1474.40 264.479
1475.15 264.0575
1475.91 263.6361
1476.66 263.2148
1477.42 262.7936
1478.17 262.3725
1478.92 261.9549
1479.68 261.6086
1480.43 261.2624
1481.19 260.9162
1481.94 260.5702
1482.69 260.2242
1483.45 259.8783
1484.20 259.5325
1484.96 259.1867
1485.71 258.841
1486.46 258.5055
1487.22 258.2094
1487.97 257.9133
1488.73 257.6172
1489.48 257.3213
1490.23 257.0254
1490.99 256.7295
1491.74 256.4338
1492.50 256.1381
1493.25 255.8424
1494.00 255.4854
1494.76 255.0002
1495.51 254.5151
1496.27 254.0301
1497.02 253.5452
1497.77 253.0604
1498.53 252.5758
1499.28 252.0912
1500.04 251.6078
1500.79 251.1455
1501.54 250.7582
1502.30 250.4882
1503.05 250.2183
1503.81 249.9484
1504.56 249.6785
1505.31 249.4086
1506.07 249.1388
1506.82 248.869
1507.58 248.5992
1508.33 248.3294
1509.08 248.1458
1509.84 248.0899
1510.59 248.034
1511.35 247.9781
1512.10 247.9222
1512.85 247.8663
1513.61 247.8104
1514.36 247.7545
1515.12 247.6986
1515.87 247.6427
1516.62 247.5186
1517.38 247.2748
1518.13 247.0311
1518.89 246.7874
1519.64 246.5437
1520.39 246.3
1521.15 246.0564
1521.90 245.8127
1522.66 245.5691
1523.41 245.3255
1524.16 245.069
1524.92 244.7799
1525.67 244.4908
1526.43 244.2018
1527.18 243.9127
1527.93 243.6237
1528.69 243.3347
1529.44 243.0458
1530.20 242.7568
1530.95 242.4679
1531.70 242.1827
1532.46 241.9185
1533.21 241.6543
1533.97 241.3902
1534.72 241.126
1535.47 240.8619
1536.23 240.5978
1536.98 240.3337
1537.74 240.0696
1538.49 239.8056
1539.24 239.5416
1540.00 239.2253
1540.75 238.9071
1541.51 238.589
1542.26 238.2709
1543.01 237.9528
1543.77 237.6347
1544.52 237.3167
1545.28 236.9987
1546.03 236.6807
1546.78 236.3627
1547.54 236.0175
1548.29 235.6621
1549.05 235.3067
1549.80 234.9514
1550.55 234.5991
1551.31 234.2478
1552.06 233.8967
1552.82 233.5455
1553.57 233.1943
1554.32 232.8431
1555.08 232.4986
1555.83 232.1625
1556.59 231.8264
1557.34 231.4904
1558.09 231.1544
1558.85 230.8184
1559.60 230.4824
1560.36 230.1464
1561.11 229.8104
1561.86 229.4744
1562.62 229.1262
1563.37 228.6718
1564.13 228.2175
1564.88 227.7631
1565.63 227.3088
1566.39 226.8545
1567.14 226.4002
1567.90 225.9459
1568.65 225.4917
1569.40 225.0374
1570.16 224.5832
1570.91 224.1174
1571.67 223.6468
1572.42 223.1762
1573.17 222.7056
1573.93 222.235
1574.68 221.7645
1575.44 221.294
1576.19 220.8235
1576.94 220.353
1577.70 219.8825
1578.45 219.4436
1579.21 219.0909
1579.96 218.7382
1580.71 218.3855
1581.47 218.0328
1582.22 217.6801
1582.98 217.3275
1583.73 216.9748
1584.48 216.6222
1585.24 216.2696
1585.99 215.917
1586.75 215.7281
1587.50 215.5898
1588.25 215.4515
1589.01 215.3132
1589.76 215.1749
1590.52 215.0367
1591.27 214.8984
1592.02 214.7601
1592.78 214.6219
1593.53 214.4836
1594.29 214.3509
1595.04 214.238
1595.79 214.1251
1596.55 214.0122
1597.30 213.8993
1598.06 213.7864
1598.81 213.6735
1599.56 213.5607
1600.32 213.4446
1601.07 213.3242
1601.83 213.2039
1602.58 212.9565
1603.33 212.6281
1604.09 212.2997
1604.84 211.9713
1605.60 211.643
1606.35 211.3147
1607.10 210.9864
1607.86 210.6581
1608.61 210.3299
1609.37 210.0018
1610.12 209.6736
1610.87 209.4381
1611.63 209.2064
1612.38 208.9748
1613.14 208.7432
1613.89 208.5116
1614.64 208.2801
1615.40 208.0485
1616.15 207.817
1616.91 207.5855
1617.66 207.3541
1618.41 207.15
1619.17 207.0252
1619.92 206.9003
1620.68 206.7754
1621.43 206.6506
1622.18 206.5258
1622.94 206.4009
1623.69 206.2761
1624.45 206.1513
1625.20 206.0265
1625.95 205.9018
1626.71 205.6377
1627.46 205.2275
1628.22 204.8174
1628.97 204.4074
1629.72 203.9973
1630.48 203.5873
1631.23 203.1774
1631.99 202.7675
1632.74 202.3576
1633.49 201.9478
1634.25 201.538
1635.00 201.1167
1635.76 200.6899
1636.51 200.2632
1637.26 199.8366
1638.02 199.4099
1638.77 198.9833
1639.53 198.5568
1640.28 198.1303
1641.03 197.7038
1641.79 197.2774
1642.54 196.8511
1643.30 196.6724
1644.05 196.5542
1644.80 196.436
1645.56 196.3179
1646.31 196.1997
1647.07 196.0816
1647.82 195.9635
1648.57 195.8454
1649.33 195.7273
1650.08 195.6077
1650.84 195.4758
1651.59 195.3125
1652.34 195.1448
1653.10 194.9771
1653.85 194.8094
1654.61 194.6418
1655.36 194.4742
1656.11 194.3066
1656.87 194.1391
1657.62 193.9716
1658.38 193.8042
1659.13 193.6368
1659.88 193.2624
1660.64 192.8636
1661.39 192.4649
1662.15 192.0662
1662.90 191.6677
1663.65 191.2692
1664.41 190.8709
1665.16 190.4726
1665.92 190.0744
1666.67 189.6764
1667.42 189.2784
1668.18 188.7819
1668.93 188.2695
1669.69 187.7572
1670.44 187.245
1671.19 186.7329
1671.95 186.2209
1672.70 185.7091
1673.46 185.1974
1674.21 184.6858
1674.96 184.1743
1675.72 183.6629
1676.47 183.3208
1677.23 183.0287
1677.98 182.7367
1678.73 182.4448
1679.49 182.1529
1680.24 181.8611
1681.00 181.5694
1681.75 181.2777
1682.50 180.9861
1683.26 180.6946
1684.01 180.4031
1684.77 180.2406
1685.52 180.1535
1686.27 180.0664
1687.03 179.9793
1687.78 179.8922
1688.54 179.8051
1689.29 179.7181
1690.04 179.631
1690.80 179.544
1691.55 179.457
1692.31 179.37
1693.06 179.2118
1693.81 178.9569
1694.57 178.7022
1695.32 178.4475
1696.08 178.1928
1696.83 177.9382
1697.58 177.6837
1698.34 177.4292
1699.09 177.1748
1699.85 176.9205
1700.60 176.6812
1701.35 176.433
1702.11 176.1202
1702.86 175.8075
1703.62 175.4947
1704.37 175.1819
1705.12 174.8692
1705.88 174.5565
1706.63 174.2438
1707.39 173.9311
1708.14 173.6184
1708.89 173.3057
1709.65 172.993
1710.40 172.6903
1711.16 172.3894
1711.91 172.0885
1712.66 171.7876
1713.42 171.4867
1714.17 171.1858
1714.93 170.8849
1715.68 170.584
1716.43 170.2832
1717.19 169.9823
1717.94 169.6815
1718.70 169.33
1719.45 168.9247
1720.20 168.5194
1720.96 168.1142
1721.71 167.709
1722.47 167.3038
1723.22 166.8986
1723.97 166.4934
1724.73 166.0882
1725.48 165.6831
1726.24 165.2779
1726.99 164.873
1727.74 164.4718
1728.50 164.0706
1729.25 163.6694
1730.01 163.2682
1730.76 162.8671
1731.51 162.4659
1732.27 162.0648
1733.02 161.6637
1733.78 161.2625
1734.53 160.8615
1735.28 160.4604
1736.04 160.2119
1736.79 160.0796
1737.55 159.9473
1738.30 159.8151
1739.05 159.6828
1739.81 159.5505
1740.56 159.4183
1741.32 159.286
1742.07 159.1538
1742.82 159.0215
1743.58 158.8893
1744.33 158.7588
1745.09 158.6856
1745.84 158.6124
1746.59 158.5392
1747.35 158.4661
1748.10 158.3929
1748.86 158.3197
1749.61 158.2465
1750.36 158.1679
1751.12 158.0835
1751.87 157.9991
1752.63 157.9147
1753.38 157.7905
1754.13 157.6125
1754.89 157.4345
1755.64 157.2565
1756.40 157.0785
1757.15 156.9006
1757.90 156.7227
1758.66 156.5448
1759.41 156.3669
1760.17 156.1891
1760.92 156.0113
1761.67 155.8336
1762.43 155.6168
1763.18 155.3881
1763.94 155.1595
1764.69 154.9309
1765.44 154.7023
1766.20 154.4738
1766.95 154.2454
1767.71 154.0169
1768.46 153.7885
1769.21 153.5602
1769.97 153.3319
1770.72 153.1028
1771.48 152.8599
1772.23 152.6171
1772.98 152.3744
1773.74 152.1317
1774.49 151.889
1775.25 151.6463
1776.00 151.4037
1776.75 151.1612
1777.51 150.9187
1778.26 150.6762
1779.02 150.4338
1779.77 150.1994
1780.52 149.9858
1781.28 149.7722
1782.03 149.5587
1782.79 149.3452
1783.54 149.1318
1784.29 148.9184
1785.05 148.705
1785.80 148.4917
1786.56 148.2784
1787.31 148.0651
1788.06 147.8518
1788.82 147.627
1789.57 147.3872
1790.33 147.1474
1791.08 146.9076
1791.83 146.6679
1792.59 146.4282
1793.34 146.1886
1794.10 145.949
1794.85 145.7094
1795.60 145.4699
1796.36 145.2304
1797.11 144.991
1797.87 144.7149
1798.62 144.4092
1799.37 144.1036
1800.13 143.7997
1800.88 143.5045
1801.64 143.2092
1802.39 142.9139
1803.14 142.6187
1803.90 142.3235
1804.65 142.0283
1805.41 141.733
1806.16 141.4378
1806.91 141.1048
1807.67 140.7453
1808.42 140.3858
1809.18 140.0264
1809.93 139.6669
1810.68 139.3075
1811.44 138.948
1812.19 138.5886
1812.95 138.2292
1813.70 137.8698
1814.45 137.5105
1815.21 137.1511
1815.96 136.8994
1816.72 136.7279
1817.47 136.5565
1818.22 136.385
1818.98 136.2136
1819.73 136.0421
1820.49 135.8707
1821.24 135.6992
1821.99 135.5278
1822.75 135.3564
1823.50 135.185
1824.26 135.0136
1825.01 134.8821
1825.76 134.7899
1826.52 134.6978
1827.27 134.6056
1828.03 134.5134
1828.78 134.4213
1829.53 134.3291
1830.29 134.237
1831.04 134.1448
1831.80 134.0527
1832.55 133.9605
1833.30 133.8684
1834.06 133.74
1834.81 133.5496
1835.57 133.3592
1836.32 133.1688
1837.07 132.9785
1837.83 132.7881
1838.58 132.5978
1839.34 132.4074
1840.09 132.2171
1840.84 132.0267
1841.60 131.8364
1842.35 131.6461
1843.11 131.4549
1843.86 131.2598
1844.61 131.0646
1845.37 130.8695
1846.12 130.6743
1846.88 130.4792
1847.63 130.284
1848.38 130.0889
1849.14 129.8938
1849.89 129.6987
1850.65 129.5056
1851.40 129.3128
1852.15 129.12
1852.91 128.8679
1853.66 128.61
1854.42 128.3522
1855.17 128.0944
1855.92 127.8366
1856.68 127.5788
1857.43 127.321
1858.19 127.0631
1858.94 126.8053
1859.69 126.5475
1860.45 126.2897
1861.20 126.0319
1861.96 125.7219
1862.71 125.3779
1863.46 125.0338
1864.22 124.6898
1864.97 124.3457
1865.73 124.0017
1866.48 123.6576
1867.23 123.3136
1867.99 122.9696
1868.74 122.6255
1869.50 122.2815
1870.25 121.9374
1871.00 121.6285
1871.76 121.4461
1872.51 121.2636
1873.27 121.0812
1874.02 120.8987
1874.77 120.7162
1875.53 120.5338
1876.28 120.3513
1877.04 120.1689
1877.79 119.9864
1878.54 119.8039
1879.30 119.6215
1880.05 119.439
1880.81 119.3466
1881.56 119.2799
1882.31 119.2132
1883.07 119.1465
1883.82 119.0799
1884.58 119.0132
1885.33 118.9465
1886.08 118.8799
1886.84 118.8132
1887.59 118.7465
1888.35 118.6799
1889.10 118.6132
1889.85 118.5381
1890.61 118.4404
1891.36 118.3426
1892.12 118.2449
1892.87 118.1472
1893.62 118.0494
1894.38 117.9517
1895.13 117.8539
1895.89 117.7562
1896.64 117.6585
1897.39 117.5607
1898.15 117.463
1898.90 117.3652
1899.66 117.2771
1900.41 117.1928
1901.16 117.1085
1901.92 117.0242
1902.67 116.9399
1903.43 116.8556
1904.18 116.7713
1904.93 116.687
1905.69 116.6027
1906.44 116.5184
1907.20 116.4341
1907.95 116.3498
1908.70 116.2608
1909.46 116.1112
1910.21 115.9616
1910.97 115.8119
1911.72 115.6623
1912.47 115.5126
1913.23 115.363
1913.98 115.2134
1914.74 115.0637
1915.49 114.9141
1916.24 114.7644
1917.00 114.6148
1917.75 114.4652
1918.51 114.291
1919.26 114.0768
1920.01 113.8626
1920.77 113.6484
1921.52 113.4342
1922.28 113.22
1923.03 113.0058
1923.78 112.7915
1924.54 112.5773
1925.29 112.3631
1926.05 112.1489
1926.80 111.9347
1927.55 111.7205
1928.31 111.4722
1929.06 111.2031
1929.82 110.934
1930.57 110.6649
1931.32 110.3958
1932.08 110.1267
1932.83 109.8576
1933.59 109.5886
1934.34 109.3195
1935.09 109.0504
1935.85 108.7813
1936.60 108.5122
1937.36 108.2431
1938.11 108.0307
1938.86 107.8329
1939.62 107.635
1940.37 107.4372
1941.13 107.2393
1941.88 107.0415
1942.63 106.8437
1943.39 106.6458
1944.14 106.448
1944.90 106.2501
1945.65 106.0523
1946.40 105.8545
1947.16 105.6566
1947.91 105.6174
1948.67 105.5924
1949.42 105.5673
1950.17 105.5419
1950.93 105.515
1951.68 105.488
1952.44 105.4611
1953.19 105.4342
1953.94 105.4073
1954.70 105.3804
1955.45 105.3535
1956.21 105.3266
1956.96 105.2996
1957.71 105.2147
1958.47 105.1274
1959.22 105.0401
1959.98 104.9528
1960.73 104.8655
1961.48 104.7782
1962.24 104.6909
1962.99 104.6036
1963.75 104.5163
1964.50 104.429
1965.25 104.3417
1966.01 104.2544
1966.76 104.1671
1967.52 104.0264
1968.27 103.8829
1969.02 103.7394
1969.78 103.5959
1970.53 103.4525
1971.29 103.309
1972.04 103.1655
1972.79 103.022
1973.55 102.8786
1974.30 102.7351
1975.06 102.5917
1975.81 102.4482
1976.56 102.3048
1977.32 102.1773
1978.07 102.0522
1978.83 101.9271
1979.58 101.802
1980.33 101.6769
1981.09 101.5518
1981.84 101.4267
1982.60 101.3016
1983.35 101.1766
1984.10 101.0515
1984.86 100.9264
1985.61 100.8014
1986.37 100.6763
1987.12 100.5619
1987.87 100.4515
1988.63 100.3411
1989.38 100.2307
1990.14 100.1203
1990.89 100.0099
1991.64 99.89948
1992.40 99.78908
1993.15 99.67869
1993.91 99.56831
1994.66 99.45792
1995.41 99.34754
1996.17 99.23717
1996.92 99.12895
1997.68 99.02271
1998.43 98.91648
1999.18 98.81025
1999.94 98.70403
2000.69 98.59456
2001.45 98.48481
2002.20 98.37507
2002.95 98.26534
2003.71 98.15563
2004.46 98.04592
2005.22 97.93623
2005.97 97.82655
2006.72 97.71058
2007.48 97.5736
2008.23 97.43665
2008.99 97.2997
2009.74 97.16277
2010.49 97.02586
2011.25 96.88896
2012.00 96.75207
2012.76 96.6152
2013.51 96.47834
2014.26 96.3415
2015.02 96.20467
2015.77 96.06785
2016.53 95.93105
2017.28 95.77494
2018.03 95.61641
2018.79 95.45791
2019.54 95.29942
2020.30 95.14095
2021.05 94.98249
2021.80 94.82406
2022.56 94.66563
2023.31 94.50723
2024.07 94.34884
2024.82 94.19047
2025.57 94.03211
2026.33 93.87377
2027.08 93.72897
2027.84 93.59883
2028.59 93.46871
2029.34 93.3386
2030.10 93.2085
2030.85 93.07842
2031.61 92.94835
2032.36 92.81829
2033.11 92.68824
2033.87 92.55821
2034.62 92.4282
2035.38 92.2982
2036.13 92.16821
2036.88 92.03835
2037.64 91.93125
2038.39 91.82416
2039.15 91.71708
2039.90 91.61001
2040.65 91.50296
2041.41 91.39591
2042.16 91.28888
2042.92 91.18186
2043.67 91.07484
2044.42 90.96784
2045.18 90.86085
2045.93 90.75387
2046.69 90.6469
2047.44 90.52943
2048.19 90.39916
2048.95 90.26891
2049.70 90.13867
2050.46 90.00844
2051.21 89.87823
2051.96 89.74803
2052.72 89.61784
2053.47 89.48767
2054.23 89.35751
2054.98 89.22737
2055.73 89.09723
2056.49 88.96712
2057.24 88.83701
2058.00 88.71037
2058.75 88.58439
2059.50 88.45842
2060.26 88.33246
2061.01 88.20652
2061.77 88.08059
2062.52 87.95467
2063.27 87.82877
2064.03 87.70288
2064.78 87.577
2065.54 87.45113
2066.29 87.32528
2067.04 87.19944
2067.80 87.0758
2068.55 86.96397
2069.31 86.85214
2070.06 86.74032
2070.81 86.62852
2071.57 86.51673
2072.32 86.40495
2073.08 86.29318
2073.83 86.18142
2074.58 86.06968
2075.34 85.95794
2076.09 85.84622
2076.85 85.73451
2077.60 85.62281
2078.35 85.50596
2079.11 85.38148
2079.86 85.25702
2080.62 85.13257
2081.37 85.00813
2082.12 84.8837
2082.88 84.75929
2083.63 84.63489
2084.39 84.5105
2085.14 84.38612
2085.89 84.26176
2086.65 84.13741
2087.40 84.01308
2088.16 83.88876
2088.91 83.77444
2089.66 83.66727
2090.42 83.56011
2091.17 83.45296
2091.93 83.34582
2092.68 83.23869
2093.43 83.13158
2094.19 83.02447
2094.94 82.91738
2095.70 82.8103
2096.45 82.70322
2097.20 82.59616
2097.96 82.48911
2098.71 82.38208
2099.47 82.28005
2100.22 82.18019
2100.97 82.08035
2101.73 81.98052
2102.48 81.88069
2103.24 81.78088
2103.99 81.68108
2104.74 81.58129
2105.50 81.48151
2106.25 81.38174
2107.01 81.28198
2107.76 81.18223
2108.51 81.08249
2109.27 80.98276
2110.02 80.87491
2110.78 80.76411
2111.53 80.65331
2112.28 80.54253
2113.04 80.43175
2113.79 80.32099
2114.55 80.21024
2115.30 80.0995
2116.05 79.98878
2116.81 79.87806
2117.56 79.76736
2118.32 79.65667
2119.07 79.54599
2119.82 79.43532
2120.58 79.33328
2121.33 79.23471
2122.09 79.13615
2122.84 79.0376
2123.59 78.93906
2124.35 78.84053
2125.10 78.74201
2125.86 78.6435
2126.61 78.545
2127.36 78.44651
2128.12 78.34803
2128.87 78.24957
2129.63 78.15111
2130.38 78.05266
2131.13 77.95541
2131.89 77.85895
2132.64 77.76251
2133.40 77.66607
2134.15 77.56964
2134.90 77.47323
2135.66 77.37682
2136.41 77.28042
2137.17 77.18404
2137.92 77.08766
2138.67 76.9913
2139.43 76.89494
2140.18 76.79859
2140.94 76.70226
2141.69 76.59208
2142.44 76.46413
2143.20 76.33619
2143.95 76.20827
2144.71 76.08035
2145.46 75.95246
2146.21 75.82457
2146.97 75.6967
2147.72 75.56884
2148.48 75.441
2149.23 75.31316
2149.98 75.18535
2150.74 75.05754
2151.49 74.92975
2152.25 74.79434
2153.00 74.62718
2153.75 74.46003
2154.51 74.29291
2155.26 74.12579
2156.02 73.9587
2156.77 73.79163
2157.52 73.62457
2158.28 73.45753
2159.03 73.29051
2159.79 73.1235
2160.54 72.95652
2161.29 72.78955
2162.05 72.6226
2162.80 72.45567
2163.56 72.35551
2164.31 72.26418
2165.06 72.17287
2165.82 72.08156
2166.57 71.99026
2167.33 71.89897
2168.08 71.80769
2168.83 71.71642
2169.59 71.62516
2170.34 71.53391
2171.10 71.44267
2171.85 71.35144
2172.60 71.26022
2173.36 71.16901
2174.11 71.10217
2174.87 71.06037
2175.62 71.01857
2176.37 70.97677
2177.13 70.93498
2177.88 70.89319
2178.64 70.85141
2179.39 70.80963
2180.14 70.76785
2180.90 70.72608
2181.65 70.68431
2182.41 70.64255
2183.16 70.60079
2183.91 70.55903
2184.67 70.5163
2185.42 70.448
2186.18 70.37971
2186.93 70.31143
2187.68 70.24316
2188.44 70.17489
2189.19 70.10663
2189.95 70.03837
2190.70 69.97013
2191.45 69.90189
2192.21 69.83366
2192.96 69.76543
2193.72 69.69721
2194.47 69.629
2195.22 69.5608
2195.98 69.48072
2196.73 69.38945
2197.49 69.29819
2198.24 69.20694
2198.99 69.1157
2199.75 69.02447
2200.50 68.93325
2201.26 68.84204
2202.01 68.75084
2202.76 68.65964
2203.52 68.56846
2204.27 68.47729
2205.03 68.38612
2205.78 68.29497
2206.53 68.20382
2207.29 68.12162
2208.04 68.04028
2208.80 67.95895
2209.55 67.87763
2210.30 67.79632
2211.06 67.71501
2211.81 67.63371
2212.57 67.55243
2213.32 67.47115
2214.07 67.38988
2214.83 67.30861
2215.58 67.22736
2216.34 67.14611
2217.09 67.06488
2217.84 66.98373
2218.60 66.90286
2219.35 66.822
2220.11 66.74114
2220.86 66.66029
2221.61 66.57946
2222.37 66.49863
2223.12 66.41781
2223.88 66.337
2224.63 66.25619
2225.38 66.1754
2226.14 66.09461
2226.89 66.01383
2227.65 65.93306
2228.40 65.8523
2229.15 65.76801
2229.91 65.67993
2230.66 65.59186
2231.42 65.5038
2232.17 65.41575
2232.92 65.3277
2233.68 65.23967
2234.43 65.15165
2235.19 65.06363
2235.94 64.97563
2236.69 64.88763
2237.45 64.79965
2238.20 64.71167
2238.96 64.6237
2239.71 64.53574
2240.46 64.4481
2241.22 64.36061
2241.97 64.27313
2242.73 64.18566
2243.48 64.0982
2244.23 64.01074
2244.99 63.9233
2245.74 63.83587
2246.50 63.74844
2247.25 63.66103
2248.00 63.57362
2248.76 63.48622
2249.51 63.39883
2250.27 63.31064
2251.02 63.22096
2251.77 63.13634
2252.53 63.0532
2253.28 62.97008
2254.04 62.88697
2254.79 62.80388
2255.54 62.7208
2256.30 62.63774
2257.05 62.55468
2257.81 62.47165
2258.56 62.38862
2259.31 62.30562
2260.07 62.22262
2260.82 62.13964
2261.58 62.05667
2262.33 61.97372
2263.08 61.89232
2263.84 61.81131
2264.59 61.73031
2265.35 61.64933
2266.10 61.56837
2266.85 61.48741
2267.61 61.40647
2268.36 61.32555
2269.12 61.24463
2269.87 61.16374
2270.62 61.08285
2271.38 61.00198
2272.13 60.92112
2272.89 60.84028
2273.64 60.75945
2274.39 60.67328
2275.15 60.58532
2275.90 60.49737
2276.66 60.40944
2277.41 60.32152
2278.16 60.23362
2278.92 60.14573
2279.67 60.05786
2280.43 59.97
2281.18 59.88216
2281.93 59.79433
2282.69 59.70652
2283.44 59.61873
2284.20 59.53095
2284.95 59.44318
2285.70 59.35757
2286.46 59.27324
2287.21 59.18893
2287.97 59.10463
2288.72 59.02034
2289.47 58.93607
2290.23 58.85182
2290.98 58.76758
2291.74 58.68335
2292.49 58.59914
2293.24 58.51494
2294.00 58.43076
2294.75 58.34659
2295.51 58.26243
2296.26 58.17829
2297.01 58.09879
2297.77 58.02544
2298.52 57.9521
2299.28 57.87877
2300.03 57.80541
2300.78 57.73105
2301.54 57.6567
2302.29 57.58237
2303.05 57.50805
2303.80 57.43375
2304.55 57.35946
2305.31 57.28518
2306.06 57.21093
2306.82 57.13668
2307.57 57.06245
2308.32 56.98584
2309.08 56.89577
2309.83 56.80571
2310.59 56.71568
2311.34 56.62566
2312.09 56.53566
2312.85 56.44568
2313.60 56.35572
2314.36 56.26578
2315.11 56.17586
2315.86 56.08595
2316.62 55.99606
2317.37 55.9062
2318.13 55.81635
2318.88 55.72651
2319.63 55.6367
2320.39 55.55549
2321.14 55.47637
2321.90 55.39725
2322.65 55.31816
2323.40 55.23908
2324.16 55.16001
2324.91 55.08097
2325.67 55.00193
2326.42 54.92292
2327.17 54.84392
2327.93 54.76494
2328.68 54.68597
2329.44 54.60702
2330.19 54.52809
2330.94 54.44917
2331.70 54.37595
2332.45 54.31193
2333.21 54.24793
2333.96 54.18394
2334.71 54.11996
2335.47 54.056
2336.22 53.99204
2336.98 53.92811
2337.73 53.86418
2338.48 53.80027
2339.24 53.73637
2339.99 53.67248
2340.75 53.60861
2341.50 53.54474
2342.25 53.4809
2343.01 53.41706
2343.76 53.34085
2344.52 53.26294
2345.27 53.18505
2346.02 53.10717
2346.78 53.02931
2347.53 52.95146
2348.29 52.87363
2349.04 52.79582
2349.79 52.71802
2350.55 52.64024
2351.30 52.56247
2352.06 52.48472
2352.81 52.40698
2353.56 52.32927
2354.32 52.25156
2355.07 52.17693
2355.83 52.10964
2356.58 52.04235
2357.33 51.97509
2358.09 51.90783
2358.84 51.84059
2359.60 51.77336
2360.35 51.70615
2361.10 51.63895
2361.86 51.57176
2362.61 51.50459
2363.37 51.43743
2364.12 51.37029
2364.87 51.30316
2365.63 51.23604
2366.38 51.16894
2367.14 51.09756
2367.89 51.02369
2368.64 50.94984
2369.40 50.876
2370.15 50.80218
2370.91 50.72837
2371.66 50.65458
2372.41 50.58081
2373.17 50.50705
2373.92 50.4333
2374.68 50.35957
2375.43 50.28585
2376.18 50.21215
2376.94 50.13847
2377.69 50.0648
2378.45 49.99114
2379.20 49.92658
2379.95 49.86318
2380.71 49.79978
2381.46 49.7364
2382.22 49.67303
2382.97 49.60967
2383.72 49.54633
2384.48 49.483
2385.23 49.41968
2385.99 49.35637
2386.74 49.29308
2387.49 49.2298
2388.25 49.16653
2389.00 49.10328
2389.76 49.04004
2390.51 48.97757
2391.26 48.92582
2392.02 48.87407
2392.77 48.82234
2393.53 48.77061
2394.28 48.7189
2395.03 48.6672
2395.79 48.6155
2396.54 48.56382
2397.30 48.51215
2398.05 48.46049
2398.80 48.40884
2399.56 48.35719
2400.31 48.30594
2401.07 48.25522
2401.82 48.20451
2402.57 48.15088
2403.33 48.08375
2404.08 48.01664
2404.84 47.94953
2405.59 47.88244
2406.34 47.81536
2407.10 47.74829
2407.85 47.68123
2408.61 47.61419
2409.36 47.54715
2410.11 47.48013
2410.87 47.41312
2411.62 47.34612
2412.38 47.27913
2413.13 47.21216
2413.88 47.14519
2414.64 47.07993
2415.39 47.0216
2416.15 46.96327
2416.90 46.90496
2417.65 46.84666
2418.41 46.78836
2419.16 46.73008
2419.92 46.67181
2420.67 46.61355
2421.42 46.55529
2422.18 46.49705
2422.93 46.43882
2423.69 46.38059
2424.44 46.32238
2425.19 46.26418
2425.95 46.20599
2426.70 46.14821
2427.46 46.09305
2428.21 46.0379
2428.96 45.98276
2429.72 45.92763
2430.47 45.87251
2431.23 45.8174
2431.98 45.7623
2432.73 45.70721
2433.49 45.65213
2434.24 45.59705
2435.00 45.54199
2435.75 45.48693
2436.50 45.43189
2437.26 45.37686
2438.01 45.32183
2438.77 45.26681
2439.52 45.20255
2440.27 45.13825
2441.03 45.07396
2441.78 45.00968
2442.54 44.94541
2443.29 44.88115
2444.04 44.8169
2444.80 44.75267
2445.55 44.68844
2446.31 44.62423
2447.06 44.56003
2447.81 44.49584
2448.57 44.43166
2449.32 44.36749
