# 10 Jun 2021; convolved with Kurucz, unnormalized
# Wavelength(nm)  Flambda(ergs/cm^s/s/nm)
150.38 0.0007006208
151.13 0.0009789456
151.88 0.001348421
152.64 0.002381557
153.39 0.004081378
154.15 0.005068388
154.90 0.005676009
155.65 0.006810765
156.41 0.008402166
157.16 0.0108841
157.92 0.01372582
158.67 0.01649857
159.42 0.01765873
160.18 0.01869211
160.93 0.02055478
161.69 0.02257771
162.44 0.02494531
163.19 0.02875123
163.95 0.03326044
164.70 0.035426
165.46 0.03464283
166.21 0.03869875
166.96 0.04636052
167.72 0.06275828
168.47 0.09204931
169.23 0.1278269
169.98 0.1583036
170.73 0.1790163
171.49 0.1984926
172.24 0.2303463
173.00 0.2728939
173.75 0.3480012
174.50 0.4387265
175.26 0.5094256
176.01 0.5382047
176.77 0.5544999
177.52 0.6067927
178.27 0.7070086
179.03 0.8187874
179.78 0.8891328
180.54 0.8972583
181.29 0.9027477
182.04 0.9472623
182.80 1.009677
183.55 0.9995604
184.31 0.9877428
185.06 1.091345
185.81 1.294679
186.57 1.522961
187.32 1.66478
188.08 1.81914
188.83 1.996454
189.58 2.138617
190.34 2.212028
191.09 2.286847
191.85 2.238701
192.60 2.141701
193.35 2.160825
194.11 2.4694
194.86 2.986117
195.62 3.445552
196.37 3.814881
197.12 4.068124
197.88 4.149375
198.63 4.270528
199.39 4.403249
200.14 4.528432
200.89 4.609216
201.65 4.634661
202.40 4.773377
203.16 5.079965
203.91 5.649584
204.66 6.065147
205.42 6.389474
206.17 6.697827
206.93 7.367846
207.68 8.450742
208.43 10.42354
209.19 13.65983
209.94 19.89053
210.70 25.41659
211.45 29.679
212.20 30.84698
212.96 32.43269
213.71 34.70703
214.47 37.91793
215.22 38.57228
215.97 37.86724
216.73 36.40966
217.48 37.89928
218.24 41.06656
218.99 44.38133
219.74 45.10593
220.50 43.43353
221.25 42.52302
222.01 45.21793
222.76 51.63662
223.51 56.29174
224.27 56.1761
225.02 50.44265
225.78 45.37319
226.53 42.91241
227.28 45.38767
228.04 48.72835
228.79 52.31707
229.55 53.95426
230.30 55.03334
231.05 55.66698
231.81 52.05328
232.56 46.90615
233.32 40.46665
234.07 36.75155
234.82 34.54664
235.58 34.57579
236.33 33.12351
237.09 30.69084
237.84 28.30761
238.59 26.56425
239.35 25.58603
240.10 27.16632
240.86 30.6829
241.61 38.21143
242.36 45.33379
243.12 51.99745
243.87 55.06699
244.63 57.02171
245.38 57.6295
246.13 53.65995
246.89 48.22919
247.64 40.70402
248.40 36.20242
249.15 34.12265
249.90 35.35437
250.66 35.7776
251.41 32.72061
252.17 31.54868
252.92 31.72464
253.67 41.74111
254.43 54.84782
255.18 75.08071
255.94 92.91037
256.69 108.6567
257.44 111.2873
258.20 109.7912
258.95 97.83845
259.71 87.6852
260.46 80.12228
261.21 86.71682
261.97 99.7818
262.72 148.8111
263.48 202.1093
264.23 264.4406
264.98 304.7435
265.74 319.0002
266.49 317.7592
267.25 309.8261
268.00 308.3854
268.75 305.3411
269.51 290.6536
270.26 270.0161
271.02 239.074
271.77 209.3609
272.52 180.5651
273.28 161.786
274.03 146.0669
274.79 154.5033
275.54 165.1498
276.29 182.409
277.05 187.7574
277.80 164.8519
278.56 140.0815
279.31 113.0906
280.06 121.7068
280.82 153.518
281.57 199.8851
282.33 251.2444
283.08 247.5237
283.83 236.127
284.59 211.7684
285.34 194.7935
286.10 237.0084
286.85 282.7931
287.60 341.48
288.36 399.6764
289.11 456.6653
289.87 506.2247
290.62 544.2265
291.37 562.2738
292.13 557.4813
292.88 546.2361
293.64 529.2669
294.39 520.2225
295.14 516.7797
295.90 513.5748
296.65 510.507
297.41 512.5415
298.16 517.1433
298.91 526.5902
299.67 538.2147
300.42 548.9583
301.18 559.3436
301.93 575.9594
302.68 595.1102
303.44 610.6527
304.19 624.717
304.95 631.3847
305.70 634.7831
306.45 640.8776
307.21 648.3153
307.96 645.8272
308.72 637.5948
309.47 643.3462
310.22 658.8818
310.98 675.2687
311.73 692.4008
312.49 697.3977
313.24 688.582
313.99 679.1766
314.75 668.8642
315.50 663.006
316.26 667.2631
317.01 672.0782
317.76 678.9894
318.52 685.5039
319.27 688.4714
320.03 691.441
320.78 679.678
321.53 667.6606
322.29 666.486
323.04 667.125
323.80 707.2453
324.55 762.9674
325.30 817.6332
326.06 871.5082
326.81 907.2969
327.57 916.6843
328.32 923.2097
329.07 920.3749
329.83 917.2554
330.58 909.1409
331.34 901.0148
332.09 895.2249
332.84 889.8107
333.60 870.8699
334.35 844.786
335.11 813.7864
335.86 776.5382
336.61 747.9437
337.37 751.3726
338.12 754.8039
338.88 771.911
339.63 789.3708
340.38 794.3159
341.14 794.551
341.89 798.6241
342.65 807.0876
343.40 820.2624
344.15 852.7198
344.91 885.2122
345.66 916.3137
346.42 947.3115
347.17 969.2756
347.92 985.6559
348.68 999.3567
349.43 1007.15
350.19 1014.951
350.94 1014.789
351.69 1014.593
352.45 1021.333
353.20 1031.543
353.96 1031.819
354.71 1011.551
355.46 991.2584
356.22 936.2456
356.97 880.2256
357.73 861.2176
358.48 866.0278
359.23 877.8577
359.99 912.7529
360.74 947.6835
361.50 966.159
362.25 981.6217
363.00 1002.992
363.76 1031.719
364.51 1060.72
365.27 1096.902
366.02 1133.12
366.77 1147.677
367.53 1148.373
368.28 1146.853
369.04 1134.791
369.79 1122.715
370.54 1096.22
371.30 1064.243
372.05 1030.721
372.81 992.9471
373.56 955.1331
374.31 967.35
375.07 992.7516
375.82 1028.61
376.58 1088.135
377.33 1147.718
378.08 1155.701
378.84 1151.384
379.59 1130.119
380.35 1068.725
381.10 1007.269
381.85 949.2864
382.61 892.2758
383.36 851.792
384.12 864.1757
384.87 876.5698
385.62 898.7534
386.38 925.3321
387.13 953.9369
387.89 996.1364
388.64 1038.374
389.39 1071.128
390.15 1096.294
390.90 1121.481
391.66 1070.312
392.41 1016.581
393.16 980.9463
393.92 976.3631
394.67 971.7741
395.43 1007.258
396.18 1055.717
396.93 1112.241
397.69 1222.551
398.44 1332.959
399.20 1427.397
399.95 1505.235
400.70 1583.14
401.46 1603.679
402.21 1613.142
402.97 1619.216
403.72 1608.986
404.47 1598.745
405.23 1593.61
405.98 1593.726
406.74 1593.84
407.49 1609.651
408.24 1629.373
409.00 1649.066
409.75 1668.35
410.51 1687.648
411.26 1703.058
412.01 1711.983
412.77 1720.912
413.52 1725.674
414.28 1728.109
415.03 1730.543
415.78 1722.467
416.54 1713.15
417.29 1702.529
418.05 1683.529
418.80 1664.51
419.55 1649.253
420.31 1640.72
421.06 1632.178
421.82 1621.515
422.57 1609.258
423.32 1596.988
424.08 1581.462
424.83 1564.946
425.59 1548.415
426.34 1510.554
427.09 1471.591
427.85 1432.676
428.60 1394.313
429.36 1355.917
430.11 1338.698
430.86 1376.792
431.62 1414.913
432.37 1460.873
433.13 1517.757
433.88 1574.683
434.63 1613.57
435.39 1637.31
436.14 1661.066
436.90 1669.701
437.65 1670.418
438.40 1671.133
439.16 1685.574
439.91 1704.521
440.67 1723.479
441.42 1747.966
442.17 1773.544
442.93 1799.137
443.68 1813.872
444.44 1827.483
445.19 1841.102
445.94 1864.382
446.70 1888.091
447.45 1911.814
448.21 1938.814
448.96 1965.835
449.71 1992.308
450.47 1993.939
451.22 1995.896
451.98 1997.648
452.73 1993.137
453.48 1988.622
454.24 1984.494
454.99 1994.633
455.75 2004.778
456.50 2014.878
457.25 2015.506
458.01 2016.135
458.76 2016.763
459.52 2015.695
460.27 2014.574
461.02 2013.451
461.78 2012.974
462.53 2012.555
463.29 2012.135
464.04 2013.565
464.79 2015.318
465.55 2017.072
466.30 2018.424
467.06 2019.656
467.81 2020.888
468.56 2019.226
469.32 2016.151
470.07 2013.074
470.83 2015.137
471.58 2021.246
472.33 2027.359
473.09 2035.266
473.84 2045.541
474.60 2055.822
475.35 2064.293
476.10 2068.248
476.86 2072.205
477.61 2075.397
478.37 2073.329
479.12 2071.26
479.87 2069.189
480.63 2060.712
481.38 2051.898
482.14 2043.079
482.89 2019.169
483.64 1990.477
484.40 1961.768
485.15 1939.899
485.91 1923.591
486.66 1907.272
487.41 1900.754
488.17 1914.254
488.92 1927.762
489.68 1940.845
490.43 1949.492
491.18 1958.144
491.94 1966.801
492.69 1974.67
493.45 1982.385
494.20 1990.105
494.95 1989.793
495.71 1983.159
496.46 1976.52
497.22 1967.223
497.97 1950.768
498.72 1934.302
499.48 1917.826
500.23 1913.601
500.99 1909.711
501.74 1905.82
502.49 1911.146
503.25 1921.59
504.00 1932.039
504.76 1941.587
505.51 1949.078
506.26 1956.572
507.02 1964.069
507.77 1963.19
508.53 1961.865
509.28 1960.54
510.03 1954.633
510.79 1945.362
511.54 1936.086
512.30 1923.955
513.05 1899.525
513.80 1875.085
514.56 1850.632
515.31 1826.586
516.07 1802.644
516.82 1778.691
517.57 1766.917
518.33 1776.994
519.08 1787.076
519.84 1797.162
520.59 1816.483
521.34 1836.639
522.10 1856.805
522.85 1867.745
523.61 1867.857
524.36 1867.968
525.11 1868.079
525.87 1870.429
526.62 1872.813
527.38 1875.198
528.13 1881.503
528.88 1891.835
529.64 1902.171
530.39 1912.513
531.15 1908.293
531.90 1903.836
532.65 1899.376
533.41 1898.487
534.16 1901.857
534.92 1905.228
535.67 1908.6
536.42 1908.944
537.18 1908.993
537.93 1909.041
538.69 1907.466
539.44 1902.838
540.19 1898.209
540.95 1893.578
541.70 1896.22
542.46 1901.079
543.21 1905.94
543.96 1910.211
544.72 1911.556
545.47 1912.902
546.23 1914.248
546.98 1913.211
547.73 1910.238
548.49 1907.263
549.24 1904.286
550.00 1904.915
550.75 1905.646
551.50 1906.375
552.26 1906.608
553.01 1905.459
553.77 1904.309
554.52 1903.16
555.27 1898.876
556.03 1892.428
556.78 1885.978
557.54 1879.526
558.29 1878.401
559.04 1877.856
559.80 1877.31
560.55 1877.281
561.31 1879.403
562.06 1881.526
562.81 1883.649
563.57 1883.773
564.32 1881.615
565.08 1879.456
565.83 1877.296
566.58 1876.887
567.34 1877.158
568.09 1877.429
568.85 1877.7
569.60 1881.461
570.35 1885.381
571.11 1889.303
571.86 1892.821
572.62 1894.401
573.37 1895.981
574.12 1897.561
574.88 1897.426
575.63 1894.371
576.39 1891.314
577.14 1888.258
577.89 1886.79
578.65 1886.629
579.40 1886.467
580.16 1886.305
580.91 1885.789
581.66 1885.127
582.42 1884.465
583.17 1883.803
583.93 1876.787
584.68 1868.638
585.43 1860.487
586.19 1852.334
586.94 1843.529
587.70 1834.702
588.45 1825.873
589.20 1817.83
589.96 1820
590.71 1822.17
591.47 1824.34
592.22 1826.735
592.97 1830.374
593.73 1834.014
594.48 1837.655
595.24 1839.999
595.99 1837.601
596.74 1835.202
597.50 1832.802
598.25 1829.939
599.01 1825.739
599.76 1821.538
600.51 1817.298
601.27 1814.173
602.02 1813.962
602.78 1813.751
603.53 1813.54
604.28 1812.607
605.04 1809.842
605.79 1807.076
606.55 1804.31
607.30 1800.034
608.05 1791.575
608.81 1783.114
609.56 1774.652
610.32 1765.856
611.07 1755.932
611.82 1746.006
612.58 1736.078
613.33 1727.152
614.09 1723.127
614.84 1719.102
615.59 1715.076
616.35 1711.677
617.10 1714.517
617.86 1717.357
618.61 1720.197
619.36 1723.038
620.12 1720.638
620.87 1718.203
621.63 1715.767
622.38 1713.332
623.13 1710.084
623.89 1706.72
624.64 1703.355
625.40 1699.989
626.15 1699.484
626.90 1700.012
627.66 1700.54
628.41 1701.068
629.17 1699.498
629.92 1696.365
630.67 1693.231
631.43 1690.096
632.18 1687.202
632.94 1684.68
633.69 1682.157
634.44 1679.634
635.20 1677.288
635.95 1675.7
636.71 1674.111
637.46 1672.522
638.21 1670.933
638.97 1667.577
639.72 1664.159
640.48 1660.742
641.23 1657.324
641.98 1654.152
642.74 1651.076
643.49 1647.999
644.25 1644.922
645.00 1641.911
645.75 1638.98
646.51 1636.048
647.26 1633.116
648.02 1630.164
648.77 1627.116
649.52 1624.068
650.28 1620.993
651.03 1617.872
651.79 1609.896
652.54 1601.125
653.29 1592.354
654.05 1583.582
654.80 1577.24
655.56 1573.06
656.31 1568.88
657.06 1564.699
657.82 1562.4
658.57 1568.884
659.33 1575.369
660.08 1581.854
660.83 1588.34
661.59 1590.576
662.34 1591.765
663.10 1592.955
663.85 1594.144
664.60 1594.021
665.36 1591.985
666.11 1589.949
666.87 1587.913
667.62 1585.877
668.37 1583.23
669.13 1580.576
669.88 1577.922
670.64 1575.268
671.39 1572.689
672.14 1570.173
672.90 1567.657
673.65 1565.141
674.41 1562.615
675.16 1559.986
675.91 1557.357
676.67 1554.728
677.42 1552.099
678.18 1549.18
678.93 1546.069
679.68 1542.958
680.44 1539.847
681.19 1536.749
681.95 1533.776
682.70 1530.802
683.45 1527.828
684.21 1524.855
684.96 1522.582
685.72 1520.85
686.47 1519.117
687.22 1517.385
687.98 1515.648
688.73 1513.619
689.49 1511.59
690.24 1509.561
690.99 1507.531
691.75 1505.082
692.50 1502.091
693.26 1499.1
694.01 1496.109
694.76 1493.117
695.52 1489.682
696.27 1486.161
697.03 1482.64
697.78 1479.118
698.53 1475.614
699.29 1472.171
700.04 1468.725
700.80 1465.237
701.55 1461.75
702.30 1459.198
703.06 1457.344
703.81 1455.489
704.57 1453.635
705.32 1451.78
706.07 1449.396
706.83 1446.955
707.58 1444.514
708.34 1442.073
709.09 1439.319
709.84 1435.41
710.60 1431.501
711.35 1427.591
712.11 1423.682
712.86 1419.489
713.61 1415.01
714.37 1410.531
715.12 1406.052
715.88 1401.574
716.63 1398.225
717.38 1395.234
718.14 1392.243
718.89 1389.251
719.65 1386.26
720.40 1385.673
721.15 1385.09
721.91 1384.507
722.66 1383.923
723.42 1383.082
724.17 1381.282
724.92 1379.482
725.68 1377.683
726.43 1375.883
727.19 1373.715
727.94 1371
728.69 1368.285
729.45 1365.57
730.20 1362.855
730.96 1360.767
731.71 1359.158
732.46 1357.548
733.22 1355.939
733.97 1354.329
734.73 1351.305
735.48 1347.703
736.23 1344.1
736.99 1340.497
737.74 1336.894
738.50 1333.306
739.25 1329.721
740.00 1326.135
740.76 1322.55
741.51 1318.965
742.27 1318.05
743.02 1317.371
743.77 1316.691
744.53 1316.011
745.28 1315.332
746.04 1314.433
746.79 1313.532
747.54 1312.63
748.30 1311.729
749.05 1310.808
749.81 1309.238
750.56 1307.639
751.31 1306.031
752.07 1304.422
752.82 1302.795
753.58 1300.805
754.33 1298.814
755.08 1296.823
755.84 1294.833
756.59 1292.824
757.35 1290.399
758.10 1287.975
758.85 1285.55
759.61 1283.126
760.36 1280.697
761.12 1277.899
761.87 1275.101
762.62 1272.303
763.38 1269.506
764.13 1266.709
764.89 1263.924
765.64 1261.141
766.39 1258.358
767.15 1255.575
767.90 1252.792
768.66 1250.689
769.41 1248.684
770.16 1246.68
770.92 1244.677
771.67 1242.673
772.43 1241.176
773.18 1239.835
773.93 1238.494
774.69 1237.153
775.44 1235.812
776.20 1234.44
776.95 1233.052
777.70 1231.663
778.46 1230.275
779.21 1228.887
779.97 1227.121
780.72 1224.932
781.47 1222.744
782.23 1220.555
782.98 1218.367
783.74 1216.136
784.49 1213.798
785.24 1211.461
786.00 1209.124
786.75 1206.787
787.51 1204.369
788.26 1200.979
789.01 1197.589
789.77 1194.199
790.52 1190.81
791.28 1187.42
792.03 1184.801
792.78 1182.329
793.54 1179.857
794.29 1177.385
795.05 1174.913
795.80 1173.3
796.55 1172.317
797.31 1171.333
798.06 1170.35
798.82 1169.367
799.57 1168.055
800.32 1165.915
801.08 1163.766
801.83 1161.617
802.59 1159.468
803.34 1157.319
804.09 1154.978
804.85 1152.632
805.60 1150.285
806.36 1147.939
807.11 1145.593
807.86 1143.679
808.62 1142.02
809.37 1140.361
810.13 1138.702
810.88 1137.043
811.63 1135.199
812.39 1132.826
813.14 1130.453
813.90 1128.08
814.65 1125.708
815.40 1123.336
816.16 1119.822
816.91 1116.127
817.67 1112.432
818.42 1108.737
819.17 1105.043
819.93 1102.299
820.68 1100.768
821.44 1099.238
822.19 1097.708
822.94 1096.178
823.70 1094.648
824.45 1093.678
825.21 1092.715
825.96 1091.752
826.71 1090.789
827.47 1089.826
828.22 1088.015
828.98 1085.389
829.73 1082.763
830.48 1080.138
831.24 1077.512
831.99 1074.889
832.75 1072.931
833.50 1070.973
834.25 1069.014
835.01 1067.056
835.76 1065.098
836.52 1063.263
837.27 1061.565
838.02 1059.867
838.78 1058.17
839.53 1056.472
840.29 1054.775
841.04 1052.135
841.79 1049.401
842.55 1046.668
843.30 1043.935
844.06 1041.203
844.81 1037.633
845.56 1032.291
846.32 1026.95
847.07 1021.609
847.83 1016.269
848.58 1010.929
849.33 1005.435
850.09 999.874
850.84 994.3008
851.60 988.7282
852.35 983.1563
853.10 977.9696
853.86 978.8414
854.61 979.7131
855.37 980.5847
856.12 981.4561
856.87 982.3275
857.63 983.0466
858.38 983.5236
859.14 984.0005
859.89 984.4773
860.64 984.9541
861.40 985.4308
862.15 982.6235
862.91 978.3019
863.66 973.9809
864.41 969.6603
865.17 965.3403
865.92 961.0208
866.68 960.8574
867.43 960.8962
868.18 960.9351
868.94 960.9739
869.69 961.0127
870.45 961.2384
871.20 962.2353
871.95 963.2321
872.71 964.2288
873.46 965.2254
874.22 966.2218
874.97 966.2066
875.72 964.7189
876.48 963.2313
877.23 961.7438
877.99 960.2566
878.74 958.7695
879.49 957.1191
880.25 955.3546
881.00 953.5904
881.76 951.8264
882.51 950.0625
883.26 948.2989
884.02 947.2074
884.77 946.3488
885.53 945.4903
886.28 944.6319
887.03 943.7736
887.79 942.9153
888.54 942.02
889.30 941.119
890.05 940.2181
890.80 939.3173
891.56 938.4166
892.31 937.516
893.07 935.4965
893.82 933.4341
894.57 931.3719
895.33 929.3099
896.08 927.2482
896.84 925.178
897.59 922.8016
898.34 920.4256
899.10 918.0498
899.85 915.6743
900.61 913.3211
901.36 911.0359
902.11 909.6694
902.87 908.303
903.62 906.9367
904.38 905.5704
905.13 904.2042
905.88 902.8419
906.64 901.5288
907.39 900.2159
908.15 898.9031
908.90 897.5903
909.65 896.2776
910.41 894.9755
911.16 893.8976
911.92 892.8198
912.67 891.7421
913.42 890.6644
914.18 889.5868
914.93 888.5092
915.69 885.9507
916.44 883.3785
917.19 880.8065
917.95 878.2346
918.70 875.6628
919.46 873.0912
920.21 870.7361
920.96 868.4036
921.72 866.0712
922.47 863.739
923.23 861.4069
923.98 859.075
924.73 858.4948
925.49 858.3791
926.24 858.2633
927.00 858.1476
927.75 858.0318
928.50 857.9161
929.26 857.4832
930.01 856.8756
930.77 856.268
931.52 855.6604
932.27 855.0529
933.03 854.4454
933.78 853.1306
934.54 851.0124
935.29 848.8944
936.04 846.7765
936.80 844.6587
937.55 842.541
938.31 840.4722
939.06 838.5422
939.81 836.6123
940.57 834.6825
941.32 832.7529
942.08 830.8233
942.83 828.9203
943.58 828.2344
944.34 827.5486
945.09 826.8628
945.85 826.177
946.60 825.4913
947.35 824.8056
948.11 823.4971
948.86 821.9817
949.62 820.4665
950.37 818.9694
951.12 817.4912
951.88 816.0129
952.63 814.4988
953.39 812.941
954.14 811.3832
954.89 809.8253
955.65 808.2673
956.40 806.7093
957.16 805.2273
957.91 804.3278
958.66 803.4284
959.42 802.5289
960.17 801.6293
960.93 800.7298
961.68 799.8302
962.43 798.8043
963.19 797.7364
963.94 796.6685
964.70 795.6005
965.45 794.5325
966.20 793.4645
966.96 792.4288
967.71 791.4523
968.47 790.4757
969.22 789.4991
969.97 788.5224
970.73 787.5457
971.48 786.569
972.24 785.4386
972.99 784.2957
973.74 783.1526
974.50 782.0096
975.25 780.8665
976.01 779.7234
976.76 778.6419
977.51 777.6321
978.27 776.6222
979.02 775.6123
979.78 774.6024
980.53 773.5925
981.28 772.5825
982.04 771.4543
982.79 770.3224
983.55 769.1904
984.30 768.0584
985.05 766.9264
985.81 765.7944
986.56 764.7021
987.32 763.6598
988.07 762.6175
988.82 761.5751
989.58 760.5328
990.33 759.4904
991.09 758.4479
991.84 757.4844
992.59 756.5311
993.35 755.5777
994.10 754.6244
994.86 753.671
995.61 752.7176
996.36 751.5333
997.12 749.7923
997.87 748.0513
998.63 746.3103
999.38 744.5692
1000.13 742.826
1000.89 741.0737
1001.64 739.382
1002.40 737.7207
1003.15 736.0595
1003.90 734.3982
1004.66 732.737
1005.41 731.0757
1006.17 729.4228
1006.92 728.8023
1007.67 728.1818
1008.43 727.5613
1009.18 726.9408
1009.94 726.3203
1010.69 725.6998
1011.44 724.8942
1012.20 723.7016
1012.95 722.5091
1013.71 721.3166
1014.46 720.1241
1015.21 718.9315
1015.97 717.739
1016.72 716.6732
1017.48 715.6921
1018.23 714.711
1018.98 713.7299
1019.74 712.7488
1020.49 711.7676
1021.25 710.7865
1022.00 710.0128
1022.75 709.2798
1023.51 708.5468
1024.26 707.8139
1025.02 707.0809
1025.77 706.3479
1026.52 705.5896
1027.28 704.2942
1028.03 702.9987
1028.79 701.7033
1029.54 700.4078
1030.29 699.1124
1031.05 697.8169
1031.80 696.5225
1032.56 695.2321
1033.31 693.9416
1034.06 692.6512
1034.82 691.3608
1035.57 690.0703
1036.33 688.7799
1037.08 687.5782
1037.83 686.5358
1038.59 685.4934
1039.34 684.4509
1040.10 683.4085
1040.85 682.3661
1041.60 681.3236
1042.36 680.3208
1043.11 679.364
1043.87 678.4073
1044.62 677.4506
1045.37 676.4938
1046.13 675.5371
1046.88 674.5804
1047.64 673.6464
1048.39 672.7331
1049.14 671.8197
1049.90 670.9063
1050.65 670.0017
1051.41 669.0983
1052.16 668.195
1052.91 667.0502
1053.67 665.7176
1054.42 664.385
1055.18 663.0523
1055.93 661.7195
1056.68 660.3868
1057.44 659.054
1058.19 657.7019
1058.95 656.3348
1059.70 654.9676
1060.45 653.6003
1061.21 652.233
1061.96 650.8657
1062.72 649.4983
1063.47 648.0727
1064.22 646.5956
1064.98 645.1185
1065.73 643.6413
1066.49 642.1641
1067.24 640.6868
1067.99 639.2095
1068.75 637.8797
1069.50 636.7219
1070.26 635.5641
1071.01 634.4062
1071.76 633.2484
1072.52 632.0904
1073.27 630.9325
1074.03 629.8034
1074.78 628.7272
1075.53 627.6511
1076.29 626.5748
1077.04 625.4986
1077.80 624.4223
1078.55 623.346
1079.30 622.2291
1080.06 620.9659
1080.81 619.7027
1081.57 618.4395
1082.32 617.1762
1083.07 615.9129
1083.83 614.6496
1084.58 613.3832
1085.34 612.0501
1086.09 610.717
1086.84 609.3838
1087.60 608.0506
1088.35 606.7173
1089.11 605.384
1089.86 604.0506
1090.61 602.6918
1091.37 601.3276
1092.12 599.9633
1092.88 598.599
1093.63 597.2347
1094.38 595.8703
1095.14 594.5059
1095.89 593.7541
1096.65 593.4589
1097.40 593.1637
1098.15 592.8685
1098.91 592.5733
1099.66 592.2781
1100.42 591.9927
1101.17 591.7488
1101.92 591.5864
1102.68 591.4239
1103.43 591.2615
1104.19 591.099
1104.94 590.9365
1105.69 590.774
1106.45 590.6115
1107.20 589.9386
1107.96 589.2504
1108.71 588.5621
1109.46 587.8737
1110.22 587.1853
1110.97 586.4968
1111.73 585.8082
1112.48 584.9849
1113.23 584.0755
1113.99 583.1659
1114.74 582.2563
1115.50 581.3467
1116.25 580.4369
1117.00 579.527
1117.76 578.6021
1118.51 577.6208
1119.27 576.6395
1120.02 575.658
1120.77 574.6764
1121.53 573.6947
1122.28 572.713
1123.04 571.7311
1123.79 570.7825
1124.54 569.8429
1125.30 568.9033
1126.05 567.9636
1126.81 567.0238
1127.56 566.0839
1128.31 565.144
1129.07 564.2526
1129.82 563.4668
1130.58 562.6809
1131.33 561.8949
1132.08 561.1088
1132.84 560.3227
1133.59 559.5365
1134.35 558.7502
1135.10 557.9943
1135.85 557.2462
1136.61 556.4979
1137.36 555.7496
1138.12 555.0012
1138.87 554.2528
1139.62 553.5043
1140.38 552.8532
1141.13 552.4757
1141.89 552.0981
1142.64 551.7206
1143.39 551.343
1144.15 550.9653
1144.90 550.5876
1145.66 550.2099
1146.41 549.7598
1147.16 549.2749
1147.92 548.79
1148.67 548.305
1149.43 547.82
1150.18 547.3369
1150.93 546.8599
1151.69 546.3556
1152.44 545.3361
1153.20 544.3164
1153.95 543.2966
1154.70 542.2767
1155.46 541.2566
1156.21 540.2365
1156.97 539.2162
1157.72 538.1986
1158.47 537.1853
1159.23 536.1719
1159.98 535.1583
1160.74 534.1447
1161.49 533.1309
1162.24 532.1169
1163.00 531.1029
1163.75 530.4147
1164.51 529.8713
1165.26 529.3278
1166.01 528.7842
1166.77 528.2406
1167.52 527.6969
1168.28 527.1532
1169.03 526.6093
1169.78 525.9309
1170.54 525.2467
1171.29 524.5625
1172.05 523.8782
1172.80 523.1938
1173.55 522.5093
1174.31 521.8248
1175.06 521.1006
1175.82 520.2058
1176.57 519.311
1177.32 518.416
1178.08 517.5209
1178.83 516.6257
1179.59 515.7304
1180.34 514.835
1181.09 514.008
1181.85 513.2943
1182.60 512.5805
1183.36 511.8666
1184.11 511.1526
1184.86 510.4386
1185.62 509.7244
1186.37 509.0102
1187.13 508.3355
1187.88 507.6965
1188.63 507.0575
1189.39 506.4183
1190.14 505.7791
1190.90 505.1398
1191.65 504.5005
1192.40 503.861
1193.16 503.0485
1193.91 502.1301
1194.67 501.2116
1195.42 500.2931
1196.17 499.3743
1196.93 498.4555
1197.68 497.5366
1198.44 496.6175
1199.19 495.8704
1199.94 495.2007
1200.70 494.524
1201.45 493.8467
1202.21 493.1694
1202.96 492.4919
1203.71 491.8145
1204.47 491.1369
1205.22 490.712
1205.98 490.3859
1206.73 490.0598
1207.48 489.7336
1208.24 489.4074
1208.99 489.0811
1209.75 488.7548
1210.50 488.4285
1211.25 488.2506
1212.01 488.1338
1212.76 488.0171
1213.52 487.9003
1214.27 487.7835
1215.02 487.6666
1215.78 487.5498
1216.53 487.433
1217.29 487.067
1218.04 486.5715
1218.79 486.0759
1219.55 485.5802
1220.30 485.0845
1221.06 484.5888
1221.81 484.093
1222.56 483.5971
1223.32 483.0053
1224.07 482.3402
1224.83 481.6751
1225.58 481.0099
1226.33 480.3447
1227.09 479.6794
1227.84 479.014
1228.60 478.3486
1229.35 477.7
1230.10 477.073
1230.86 476.446
1231.61 475.8189
1232.37 475.1918
1233.12 474.5646
1233.87 473.9373
1234.63 473.31
1235.38 472.6745
1236.14 472.0151
1236.89 471.3557
1237.64 470.6962
1238.40 470.0367
1239.15 469.3771
1239.91 468.7174
1240.66 468.0577
1241.41 467.4011
1242.17 466.8123
1242.92 466.2234
1243.68 465.6344
1244.43 465.0455
1245.18 464.4564
1245.94 463.8673
1246.69 463.2782
1247.45 462.689
1248.20 462.076
1248.95 461.4569
1249.71 460.8378
1250.46 460.2228
1251.22 459.6104
1251.97 458.9979
1252.72 458.3853
1253.48 457.7726
1254.23 457.1448
1254.99 456.5016
1255.74 455.8582
1256.49 455.2147
1257.25 454.5712
1258.00 453.9276
1258.76 453.2839
1259.51 452.6402
1260.26 452.0069
1261.02 451.4329
1261.77 450.8589
1262.53 450.2848
1263.28 449.7106
1264.03 449.1363
1264.79 448.562
1265.54 447.9876
1266.30 447.4131
1267.05 446.7385
1267.80 446.0337
1268.56 445.3289
1269.31 444.624
1270.07 443.919
1270.82 443.2139
1271.57 442.5087
1272.33 441.8034
1273.08 440.9153
1273.84 439.6837
1274.59 438.452
1275.34 437.2201
1276.10 435.9881
1276.85 434.7559
1277.61 433.5236
1278.36 432.2911
1279.11 431.0585
1279.87 430.3574
1280.62 429.7247
1281.38 429.092
1282.13 428.4591
1282.88 427.8262
1283.64 427.1932
1284.39 426.5602
1285.15 425.927
1285.90 425.5627
1286.65 425.6536
1287.41 425.7445
1288.16 425.8353
1288.92 425.9262
1289.67 426.0171
1290.42 426.108
1291.18 426.1989
1291.93 426.2899
1292.69 426.0824
1293.44 425.8139
1294.19 425.5453
1294.95 425.2768
1295.70 425.0082
1296.46 424.7395
1297.21 424.4708
1297.96 424.2021
1298.72 423.857
1299.47 423.2645
1300.23 422.6776
1300.98 422.1037
1301.73 421.5297
1302.49 420.9556
1303.24 420.3813
1304.00 419.807
1304.75 419.2324
1305.50 418.6211
1306.26 417.9855
1307.01 417.3497
1307.77 416.7137
1308.52 416.0776
1309.27 415.4414
1310.03 414.805
1310.78 414.1685
1311.54 413.5318
1312.29 413.0446
1313.04 412.571
1313.80 412.0974
1314.55 411.6237
1315.31 411.1498
1316.06 410.6759
1316.81 410.2018
1317.57 409.7277
1318.32 409.267
1319.08 408.8599
1319.83 408.4527
1320.58 408.0455
1321.34 407.6382
1322.09 407.2307
1322.85 406.8232
1323.60 406.4156
1324.35 406.0079
1325.11 405.5596
1325.86 405.0586
1326.62 404.5575
1327.37 404.0563
1328.12 403.555
1328.88 403.0535
1329.63 402.552
1330.39 402.0503
1331.14 401.5485
1331.89 401.1065
1332.65 400.7017
1333.40 400.2969
1334.16 399.8919
1334.91 399.4869
1335.66 399.0817
1336.42 398.6765
1337.17 398.2712
1337.93 397.8658
1338.68 397.4867
1339.43 397.1155
1340.19 396.7442
1340.94 396.3728
1341.70 396.0013
1342.45 395.6298
1343.20 395.2581
1343.96 394.8864
1344.71 394.5146
1345.47 394.0076
1346.22 393.4803
1346.97 392.9529
1347.73 392.4254
1348.48 391.8977
1349.24 391.37
1349.99 390.8421
1350.74 390.3197
1351.50 389.7974
1352.25 389.2475
1353.01 388.695
1353.76 388.1424
1354.51 387.5897
1355.27 387.0368
1356.02 386.4837
1356.78 385.9306
1357.53 385.3773
1358.28 384.8238
1359.04 384.3331
1359.79 383.8463
1360.55 383.3594
1361.30 382.8724
1362.05 382.3853
1362.81 381.898
1363.56 381.4106
1364.32 380.9231
1365.07 380.4355
1365.82 380.0329
1366.58 379.6402
1367.33 379.2475
1368.09 378.8547
1368.84 378.4617
1369.59 378.0687
1370.35 377.6756
1371.10 377.2823
1371.86 376.889
1372.61 376.5232
1373.36 376.1632
1374.12 375.8032
1374.87 375.4431
1375.63 375.0829
1376.38 374.7226
1377.13 374.3622
1377.89 374.0017
1378.64 373.6411
1379.40 373.2821
1380.15 372.9236
1380.90 372.5651
1381.66 372.2065
1382.41 371.8477
1383.17 371.4889
1383.92 371.13
1384.67 370.771
1385.43 370.4119
1386.18 370.0376
1386.94 369.6492
1387.69 369.2607
1388.44 368.8721
1389.20 368.4835
1389.95 368.0947
1390.71 367.7058
1391.46 367.3168
1392.21 366.9277
1392.97 366.5019
1393.72 365.9915
1394.48 365.481
1395.23 364.9704
1395.98 364.4597
1396.74 363.9488
1397.49 363.4378
1398.25 362.9266
1399.00 362.4154
1399.75 361.9041
1400.51 361.3993
1401.26 360.896
1402.02 360.3927
1402.77 359.8891
1403.52 359.3854
1404.28 358.8816
1405.03 358.3777
1405.79 357.8735
1406.54 357.3693
1407.29 356.889
1408.05 356.4173
1408.80 355.9455
1409.56 355.4735
1410.31 355.0014
1411.06 354.5292
1411.82 354.0568
1412.57 353.5843
1413.33 353.1116
1414.08 352.605
1414.83 352.0439
1415.59 351.4826
1416.34 350.9212
1417.10 350.3597
1417.85 349.7979
1418.60 349.2361
1419.36 348.674
1420.11 348.1118
1420.87 347.5495
1421.62 347.0793
1422.37 346.6107
1423.13 346.1421
1423.88 345.6732
1424.64 345.2043
1425.39 344.7352
1426.14 344.266
1426.90 343.7966
1427.65 343.3271
1428.41 342.9536
1429.16 342.6668
1429.91 342.38
1430.67 342.0931
1431.42 341.806
1432.18 341.5189
1432.93 341.2318
1433.68 340.9445
1434.44 340.6571
1435.19 340.3653
1435.95 339.9289
1436.70 339.4924
1437.45 339.0558
1438.21 338.619
1438.96 338.1821
1439.72 337.7451
1440.47 337.3079
1441.22 336.8706
1441.98 336.4332
1442.73 336.0268
1443.49 335.6523
1444.24 335.2776
1444.99 334.9028
1445.75 334.5279
1446.50 334.1529
1447.26 333.7778
1448.01 333.4026
1448.76 333.0273
1449.52 332.6519
1450.27 332.3575
1451.03 332.073
1451.78 331.7884
1452.53 331.5037
1453.29 331.2189
1454.04 330.9341
1454.80 330.6491
1455.55 330.3641
1456.30 330.079
1457.06 329.7793
1457.81 329.4359
1458.57 329.0925
1459.32 328.7489
1460.07 328.4052
1460.83 328.0615
1461.58 327.7176
1462.34 327.3737
1463.09 327.0296
1463.84 326.6854
1464.60 326.2752
1465.35 325.8146
1466.11 325.3538
1466.86 324.893
1467.61 324.432
1468.37 323.9709
1469.12 323.5096
1469.88 323.0482
1470.63 322.5867
1471.38 322.125
1472.14 321.6901
1472.89 321.2603
1473.65 320.8305
1474.40 320.4005
1475.15 319.9705
1475.91 319.5402
1476.66 319.1099
1477.42 318.6795
1478.17 318.2489
1478.92 317.8223
1479.68 317.482
1480.43 317.1417
1481.19 316.8012
1481.94 316.4607
1482.69 316.12
1483.45 315.7793
1484.20 315.4384
1484.96 315.0975
1485.71 314.7564
1486.46 314.4276
1487.22 314.1464
1487.97 313.8651
1488.73 313.5837
1489.48 313.3023
1490.23 313.0208
1490.99 312.7392
1491.74 312.4575
1492.50 312.1757
1493.25 311.8939
1494.00 311.5371
1494.76 311.0237
1495.51 310.5101
1496.27 309.9964
1497.02 309.4825
1497.77 308.9685
1498.53 308.4544
1499.28 307.9401
1500.04 307.4259
1500.79 306.9157
1501.54 306.497
1502.30 306.2217
1503.05 305.9463
1503.81 305.6707
1504.56 305.3951
1505.31 305.1194
1506.07 304.8436
1506.82 304.5677
1507.58 304.2918
1508.33 304.0157
1509.08 303.8451
1509.84 303.8308
1510.59 303.8164
1511.35 303.802
1512.10 303.7876
1512.85 303.7732
1513.61 303.7588
1514.36 303.7443
1515.12 303.7299
1515.87 303.7154
1516.62 303.6172
1517.38 303.3722
1518.13 303.1271
1518.89 302.8819
1519.64 302.6367
1520.39 302.3913
1521.15 302.1459
1521.90 301.9004
1522.66 301.6548
1523.41 301.4092
1524.16 301.1475
1524.92 300.8458
1525.67 300.5439
1526.43 300.2419
1527.18 299.9398
1527.93 299.6377
1528.69 299.3354
1529.44 299.033
1530.20 298.7306
1530.95 298.428
1531.70 298.1299
1532.46 297.8576
1533.21 297.5852
1533.97 297.3127
1534.72 297.04
1535.47 296.7673
1536.23 296.4946
1536.98 296.2217
1537.74 295.9487
1538.49 295.6756
1539.24 295.4025
1540.00 295.0648
1540.75 294.7246
1541.51 294.3844
1542.26 294.044
1543.01 293.7035
1543.77 293.363
1544.52 293.0223
1545.28 292.6815
1546.03 292.3406
1546.78 291.9996
1547.54 291.6248
1548.29 291.2372
1549.05 290.8495
1549.80 290.4617
1550.55 290.0708
1551.31 289.6786
1552.06 289.2864
1552.82 288.894
1553.57 288.5015
1554.32 288.1089
1555.08 287.7243
1555.83 287.3502
1556.59 286.9759
1557.34 286.6015
1558.09 286.2271
1558.85 285.8525
1559.60 285.4778
1560.36 285.103
1561.11 284.7281
1561.86 284.3532
1562.62 283.9629
1563.37 283.4409
1564.13 282.9187
1564.88 282.3964
1565.63 281.874
1566.39 281.3514
1567.14 280.8287
1567.90 280.3059
1568.65 279.7829
1569.40 279.2597
1570.16 278.7364
1570.91 278.1986
1571.67 277.6547
1572.42 277.1106
1573.17 276.5664
1573.93 276.022
1574.68 275.4775
1575.44 274.9328
1576.19 274.388
1576.94 273.843
1577.70 273.2979
1578.45 272.7918
1579.21 272.3928
1579.96 271.9936
1580.71 271.5944
1581.47 271.195
1582.22 270.7955
1582.98 270.3959
1583.73 269.9962
1584.48 269.5964
1585.24 269.1965
1585.99 268.7965
1586.75 268.6002
1587.50 268.4668
1588.25 268.3333
1589.01 268.1999
1589.76 268.0664
1590.52 267.9328
1591.27 267.7992
1592.02 267.6656
1592.78 267.5319
1593.53 267.3982
1594.29 267.2714
1595.04 267.1692
1595.79 267.0669
1596.55 266.9647
1597.30 266.8623
1598.06 266.76
1598.81 266.6576
1599.56 266.5552
1600.32 266.4543
1601.07 266.3556
1601.83 266.2568
1602.58 265.9994
1603.33 265.6406
1604.09 265.2816
1604.84 264.9225
1605.60 264.5633
1606.35 264.204
1607.10 263.8446
1607.86 263.485
1608.61 263.1254
1609.37 262.7656
1610.12 262.4058
1610.87 262.1617
1611.63 261.9223
1612.38 261.6829
1613.14 261.4434
1613.89 261.2038
1614.64 260.9642
1615.40 260.7244
1616.15 260.4846
1616.91 260.2447
1617.66 260.0048
1618.41 259.7991
1619.17 259.6926
1619.92 259.5861
1620.68 259.4795
1621.43 259.3729
1622.18 259.2663
1622.94 259.1596
1623.69 259.0529
1624.45 258.9461
1625.20 258.8393
1625.95 258.7325
1626.71 258.4505
1627.46 257.9848
1628.22 257.5189
1628.97 257.0529
1629.72 256.5868
1630.48 256.1205
1631.23 255.6541
1631.99 255.1875
1632.74 254.7208
1633.49 254.2539
1634.25 253.7869
1635.00 253.3052
1635.76 252.8164
1636.51 252.3275
1637.26 251.8384
1638.02 251.3492
1638.77 250.8598
1639.53 250.3703
1640.28 249.8806
1641.03 249.3908
1641.79 248.9009
1642.54 248.4108
1643.30 248.2331
1644.05 248.1317
1644.80 248.0303
1645.56 247.9288
1646.31 247.8273
1647.07 247.7258
1647.82 247.6242
1648.57 247.5226
1649.33 247.4209
1650.08 247.3188
1650.84 247.2137
1651.59 247.0687
1652.34 246.918
1653.10 246.7672
1653.85 246.6164
1654.61 246.4656
1655.36 246.3147
1656.11 246.1638
1656.87 246.0128
1657.62 245.8618
1658.38 245.7107
1659.13 245.5596
1659.88 245.1459
1660.64 244.7009
1661.39 244.2559
1662.15 243.8107
1662.90 243.3653
1663.65 242.9199
1664.41 242.4743
1665.16 242.0286
1665.92 241.5828
1666.67 241.1369
1667.42 240.6909
1668.18 240.1194
1668.93 239.5272
1669.69 238.9349
1670.44 238.3424
1671.19 237.7498
1671.95 237.157
1672.70 236.5641
1673.46 235.971
1674.21 235.3777
1674.96 234.7843
1675.72 234.1907
1676.47 233.8127
1677.23 233.4983
1677.98 233.1838
1678.73 232.8693
1679.49 232.5546
1680.24 232.2399
1681.00 231.9251
1681.75 231.6102
1682.50 231.2952
1683.26 230.9801
1684.01 230.665
1684.77 230.5147
1685.52 230.4606
1686.27 230.4065
1687.03 230.3524
1687.78 230.2983
1688.54 230.2441
1689.29 230.19
1690.04 230.1358
1690.80 230.0816
1691.55 230.0273
1692.31 229.9731
1693.06 229.8274
1693.81 229.5578
1694.57 229.2881
1695.32 229.0183
1696.08 228.7484
1696.83 228.4785
1697.58 228.2085
1698.34 227.9384
1699.09 227.6682
1699.85 227.398
1700.60 227.1327
1701.35 226.8522
1702.11 226.4885
1702.86 226.1247
1703.62 225.7608
1704.37 225.3967
1705.12 225.0326
1705.88 224.6683
1706.63 224.3039
1707.39 223.9393
1708.14 223.5747
1708.89 223.2099
1709.65 222.845
1710.40 222.4929
1711.16 222.1428
1711.91 221.7927
1712.66 221.4424
1713.42 221.092
1714.17 220.7415
1714.93 220.3909
1715.68 220.0401
1716.43 219.6893
1717.19 219.3383
1717.94 218.9872
1718.70 218.5706
1719.45 218.0844
1720.20 217.5981
1720.96 217.1116
1721.71 216.6249
1722.47 216.1381
1723.22 215.6511
1723.97 215.164
1724.73 214.6767
1725.48 214.1893
1726.24 213.7017
1726.99 213.2142
1727.74 212.7313
1728.50 212.2483
1729.25 211.7651
1730.01 211.2818
1730.76 210.7983
1731.51 210.3146
1732.27 209.8308
1733.02 209.3468
1733.78 208.8627
1734.53 208.3784
1735.28 207.894
1736.04 207.6071
1736.79 207.4707
1737.55 207.3343
1738.30 207.1978
1739.05 207.0613
1739.81 206.9247
1740.56 206.7881
1741.32 206.6514
1742.07 206.5146
1742.82 206.3779
1743.58 206.241
1744.33 206.1064
1745.09 206.0461
1745.84 205.9858
1746.59 205.9255
1747.35 205.8651
1748.10 205.8047
1748.86 205.7443
1749.61 205.6839
1750.36 205.6193
1751.12 205.5504
1751.87 205.4814
1752.63 205.4125
1753.38 205.2917
1754.13 205.1008
1754.89 204.9098
1755.64 204.7188
1756.40 204.5277
1757.15 204.3366
1757.90 204.1455
1758.66 203.9543
1759.41 203.763
1760.17 203.5717
1760.92 203.3803
1761.67 203.189
1762.43 202.9466
1763.18 202.6886
1763.94 202.4305
1764.69 202.1724
1765.44 201.9143
1766.20 201.6561
1766.95 201.3978
1767.71 201.1394
1768.46 200.881
1769.21 200.6226
1769.97 200.364
1770.72 200.1044
1771.48 199.8267
1772.23 199.5489
1772.98 199.271
1773.74 198.9931
1774.49 198.7151
1775.25 198.437
1776.00 198.1589
1776.75 197.8807
1777.51 197.6024
1778.26 197.3241
1779.02 197.0457
1779.77 196.7778
1780.52 196.5369
1781.28 196.296
1782.03 196.0551
1782.79 195.8141
1783.54 195.573
1784.29 195.3319
1785.05 195.0907
1785.80 194.8495
1786.56 194.6082
1787.31 194.3669
1788.06 194.1254
1788.82 193.8687
1789.57 193.5922
1790.33 193.3155
1791.08 193.0388
1791.83 192.7621
1792.59 192.4852
1793.34 192.2083
1794.10 191.9314
1794.85 191.6543
1795.60 191.3773
1796.36 191.1001
1797.11 190.8229
1797.87 190.4974
1798.62 190.1327
1799.37 189.7679
1800.13 189.4043
1800.88 189.0471
1801.64 188.6897
1802.39 188.3322
1803.14 187.9746
1803.90 187.6169
1804.65 187.259
1805.41 186.9011
1806.16 186.543
1806.91 186.1349
1807.67 185.6917
1808.42 185.2484
1809.18 184.805
1809.93 184.3614
1810.68 183.9177
1811.44 183.4739
1812.19 183.0299
1812.95 182.5857
1813.70 182.1414
1814.45 181.697
1815.21 181.2525
1815.96 180.95
1816.72 180.7536
1817.47 180.5571
1818.22 180.3605
1818.98 180.1638
1819.73 179.9671
1820.49 179.7703
1821.24 179.5734
1821.99 179.3765
1822.75 179.1795
1823.50 178.9825
1824.26 178.7854
1825.01 178.641
1825.76 178.5487
1826.52 178.4564
1827.27 178.364
1828.03 178.2716
1828.78 178.1792
1829.53 178.0867
1830.29 177.9942
1831.04 177.9016
1831.80 177.809
1832.55 177.7164
1833.30 177.6237
1834.06 177.4829
1834.81 177.2598
1835.57 177.0366
1836.32 176.8133
1837.07 176.5899
1837.83 176.3664
1838.58 176.1429
1839.34 175.9193
1840.09 175.6956
1840.84 175.4719
1841.60 175.2481
1842.35 175.0242
1843.11 174.7991
1843.86 174.5686
1844.61 174.338
1845.37 174.1074
1846.12 173.8766
1846.88 173.6458
1847.63 173.4149
1848.38 173.184
1849.14 172.9529
1849.89 172.7218
1850.65 172.4886
1851.40 172.2551
1852.15 172.0214
1852.91 171.7086
1853.66 171.3882
1854.42 171.0676
1855.17 170.747
1855.92 170.4262
1856.68 170.1054
1857.43 169.7844
1858.19 169.4634
1858.94 169.1423
1859.69 168.8211
1860.45 168.4998
1861.20 168.1784
1861.96 167.7873
1862.71 167.3507
1863.46 166.9139
1864.22 166.4769
1864.97 166.0399
1865.73 165.6027
1866.48 165.1654
1867.23 164.728
1867.99 164.2905
1868.74 163.8528
1869.50 163.415
1870.25 162.9771
1871.00 162.5861
1871.76 162.364
1872.51 162.1418
1873.27 161.9195
1874.02 161.6972
1874.77 161.4748
1875.53 161.2524
1876.28 161.0298
1877.04 160.8073
1877.79 160.5846
1878.54 160.3619
1879.30 160.1391
1880.05 159.9163
1880.81 159.8139
1881.56 159.746
1882.31 159.6781
1883.07 159.6101
1883.82 159.5422
1884.58 159.4742
1885.33 159.4062
1886.08 159.3382
1886.84 159.2701
1887.59 159.202
1888.35 159.1339
1889.10 159.0658
1889.85 158.9864
1890.61 158.8765
1891.36 158.7666
1892.12 158.6567
1892.87 158.5467
1893.62 158.4367
1894.38 158.3267
1895.13 158.2167
1895.89 158.1066
1896.64 157.9964
1897.39 157.8863
1898.15 157.7761
1898.90 157.6658
1899.66 157.5684
1900.41 157.475
1901.16 157.3806
1901.92 157.2862
1902.67 157.1918
1903.43 157.0974
1904.18 157.0029
1904.93 156.9084
1905.69 156.8138
1906.44 156.7193
1907.20 156.6247
1907.95 156.5301
1908.70 156.4291
1909.46 156.2465
1910.21 156.0639
1910.97 155.8812
1911.72 155.6984
1912.47 155.5156
1913.23 155.3328
1913.98 155.1499
1914.74 154.967
1915.49 154.784
1916.24 154.6009
1917.00 154.4179
1917.75 154.2347
1918.51 154.0185
1919.26 153.7483
1920.01 153.4779
1920.77 153.2075
1921.52 152.9371
1922.28 152.6665
1923.03 152.3959
1923.78 152.1252
1924.54 151.8545
1925.29 151.5837
1926.05 151.3128
1926.80 151.0418
1927.55 150.7708
1928.31 150.4537
1929.06 150.1085
1929.82 149.7631
1930.57 149.4177
1931.32 149.0722
1932.08 148.7266
1932.83 148.3809
1933.59 148.0352
1934.34 147.6893
1935.09 147.3434
1935.85 146.9973
1936.60 146.6512
1937.36 146.305
1938.11 146.0354
1938.86 145.7853
1939.62 145.5352
1940.37 145.2851
1941.13 145.0349
1941.88 144.7846
1942.63 144.5342
1943.39 144.2838
1944.14 144.0333
1944.90 143.7827
1945.65 143.5321
1946.40 143.2815
1947.16 143.0307
1947.91 142.9946
1948.67 142.9778
1949.42 142.961
1950.17 142.9441
1950.93 142.9272
1951.68 142.9104
1952.44 142.8935
1953.19 142.8766
1953.94 142.8597
1954.70 142.8428
1955.45 142.8259
1956.21 142.809
1956.96 142.792
1957.71 142.6964
1958.47 142.5975
1959.22 142.4986
1959.98 142.3996
1960.73 142.3006
1961.48 142.2016
1962.24 142.1026
1962.99 142.0035
1963.75 141.9044
1964.50 141.8053
1965.25 141.7062
1966.01 141.607
1966.76 141.5078
1967.52 141.336
1968.27 141.1604
1969.02 140.9846
1969.78 140.8089
1970.53 140.6331
1971.29 140.4572
1972.04 140.2814
1972.79 140.1054
1973.55 139.9294
1974.30 139.7534
1975.06 139.5773
1975.81 139.4012
1976.56 139.225
1977.32 139.0706
1978.07 138.9193
1978.83 138.7679
1979.58 138.6166
1980.33 138.4651
1981.09 138.3137
1981.84 138.1621
1982.60 138.0106
1983.35 137.859
1984.10 137.7074
1984.86 137.5557
1985.61 137.404
1986.37 137.2523
1987.12 137.115
1987.87 136.9832
1988.63 136.8513
1989.38 136.7193
1990.14 136.5873
1990.89 136.4553
1991.64 136.3233
1992.40 136.1912
1993.15 136.0591
1993.91 135.9269
1994.66 135.7948
1995.41 135.6625
1996.17 135.5303
1996.92 135.4009
1997.68 135.2742
1998.43 135.1475
1999.18 135.0208
1999.94 134.894
2000.69 134.7688
2001.45 134.6437
2002.20 134.5186
2002.95 134.3934
2003.71 134.2682
2004.46 134.143
2005.22 134.0177
2005.97 133.8924
2006.72 133.7585
2007.48 133.5957
2008.23 133.4329
2008.99 133.27
2009.74 133.1071
2010.49 132.9441
2011.25 132.7811
2012.00 132.618
2012.76 132.4549
2013.51 132.2917
2014.26 132.1285
2015.02 131.9653
2015.77 131.802
2016.53 131.6386
2017.28 131.4487
2018.03 131.2554
2018.79 131.062
2019.54 130.8686
2020.30 130.6752
2021.05 130.4816
2021.80 130.2881
2022.56 130.0944
2023.31 129.9007
2024.07 129.707
2024.82 129.5132
2025.57 129.3193
2026.33 129.1254
2027.08 128.9501
2027.84 128.7948
2028.59 128.6395
2029.34 128.4842
2030.10 128.3288
2030.85 128.1734
2031.61 128.0179
2032.36 127.8623
2033.11 127.7068
2033.87 127.5512
2034.62 127.3955
2035.38 127.2398
2036.13 127.084
2036.88 126.9284
2037.64 126.8041
2038.39 126.6798
2039.15 126.5554
2039.90 126.431
2040.65 126.3065
2041.41 126.182
2042.16 126.0575
2042.92 125.9329
2043.67 125.8083
2044.42 125.6837
2045.18 125.559
2045.93 125.4343
2046.69 125.3096
2047.44 125.1703
2048.19 125.0132
2048.95 124.8561
2049.70 124.6989
2050.46 124.5436
2051.21 124.3896
2051.96 124.2356
2052.72 124.0814
2053.47 123.9272
2054.23 123.773
2054.98 123.6187
2055.73 123.4644
2056.49 123.31
2057.24 123.1555
2058.00 123.0058
2058.75 122.8569
2059.50 122.708
2060.26 122.559
2061.01 122.41
2061.77 122.2609
2062.52 122.1117
2063.27 121.9625
2064.03 121.8133
2064.78 121.664
2065.54 121.5146
2066.29 121.3652
2067.04 121.2158
2067.80 121.0693
2068.55 120.9392
2069.31 120.809
2070.06 120.6788
2070.81 120.5485
2071.57 120.4182
2072.32 120.2878
2073.08 120.1574
2073.83 120.027
2074.58 119.8965
2075.34 119.7659
2076.09 119.6354
2076.85 119.5047
2077.60 119.374
2078.35 119.2361
2079.11 119.0875
2079.86 118.9388
2080.62 118.79
2081.37 118.6413
2082.12 118.4924
2082.88 118.3435
2083.63 118.1946
2084.39 118.0456
2085.14 117.8965
2085.89 117.7474
2086.65 117.5983
2087.40 117.4491
2088.16 117.2998
2088.91 117.1645
2089.66 117.0391
2090.42 116.9136
2091.17 116.7881
2091.93 116.6626
2092.68 116.537
2093.43 116.4114
2094.19 116.2857
2094.94 116.16
2095.70 116.0342
2096.45 115.9084
2097.20 115.7826
2097.96 115.6567
2098.71 115.5307
2099.47 115.4118
2100.22 115.2949
2100.97 115.1759
2101.73 115.0569
2102.48 114.9379
2103.24 114.8188
2103.99 114.6996
2104.74 114.5805
2105.50 114.4613
2106.25 114.3421
2107.01 114.2228
2107.76 114.1035
2108.51 113.9842
2109.27 113.8648
2110.02 113.734
2110.78 113.5989
2111.53 113.4639
2112.28 113.3287
2113.04 113.1936
2113.79 113.0584
2114.55 112.9231
2115.30 112.7878
2116.05 112.6525
2116.81 112.5172
2117.56 112.3818
2118.32 112.2463
2119.07 112.1109
2119.82 111.9754
2120.58 111.852
2121.33 111.7334
2122.09 111.6148
2122.84 111.4962
2123.59 111.3775
2124.35 111.2588
2125.10 111.1401
2125.86 111.0214
2126.61 110.9026
2127.36 110.7837
2128.12 110.6649
2128.87 110.546
2129.63 110.427
2130.38 110.3081
2131.13 110.1907
2131.89 110.0745
2132.64 109.9582
2133.40 109.8419
2134.15 109.7256
2134.90 109.6092
2135.66 109.4928
2136.41 109.3763
2137.17 109.2598
2137.92 109.1433
2138.67 109.0268
2139.43 108.9102
2140.18 108.7936
2140.94 108.6769
2141.69 108.5406
2142.44 108.379
2143.20 108.2174
2143.95 108.0558
2144.71 107.8941
2145.46 107.7324
2146.21 107.5706
2146.97 107.4087
2147.72 107.2469
2148.48 107.0849
2149.23 106.923
2149.98 106.761
2150.74 106.5962
2151.49 106.4314
2152.25 106.2557
2153.00 106.0349
2153.75 105.814
2154.51 105.593
2155.26 105.372
2156.02 105.1509
2156.77 104.9298
2157.52 104.7087
2158.28 104.4875
2159.03 104.2662
2159.79 104.0449
2160.54 103.8236
2161.29 103.6022
2162.05 103.3807
2162.80 103.1593
2163.56 103.0328
2164.31 102.9188
2165.06 102.8049
2165.82 102.6909
2166.57 102.5769
2167.33 102.4628
2168.08 102.3488
2168.83 102.2347
2169.59 102.1206
2170.34 102.0064
2171.10 101.8923
2171.85 101.7781
2172.60 101.6639
2173.36 101.5496
2174.11 101.4701
2174.87 101.4263
2175.62 101.3825
2176.37 101.3387
2177.13 101.2949
2177.88 101.251
2178.64 101.2072
2179.39 101.1633
2180.14 101.1195
2180.90 101.0756
2181.65 101.0317
2182.41 100.9878
2183.16 100.9439
2183.91 100.8999
2184.67 100.8546
2185.42 100.7727
2186.18 100.6907
2186.93 100.6088
2187.68 100.5268
2188.44 100.4448
2189.19 100.3627
2189.95 100.2807
2190.70 100.1987
2191.45 100.1166
2192.21 100.0345
2192.96 99.95237
2193.72 99.87024
2194.47 99.78809
2195.22 99.70592
2195.98 99.6067
2196.73 99.4914
2197.49 99.37607
2198.24 99.26072
2198.99 99.14535
2199.75 99.02994
2200.50 98.91451
2201.26 98.79906
2202.01 98.68358
2202.76 98.56808
2203.52 98.45255
2204.27 98.33699
2205.03 98.22141
2205.78 98.1058
2206.53 97.99017
2207.29 97.88735
2208.04 97.78573
2208.80 97.68409
2209.55 97.58243
2210.30 97.48075
2211.06 97.37904
2211.81 97.27732
2212.57 97.17556
2213.32 97.07379
2214.07 96.97199
2214.83 96.87017
2215.58 96.76833
2216.34 96.66647
2217.09 96.56458
2217.84 96.46279
2218.60 96.36136
2219.35 96.25991
2220.11 96.15843
2220.86 96.05693
2221.61 95.95541
2222.37 95.85387
2223.12 95.75231
2223.88 95.65072
2224.63 95.54911
2225.38 95.44747
2226.14 95.34582
2226.89 95.24414
2227.65 95.14244
2228.40 95.04072
2229.15 94.93386
2229.91 94.8215
2230.66 94.70912
2231.42 94.59672
2232.17 94.48429
2232.92 94.37183
2233.68 94.25935
2234.43 94.14684
2235.19 94.03431
2235.94 93.92176
2236.69 93.80918
2237.45 93.69658
2238.20 93.58395
2238.96 93.47129
2239.71 93.35862
2240.46 93.24635
2241.22 93.13428
2241.97 93.02218
2242.73 92.91005
2243.48 92.79791
2244.23 92.68573
2244.99 92.57354
2245.74 92.46131
2246.50 92.34907
2247.25 92.2368
2248.00 92.1245
2248.76 92.01218
2249.51 91.89984
2250.27 91.78665
2251.02 91.67195
2251.77 91.56454
2252.53 91.45925
2253.28 91.35394
2254.04 91.24861
2254.79 91.14327
2255.54 91.03791
2256.30 90.93253
2257.05 90.82714
2257.81 90.72173
2258.56 90.6163
2259.31 90.51086
2260.07 90.40539
2260.82 90.29992
2261.58 90.19442
2262.33 90.08891
2263.08 89.98561
2263.84 89.88285
2264.59 89.78007
2265.35 89.67727
2266.10 89.57446
2266.85 89.47163
2267.61 89.36879
2268.36 89.26593
2269.12 89.16305
2269.87 89.06016
2270.62 88.95725
2271.38 88.85432
2272.13 88.75138
2272.89 88.64842
2273.64 88.54544
2274.39 88.43464
2275.15 88.32119
2275.90 88.20772
2276.66 88.09423
2277.41 87.98073
2278.16 87.86721
2278.92 87.75367
2279.67 87.64011
2280.43 87.52653
2281.18 87.41294
2281.93 87.29932
2282.69 87.18569
2283.44 87.07204
2284.20 86.95838
2284.95 86.84469
2285.70 86.73412
2286.46 86.62538
2287.21 86.51662
2287.97 86.40784
2288.72 86.29905
2289.47 86.19024
2290.23 86.08141
2290.98 85.97256
2291.74 85.8637
2292.49 85.75482
2293.24 85.64592
2294.00 85.537
2294.75 85.42807
2295.51 85.31912
2296.26 85.21015
2297.01 85.10794
2297.77 85.01471
2298.52 84.92145
2299.28 84.82819
2300.03 84.7349
2300.78 84.64161
2301.54 84.54829
2302.29 84.45497
2303.05 84.36163
2303.80 84.26827
2304.55 84.1749
2305.31 84.08151
2306.06 83.98811
2306.82 83.89469
2307.57 83.80126
2308.32 83.70428
2309.08 83.5875
2309.83 83.4707
2310.59 83.35388
2311.34 83.23704
2312.09 83.12018
2312.85 83.0033
2313.60 82.88641
2314.36 82.7695
2315.11 82.65256
2315.86 82.53561
2316.62 82.41865
2317.37 82.30166
2318.13 82.18465
2318.88 82.06763
2319.63 81.95059
2320.39 81.84618
2321.14 81.74479
2321.90 81.64338
2322.65 81.54196
2323.40 81.44053
2324.16 81.33907
2324.91 81.23761
2325.67 81.13612
2326.42 81.03462
2327.17 80.9331
2327.93 80.83157
2328.68 80.73002
2329.44 80.62845
2330.19 80.52687
2330.94 80.42527
2331.70 80.33205
2332.45 80.2524
2333.21 80.17273
2333.96 80.09305
2334.71 80.01335
2335.47 79.93364
2336.22 79.85392
2336.98 79.77419
2337.73 79.69444
2338.48 79.61468
2339.24 79.53491
2339.99 79.45513
2340.75 79.37533
2341.50 79.29552
2342.25 79.2157
2343.01 79.13586
2343.76 79.03766
2344.52 78.9369
2345.27 78.83612
2346.02 78.73533
2346.78 78.63452
2347.53 78.53369
2348.29 78.43285
2349.04 78.33199
2349.79 78.23112
2350.55 78.13023
2351.30 78.02932
2352.06 77.9284
2352.81 77.82746
2353.56 77.72651
2354.32 77.62554
2355.07 77.52909
2355.83 77.44351
2356.58 77.35791
2357.33 77.2723
2358.09 77.18668
2358.84 77.10104
2359.60 77.01539
2360.35 76.92972
2361.10 76.84405
2361.86 76.75835
2362.61 76.67265
2363.37 76.58693
2364.12 76.5012
2364.87 76.41545
2365.63 76.32969
2366.38 76.24392
2367.14 76.15174
2367.89 76.05581
2368.64 75.95987
2369.40 75.86392
2370.15 75.76795
2370.91 75.67196
2371.66 75.57596
2372.41 75.47995
2373.17 75.38392
2373.92 75.28787
2374.68 75.19181
2375.43 75.09573
2376.18 74.99964
2376.94 74.90353
2377.69 74.80741
2378.45 74.71127
2379.20 74.62869
2379.95 74.5478
2380.71 74.4669
2381.46 74.38598
2382.22 74.30505
2382.97 74.2241
2383.72 74.14314
2384.48 74.06217
2385.23 73.98119
2385.99 73.9002
2386.74 73.81919
2387.49 73.73817
2388.25 73.65713
2389.00 73.57608
2389.76 73.49502
2390.51 73.41509
2391.26 73.35118
2392.02 73.28727
2392.77 73.22334
2393.53 73.15941
2394.28 73.09546
2395.03 73.0315
2395.79 72.96754
2396.54 72.90356
2397.30 72.83957
2398.05 72.77557
2398.80 72.71156
2399.56 72.64755
2400.31 72.58352
2401.07 72.51948
2401.82 72.45543
2402.57 72.38698
2403.33 72.29819
2404.08 72.2094
2404.84 72.12059
2405.59 72.03177
2406.34 71.94293
2407.10 71.85408
2407.85 71.76522
2408.61 71.67634
2409.36 71.58744
2410.11 71.49854
2410.87 71.40962
2411.62 71.32068
2412.38 71.23173
2413.13 71.14277
2413.88 71.05379
2414.64 70.96735
2415.39 70.89132
2416.15 70.81528
2416.90 70.73923
2417.65 70.66316
2418.41 70.58709
2419.16 70.511
2419.92 70.4349
2420.67 70.35878
2421.42 70.28266
2422.18 70.20652
2422.93 70.13037
2423.69 70.05421
2424.44 69.97803
2425.19 69.90185
2425.95 69.82565
2426.70 69.75006
2427.46 69.67839
2428.21 69.60671
2428.96 69.53502
2429.72 69.46332
2430.47 69.39161
2431.23 69.31989
2431.98 69.24815
2432.73 69.1764
2433.49 69.10465
2434.24 69.03288
2435.00 68.9611
2435.75 68.8893
2436.50 68.8175
2437.26 68.74568
2438.01 68.67386
2438.77 68.60202
2439.52 68.51614
2440.27 68.43017
2441.03 68.34418
2441.78 68.25818
2442.54 68.17217
2443.29 68.08615
2444.04 68.00011
2444.80 67.91406
2445.55 67.82799
2446.31 67.74191
2447.06 67.65582
2447.81 67.56972
2448.57 67.4836
2449.32 67.39746
