# ------------------------------------------------------------------------
# Radiance spectrum
# NASA-GSFC Planetary Spectrum Generator (PSG) (Villanueva et al. 2018)
# Synthesized on Tue Mar  9 20:16:22 2021
# ------------------------------------------------------------------------
# Cometary spectrum synthesized with CEM (Cometary Emission Model, Villanueva et al. 2004, 2011)
# Dust phase function (Halley-Marcus): 0.340700 at 48.656000
# Molecules considered: OH,CN,C2,NH,CH
# Molecular sources: GSFC[OH],GSFC[CN],GSFC[C2],GSFC[NH],GSFC[CH]
# Molecular abundances: 100,0.1,0.3,0.3,0.01
# Molecular abundance units: pct,pct,pct,pct,pct
# Molecular lifetimes: 2.4e4 1.6e5,1.3e4 2.1e5,2.2e4 6.6e4,5.0e4 1.5e5,7.8e4 4.8e3
# Molecular column densities [m-2] (area[m2]:1.9795e+15): 1.3222E+18,1.8146E+15,3.5177E+15,2.5206E+15,6.4098E+11
# Haser filling factors f(x): 8.7477E-02,9.1469E-02,1.8806E-01,5.9292E-02,1.4136E-02
# ------------------------------------------------------------------------
# Doppler velocities [km/s] (vobs,vrot+vorb,vwidth,vrfl,vstr): 30.84800,0.00000,0.00000,-0.72790,0.00000
# Spectral unit: Wavelength[A]
# Radiance unit: Spectral irradiance [Jy]
# Wave/freq Total C/2014-Q2 Nucleus Dust OH CN C2 NH CH
2.800000000e+03  1.1175283e-02  1.11753e-02  7.96194e-06  1.11673e-02  0.00000e+00  0.00000e+00  0.00000e+00  0.00000e+00  0.00000e+00
2.810000000e+03  2.3719622e-02  2.37196e-02  1.68993e-05  2.37027e-02  0.00000e+00  0.00000e+00  0.00000e+00  0.00000e+00  0.00000e+00
2.820000000e+03  9.6127010e-01  9.61270e-01  3.29184e-05  4.61709e-02  9.15068e-01  0.00000e+00  0.00000e+00  3.74755e-08  0.00000e+00
2.830000000e+03  1.4723306e+00  1.47233e+00  3.91313e-05  5.48848e-02  1.41740e+00  0.00000e+00  0.00000e+00  1.68333e-08  0.00000e+00
2.840000000e+03  7.7348674e-01  7.73487e-01  3.63001e-05  5.09141e-02  7.22535e-01  0.00000e+00  0.00000e+00  3.55713e-09  0.00000e+00
2.850000000e+03  3.0735089e-01  3.07351e-01  1.83203e-05  2.56958e-02  2.81636e-01  0.00000e+00  0.00000e+00  0.00000e+00  0.00000e+00
2.860000000e+03  1.6340159e-01  1.63402e-01  3.24320e-05  4.54887e-02  1.17880e-01  0.00000e+00  0.00000e+00  0.00000e+00  1.97922e-12
2.870000000e+03  1.0367654e-01  1.03677e-01  4.61756e-05  6.47653e-02  3.88651e-02  0.00000e+00  0.00000e+00  0.00000e+00  2.74970e-11
2.880000000e+03  1.5200671e-01  1.52007e-01  3.44046e-05  4.82554e-02  1.03717e-01  0.00000e+00  0.00000e+00  0.00000e+00  2.16666e-10
2.890000000e+03  3.5956517e-01  3.59565e-01  5.30302e-05  7.43799e-02  2.85132e-01  0.00000e+00  0.00000e+00  0.00000e+00  7.38318e-08
2.900000000e+03  2.4242448e-01  2.42424e-01  7.37829e-05  1.03487e-01  1.38863e-01  0.00000e+00  0.00000e+00  0.00000e+00  1.82420e-07
2.910000000e+03  1.9869320e-01  1.98693e-01  7.90368e-05  1.10856e-01  8.77571e-02  0.00000e+00  0.00000e+00  0.00000e+00  1.35495e-06
2.920000000e+03  1.2401927e-01  1.24019e-01  7.11197e-05  9.97516e-02  2.41960e-02  0.00000e+00  0.00000e+00  0.00000e+00  9.48404e-08
2.930000000e+03  1.1064706e-01  1.10647e-01  7.08592e-05  9.93863e-02  1.11902e-02  0.00000e+00  0.00000e+00  0.00000e+00  3.07904e-08
2.940000000e+03  1.0622538e-01  1.06225e-01  6.97787e-05  9.78708e-02  8.28470e-03  0.00000e+00  0.00000e+00  0.00000e+00  1.98200e-08
2.950000000e+03  1.5931535e-01  1.59315e-01  6.97029e-05  9.77646e-02  6.14811e-02  0.00000e+00  0.00000e+00  0.00000e+00  3.62201e-09
2.960000000e+03  2.0123923e-01  2.01239e-01  8.23080e-05  1.15445e-01  8.57127e-02  0.00000e+00  0.00000e+00  0.00000e+00  8.72322e-10
2.970000000e+03  1.4266445e-01  1.42664e-01  5.35614e-05  7.51244e-02  6.74863e-02  0.00000e+00  0.00000e+00  0.00000e+00  4.08320e-10
2.980000000e+03  1.3679555e-01  1.36796e-01  7.53900e-05  1.05741e-01  3.09793e-02  0.00000e+00  0.00000e+00  0.00000e+00  3.65637e-10
2.990000000e+03  1.1145544e-01  1.11455e-01  6.84115e-05  9.59531e-02  1.54341e-02  0.00000e+00  0.00000e+00  1.37506e-09  1.88879e-10
3.000000000e+03  8.5452913e-02  8.54529e-02  5.64496e-05  7.91752e-02  6.22104e-03  0.00000e+00  0.00000e+00  1.10646e-08  3.70275e-11
3.010000000e+03  9.9666278e-02  9.96663e-02  6.91195e-05  9.69460e-02  2.65086e-03  0.00000e+00  0.00000e+00  3.44731e-07  9.04467e-12
3.020000000e+03  8.8420932e-02  8.84209e-02  6.12122e-05  8.58555e-02  2.50254e-03  0.00000e+00  0.00000e+00  1.35591e-06  2.51370e-12
3.030000000e+03  1.3574409e-01  1.35744e-01  9.10400e-05  1.27691e-01  7.89387e-03  0.00000e+00  0.00000e+00  6.77661e-05  8.44953e-13
3.040000000e+03  1.4101455e-01  1.41015e-01  8.74254e-05  1.22621e-01  1.81024e-02  0.00000e+00  0.00000e+00  2.02964e-04  1.04417e-11
3.050000000e+03  2.4991030e-01  2.49910e-01  9.95575e-05  1.39639e-01  1.09528e-01  0.00000e+00  0.00000e+00  6.44485e-04  1.65154e-12
3.060000000e+03  4.3024242e-01  4.30242e-01  8.20660e-05  1.15105e-01  3.14902e-01  0.00000e+00  0.00000e+00  1.52708e-04  1.63688e-11
3.070000000e+03  5.7241081e+00  5.72411e+00  9.08682e-05  1.27451e-01  5.59645e+00  0.00000e+00  0.00000e+00  1.17003e-04  1.90898e-10
3.080000000e+03  1.5279014e+01  1.52790e+01  9.23646e-05  1.29550e-01  1.51493e+01  0.00000e+00  0.00000e+00  5.12031e-05  1.09444e-09
3.090000000e+03  1.9540470e+01  1.95405e+01  8.78490e-05  1.23216e-01  1.94171e+01  0.00000e+00  0.00000e+00  1.77926e-05  6.58238e-09
3.100000000e+03  1.1307423e+01  1.13074e+01  8.34032e-05  1.16980e-01  1.11903e+01  0.00000e+00  0.00000e+00  3.49735e-06  3.33634e-07
3.110000000e+03  4.5253775e+00  4.52538e+00  1.01867e-04  1.42878e-01  4.38239e+00  0.00000e+00  0.00000e+00  9.55387e-07  5.24221e-06
3.120000000e+03  1.9434453e+00  1.94345e+00  1.01618e-04  1.42529e-01  1.80079e+00  3.34202e-10  0.00000e+00  9.16726e-08  2.58613e-05
3.130000000e+03  1.3582536e+00  1.35825e+00  1.00664e-04  1.41190e-01  1.21684e+00  0.00000e+00  0.00000e+00  3.12614e-08  1.20940e-04
3.140000000e+03  2.7920616e+00  2.79206e+00  1.02863e-04  1.44274e-01  2.64732e+00  0.00000e+00  0.00000e+00  1.32103e-08  3.66491e-04
3.150000000e+03  2.8374058e+00  2.83741e+00  9.84189e-05  1.38041e-01  2.69915e+00  0.00000e+00  0.00000e+00  2.16703e-09  1.17387e-04
3.160000000e+03  1.1897154e+00  1.18972e+00  9.44433e-05  1.32465e-01  1.05702e+00  0.00000e+00  0.00000e+00  0.00000e+00  1.34312e-04
3.170000000e+03  5.9507996e-01  5.95080e-01  1.07592e-04  1.50907e-01  4.44039e-01  0.00000e+00  0.00000e+00  0.00000e+00  2.69350e-05
3.180000000e+03  3.8474564e-01  3.84746e-01  1.09076e-04  1.52988e-01  2.31643e-01  0.00000e+00  0.00000e+00  0.00000e+00  5.41828e-06
3.190000000e+03  2.7831990e-01  2.78320e-01  1.06294e-04  1.49086e-01  1.29127e-01  0.00000e+00  0.00000e+00  0.00000e+00  4.62180e-07
3.200000000e+03  3.1055845e-01  3.10558e-01  1.17189e-04  1.64368e-01  1.46073e-01  0.00000e+00  0.00000e+00  0.00000e+00  3.34611e-08
3.210000000e+03  3.2074351e-01  3.20744e-01  1.17040e-04  1.64159e-01  1.56468e-01  0.00000e+00  0.00000e+00  0.00000e+00  1.00320e-08
3.220000000e+03  2.4299791e-01  2.42998e-01  1.10303e-04  1.54710e-01  8.81775e-02  0.00000e+00  0.00000e+00  0.00000e+00  2.95872e-09
3.230000000e+03  1.9473425e-01  1.94734e-01  1.07126e-04  1.50253e-01  4.43735e-02  0.00000e+00  0.00000e+00  0.00000e+00  4.67177e-10
3.240000000e+03  1.7151193e-01  1.71512e-01  1.14740e-04  1.60933e-01  1.04645e-02  0.00000e+00  0.00000e+00  0.00000e+00  1.46540e-10
3.250000000e+03  1.9267680e-01  1.92677e-01  1.32274e-04  1.85526e-01  7.01873e-03  0.00000e+00  0.00000e+00  7.95617e-09  1.79530e-11
3.260000000e+03  2.3114072e-01  2.31141e-01  1.51762e-04  2.12859e-01  1.81299e-02  0.00000e+00  0.00000e+00  1.07647e-07  1.25890e-12
3.270000000e+03  2.4466974e-01  2.44670e-01  1.58640e-04  2.22506e-01  2.20041e-02  0.00000e+00  0.00000e+00  9.92673e-07  1.49298e-12
3.280000000e+03  2.4599362e-01  2.45994e-01  1.55923e-04  2.18696e-01  2.71394e-02  0.00000e+00  0.00000e+00  1.98860e-06  0.00000e+00
3.290000000e+03  2.4331034e-01  2.43310e-01  1.64125e-04  2.30200e-01  1.29228e-02  0.00000e+00  0.00000e+00  2.38669e-05  0.00000e+00
3.300000000e+03  2.4926215e-01  2.49262e-01  1.73192e-04  2.42917e-01  6.10330e-03  0.00000e+00  0.00000e+00  6.85695e-05  0.00000e+00
3.310000000e+03  2.3962554e-01  2.39626e-01  1.67553e-04  2.35008e-01  3.25995e-03  0.00000e+00  5.57828e-09  1.19012e-03  0.00000e+00
3.320000000e+03  2.4292545e-01  2.42925e-01  1.63037e-04  2.28674e-01  1.40603e-03  0.00000e+00  6.86493e-10  1.26815e-02  0.00000e+00
3.330000000e+03  3.0176633e-01  3.01766e-01  1.60875e-04  2.25641e-01  7.52035e-04  2.24926e-05  5.71754e-09  7.51905e-02  0.00000e+00
3.340000000e+03  4.9085954e-01  4.90860e-01  1.62342e-04  2.27698e-01  8.81121e-04  4.67856e-06  7.16848e-10  2.62113e-01  0.00000e+00
3.350000000e+03  7.2576260e-01  7.25763e-01  1.64164e-04  2.30254e-01  9.08238e-04  0.00000e+00  0.00000e+00  4.94433e-01  1.31082e-13
3.360000000e+03  1.3567268e+00  1.35673e+00  1.54480e-04  2.16671e-01  7.54553e-04  0.00000e+00  0.00000e+00  1.13915e+00  2.29319e-12
3.370000000e+03  4.9762293e-01  4.97623e-01  1.48735e-04  2.08613e-01  4.43007e-04  0.00000e+00  0.00000e+00  2.88418e-01  6.21969e-12
3.380000000e+03  4.9830527e-01  4.98305e-01  1.57521e-04  2.20937e-01  2.03563e-04  0.00000e+00  0.00000e+00  2.77007e-01  6.05271e-11
3.390000000e+03  3.9200186e-01  3.92002e-01  1.69956e-04  2.38379e-01  1.12449e-04  0.00000e+00  0.00000e+00  1.53341e-01  8.87684e-11
3.400000000e+03  2.8097583e-01  2.80976e-01  1.77834e-04  2.49427e-01  7.59623e-05  0.00000e+00  0.00000e+00  3.12951e-02  2.31396e-10
3.410000000e+03  2.5353711e-01  2.53537e-01  1.77356e-04  2.48758e-01  1.85319e-04  0.00000e+00  0.00000e+00  4.41658e-03  2.18121e-09
3.420000000e+03  2.5115371e-01  2.51154e-01  1.78353e-04  2.50156e-01  2.11502e-04  0.00000e+00  0.00000e+00  6.08424e-04  1.00088e-08
3.430000000e+03  2.4981866e-01  2.49819e-01  1.76937e-04  2.48169e-01  1.36846e-03  0.00000e+00  2.09782e-07  1.03944e-04  2.02931e-08
3.440000000e+03  2.4494508e-01  2.44945e-01  1.66499e-04  2.33530e-01  1.12168e-02  0.00000e+00  4.96166e-08  3.18265e-05  1.27467e-07
3.450000000e+03  2.5526781e-01  2.55268e-01  1.65289e-04  2.31832e-01  2.32528e-02  0.00000e+00  9.90984e-08  1.78555e-05  4.75262e-08
3.460000000e+03  3.1188140e-01  3.11881e-01  1.73128e-04  2.42827e-01  6.88771e-02  0.00000e+00  1.42706e-06  2.20655e-06  6.29259e-08
3.470000000e+03  3.1709450e-01  3.17094e-01  1.75805e-04  2.46582e-01  7.03350e-02  0.00000e+00  6.51336e-07  1.14713e-06  8.98311e-09
3.480000000e+03  2.8644702e-01  2.86447e-01  1.73750e-04  2.43699e-01  4.25733e-02  0.00000e+00  6.16665e-07  2.44552e-07  4.30998e-11
3.490000000e+03  2.8575606e-01  2.85756e-01  1.76772e-04  2.47938e-01  3.76362e-02  0.00000e+00  4.09743e-06  1.57084e-08  9.36546e-11
3.500000000e+03  2.8016958e-01  2.80170e-01  1.87631e-04  2.63170e-01  1.68088e-02  0.00000e+00  3.28524e-06  5.75402e-08  1.67390e-08
3.510000000e+03  2.9042937e-01  2.90429e-01  1.93943e-04  2.72022e-01  1.82115e-02  0.00000e+00  1.87724e-06  8.31824e-09  3.91032e-11
3.520000000e+03  2.8630832e-01  2.86308e-01  1.91734e-04  2.68923e-01  1.71922e-02  0.00000e+00  1.30905e-06  8.71164e-09  7.21362e-11
3.530000000e+03  2.9455557e-01  2.94556e-01  1.96348e-04  2.75395e-01  1.89593e-02  0.00000e+00  5.09678e-06  2.61880e-09  1.55413e-11
3.540000000e+03  3.0338016e-01  3.03380e-01  2.10579e-04  2.95357e-01  7.80751e-03  0.00000e+00  5.90223e-06  8.48697e-10  1.20584e-11
3.550000000e+03  3.0568159e-01  3.05682e-01  2.14787e-04  3.01258e-01  4.20506e-03  0.00000e+00  3.93378e-06  0.00000e+00  1.17439e-11
3.560000000e+03  2.8310317e-01  2.83103e-01  2.00484e-04  2.81197e-01  1.70385e-03  0.00000e+00  1.87537e-06  0.00000e+00  6.09724e-12
3.570000000e+03  2.5205126e-01  2.52051e-01  1.77531e-04  2.49003e-01  2.30031e-03  5.69020e-04  1.69027e-06  0.00000e+00  7.24361e-12
3.580000000e+03  4.1096118e-01  4.10961e-01  1.66964e-04  2.34182e-01  1.73757e-03  1.74874e-01  1.13454e-06  0.00000e+00  1.14421e-12
3.590000000e+03  2.6393334e-01  2.63933e-01  1.78639e-04  2.50557e-01  1.02590e-03  1.21680e-02  3.74260e-06  0.00000e+00  6.58264e-13
3.600000000e+03  2.7500979e-01  2.75010e-01  1.95602e-04  2.74348e-01  4.60300e-04  0.00000e+00  5.67595e-06  0.00000e+00  0.00000e+00
3.610000000e+03  2.7946177e-01  2.79462e-01  1.98897e-04  2.78971e-01  2.79689e-04  0.00000e+00  1.24583e-05  0.00000e+00  4.77620e-08
3.620000000e+03  2.8034256e-01  2.80343e-01  1.99616e-04  2.79980e-01  1.55861e-04  0.00000e+00  7.28080e-06  2.02431e-09  8.84375e-08
3.630000000e+03  2.9239895e-01  2.92399e-01  2.08100e-04  2.91879e-01  2.56360e-04  0.00000e+00  2.36809e-05  1.59727e-08  3.18158e-05
3.640000000e+03  3.0610907e-01  3.06109e-01  2.17904e-04  3.05629e-01  1.90898e-04  0.00000e+00  8.00599e-06  3.95778e-08  6.36776e-05
3.650000000e+03  3.2568988e-01  3.25690e-01  2.31819e-04  3.25146e-01  2.72496e-04  0.00000e+00  9.18139e-06  2.85993e-07  2.99597e-05
3.660000000e+03  3.5060459e-01  3.50605e-01  2.49706e-04  3.50235e-01  9.80913e-05  0.00000e+00  6.48171e-06  7.35422e-07  1.45104e-05
3.670000000e+03  3.5882752e-01  3.58828e-01  2.55605e-04  3.58508e-01  4.55873e-05  0.00000e+00  1.96928e-06  5.65902e-06  1.01548e-05
3.680000000e+03  3.5777755e-01  3.57778e-01  2.54859e-04  3.57462e-01  2.24648e-05  0.00000e+00  1.65034e-06  2.90765e-05  7.18318e-06
3.690000000e+03  3.5901295e-01  3.59013e-01  2.55725e-04  3.58677e-01  5.31745e-06  0.00000e+00  2.32267e-06  7.01442e-05  3.13088e-06
3.700000000e+03  3.6506597e-01  3.65066e-01  2.59886e-04  3.64512e-01  3.02490e-06  0.00000e+00  1.11801e-06  2.89177e-04  9.63963e-07
3.710000000e+03  3.6055698e-01  3.60557e-01  2.56099e-04  3.59202e-01  7.76143e-07  0.00000e+00  8.77308e-07  1.09630e-03  9.98780e-07
3.720000000e+03  3.4363170e-01  3.43632e-01  2.43289e-04  3.41233e-01  0.00000e+00  0.00000e+00  6.14534e-07  2.15333e-03  4.66265e-07
3.730000000e+03  3.2077907e-01  3.20779e-01  2.26214e-04  3.17284e-01  0.00000e+00  0.00000e+00  2.15689e-05  3.24719e-03  1.79023e-10
3.740000000e+03  3.1106115e-01  3.11061e-01  2.16206e-04  3.03247e-01  0.00000e+00  0.00000e+00  2.70150e-05  7.57057e-03  2.19886e-07
3.750000000e+03  3.2624029e-01  3.26240e-01  2.21473e-04  3.10635e-01  0.00000e+00  0.00000e+00  1.76112e-05  1.53656e-02  5.71253e-08
3.760000000e+03  3.4353002e-01  3.43530e-01  2.42310e-04  3.39861e-01  0.00000e+00  0.00000e+00  1.06320e-05  3.41688e-03  7.99826e-08
3.770000000e+03  3.7868094e-01  3.78681e-01  2.66238e-04  3.73422e-01  0.00000e+00  0.00000e+00  7.72535e-06  4.98425e-03  5.07060e-08
3.780000000e+03  3.9618152e-01  3.96182e-01  2.80151e-04  3.92936e-01  0.00000e+00  0.00000e+00  6.67859e-06  2.95815e-03  1.79991e-08
3.790000000e+03  3.9320981e-01  3.93210e-01  2.79441e-04  3.91941e-01  0.00000e+00  0.00000e+00  1.37938e-05  9.75994e-04  1.52748e-08
3.800000000e+03  3.7768643e-01  3.77686e-01  2.68992e-04  3.77285e-01  0.00000e+00  0.00000e+00  4.91164e-05  8.33324e-05  3.97501e-09
3.810000000e+03  3.5195418e-01  3.51954e-01  2.50641e-04  3.51547e-01  0.00000e+00  0.00000e+00  1.50973e-04  6.21076e-06  8.49440e-09
3.820000000e+03  3.1245835e-01  3.12458e-01  2.22344e-04  3.11857e-01  0.00000e+00  0.00000e+00  3.75918e-04  2.69136e-06  9.06952e-10
3.830000000e+03  2.8434075e-01  2.84341e-01  2.02299e-04  2.83742e-01  0.00000e+00  0.00000e+00  3.94897e-04  2.03097e-06  4.21770e-09
3.840000000e+03  2.8442313e-01  2.84423e-01  2.02026e-04  2.83360e-01  6.04099e-07  3.12824e-05  8.29324e-04  3.11732e-07  9.14667e-08
3.850000000e+03  3.1426629e-01  3.14266e-01  2.18975e-04  3.07132e-01  9.42935e-07  6.07187e-03  8.42409e-04  1.78456e-07  2.44315e-07
3.860000000e+03  9.9751052e-01  9.97511e-01  2.31280e-04  3.24390e-01  2.54117e-06  6.72473e-01  4.12608e-04  2.41648e-08  7.61271e-07
3.870000000e+03  9.3077547e+00  9.30775e+00  2.37153e-04  3.32628e-01  7.71143e-06  8.97367e+00  1.09912e-03  1.29347e-08  1.30658e-04
3.880000000e+03  3.3243833e+01  3.32438e+01  2.44331e-04  3.42695e-01  2.66135e-05  3.29003e+01  5.17035e-04  2.10101e-09  1.36058e-04
3.890000000e+03  3.6802520e-01  3.68025e-01  2.61405e-04  3.66643e-01  9.25348e-05  0.00000e+00  4.21444e-04  7.98385e-10  6.06860e-04
3.900000000e+03  3.9664917e-01  3.96649e-01  2.81791e-04  3.95236e-01  3.01512e-04  0.00000e+00  3.68344e-04  0.00000e+00  4.61461e-04
3.910000000e+03  3.9953390e-01  3.99534e-01  2.83572e-04  3.97735e-01  3.49033e-04  0.00000e+00  9.19890e-04  0.00000e+00  2.46213e-04
3.920000000e+03  3.6987136e-01  3.69871e-01  2.62476e-04  3.68146e-01  1.12133e-03  0.00000e+00  2.47517e-04  0.00000e+00  9.41023e-05
3.930000000e+03  3.3563595e-01  3.35636e-01  2.37994e-04  3.33807e-01  1.25104e-03  0.00000e+00  2.99005e-04  0.00000e+00  4.06107e-05
3.940000000e+03  3.3028166e-01  3.30282e-01  2.33770e-04  3.27883e-01  1.90426e-03  0.00000e+00  2.40435e-04  0.00000e+00  1.95875e-05
3.950000000e+03  3.4252936e-01  3.42529e-01  2.42910e-04  3.40702e-01  1.24785e-03  0.00000e+00  3.27804e-04  0.00000e+00  8.55006e-06
3.960000000e+03  3.6269880e-01  3.62699e-01  2.56778e-04  3.60153e-01  1.95295e-03  0.00000e+00  3.32607e-04  0.00000e+00  3.31571e-06
3.970000000e+03  3.8793293e-01  3.87933e-01  2.75337e-04  3.86184e-01  1.31378e-03  0.00000e+00  1.57663e-04  0.00000e+00  1.00992e-06
3.980000000e+03  4.4326559e-01  4.43266e-01  3.14449e-04  4.41041e-01  1.80419e-03  0.00000e+00  1.04643e-04  0.00000e+00  7.94637e-07
3.990000000e+03  5.1157201e-01  5.11572e-01  3.63610e-04  5.09995e-01  1.12296e-03  0.00000e+00  9.00394e-05  0.00000e+00  3.30681e-07
4.000000000e+03  6.1219334e-01  6.12193e-01  4.35667e-04  6.11062e-01  6.39553e-04  0.00000e+00  5.70031e-05  0.00000e+00  2.30947e-07
4.010000000e+03  5.9261772e-01  5.92618e-01  4.21502e-04  5.91192e-01  9.58453e-04  0.00000e+00  4.46986e-05  0.00000e+00  2.32286e-07
4.020000000e+03  6.3315467e-01  6.33155e-01  4.50662e-04  6.32092e-01  6.07728e-04  0.00000e+00  3.37841e-06  0.00000e+00  1.13966e-07
4.030000000e+03  5.9986467e-01  5.99865e-01  4.26707e-04  5.98494e-01  3.85094e-04  0.00000e+00  5.27485e-04  0.00000e+00  3.18269e-05
4.040000000e+03  6.4209701e-01  6.42097e-01  4.56214e-04  6.39879e-01  4.65173e-04  0.00000e+00  1.23431e-03  0.00000e+00  6.13921e-05
4.050000000e+03  5.9790946e-01  5.97909e-01  4.24355e-04  5.95196e-01  2.55960e-04  0.00000e+00  1.99605e-03  0.00000e+00  3.67832e-05
4.060000000e+03  6.0608995e-01  6.06090e-01  4.29698e-04  6.02688e-01  5.26230e-04  0.00000e+00  2.42700e-03  7.01103e-10  1.77882e-05
4.070000000e+03  5.7866760e-01  5.78668e-01  4.10672e-04  5.76003e-01  3.20492e-04  0.00000e+00  1.92232e-03  8.24324e-09  1.13263e-05
4.080000000e+03  6.2935455e-01  6.29355e-01  4.43863e-04  6.22557e-01  6.46995e-04  0.00000e+00  5.69515e-03  1.44553e-08  1.22160e-05
4.090000000e+03  6.9422442e-01  6.94224e-01  4.92169e-04  6.90310e-01  1.94385e-04  0.00000e+00  3.22628e-03  6.03135e-08  1.82261e-06
4.100000000e+03  5.8559980e-01  5.85600e-01  4.16953e-04  5.84813e-01  2.43583e-04  0.00000e+00  1.23189e-04  1.09491e-07  3.24980e-06
4.110000000e+03  6.8319636e-01  6.83196e-01  4.86062e-04  6.81745e-01  1.46906e-04  1.60476e-08  8.18238e-04  2.48784e-07  1.27194e-06
4.120000000e+03  7.1779087e-01  7.17791e-01  5.10772e-04  7.16401e-01  1.48019e-04  4.62941e-08  7.29024e-04  7.39413e-07  5.99982e-07
4.130000000e+03  6.6511820e-01  6.65118e-01  4.73475e-04  6.64090e-01  1.01215e-04  5.46028e-09  4.50842e-04  1.78939e-06  3.61988e-07
4.140000000e+03  6.6904577e-01  6.69046e-01  4.76017e-04  6.67655e-01  1.47747e-04  7.84976e-09  7.65685e-04  1.50056e-06  5.63035e-08
4.150000000e+03  7.1306170e-01  7.13062e-01  5.05373e-04  7.08830e-01  5.78539e-05  2.95856e-06  3.66174e-03  3.51197e-06  1.10684e-07
4.160000000e+03  7.2058066e-01  7.20581e-01  5.12931e-04  7.19431e-01  5.09513e-05  2.94283e-05  5.50220e-04  6.24742e-06  2.29373e-08
4.170000000e+03  6.8380981e-01  6.83810e-01  4.85390e-04  6.80802e-01  2.08355e-05  1.30385e-03  1.18794e-03  9.97352e-06  7.54996e-08
4.180000000e+03  6.8916193e-01  6.89162e-01  4.86147e-04  6.81865e-01  1.67599e-05  5.64753e-03  1.12201e-03  2.57353e-05  8.78348e-09
4.190000000e+03  8.8731869e-01  8.87319e-01  4.90056e-04  6.87346e-01  6.61041e-06  1.98625e-01  8.33546e-04  1.66783e-05  5.64814e-08
4.200000000e+03  7.0011112e-01  7.00111e-01  4.19850e-04  5.88876e-01  4.95834e-06  1.06521e-01  4.26449e-03  2.48347e-05  9.06537e-08
4.210000000e+03  3.4291107e+00  3.42911e+00  5.25420e-04  7.36947e-01  9.70439e-07  2.68973e+00  1.88130e-03  2.90447e-05  4.44782e-07
4.220000000e+03  7.2863318e-01  7.28633e-01  5.03548e-04  7.06270e-01  0.00000e+00  2.07002e-02  1.09748e-03  6.13923e-05  1.05904e-06
4.230000000e+03  6.0314676e-01  6.03147e-01  4.28914e-04  6.01590e-01  0.00000e+00  0.00000e+00  1.10954e-03  1.38744e-05  4.59784e-06
4.240000000e+03  6.5178495e-01  6.51785e-01  4.63773e-04  6.50481e-01  0.00000e+00  0.00000e+00  8.05526e-04  1.05164e-05  2.37042e-05
4.250000000e+03  6.6771449e-01  6.67714e-01  4.75301e-04  6.66650e-01  0.00000e+00  0.00000e+00  5.54361e-04  1.38446e-05  2.05027e-05
4.260000000e+03  6.5630266e-01  6.56303e-01  4.67194e-04  6.55280e-01  0.00000e+00  0.00000e+00  4.51228e-04  3.12260e-06  1.00994e-04
4.270000000e+03  6.3050790e-01  6.30508e-01  4.49051e-04  6.29832e-01  0.00000e+00  0.00000e+00  1.04628e-05  6.08345e-08  2.15774e-04
4.280000000e+03  6.3008127e-01  6.30081e-01  4.48767e-04  6.29434e-01  0.00000e+00  1.12834e-08  2.34134e-05  1.76589e-08  1.75150e-04
4.290000000e+03  5.8694386e-01  5.86944e-01  4.14590e-04  5.81498e-01  0.00000e+00  3.38421e-08  4.59508e-03  5.95957e-09  4.35465e-04
4.300000000e+03  5.1626594e-01  5.16266e-01  3.37527e-04  4.73410e-01  0.00000e+00  2.03411e-08  4.19396e-02  1.95474e-09  5.77839e-04
4.310000000e+03  5.4459369e-01  5.44594e-01  3.00727e-04  4.21795e-01  0.00000e+00  0.00000e+00  1.20958e-01  0.00000e+00  1.54037e-03
4.320000000e+03  1.0069683e+00  1.00697e+00  5.47442e-04  7.67835e-01  0.00000e+00  0.00000e+00  2.38584e-01  0.00000e+00  2.57403e-06
4.330000000e+03  9.7284191e-01  9.72842e-01  4.77860e-04  6.70240e-01  0.00000e+00  0.00000e+00  3.02049e-01  0.00000e+00  7.48449e-05
4.340000000e+03  1.0415953e+00  1.04160e+00  4.60369e-04  6.45708e-01  0.00000e+00  0.00000e+00  3.95235e-01  0.00000e+00  1.91436e-04
4.350000000e+03  1.0764100e+00  1.07641e+00  4.96673e-04  6.96627e-01  0.00000e+00  0.00000e+00  3.79172e-01  0.00000e+00  1.13437e-04
4.360000000e+03  1.2999385e+00  1.29994e+00  5.56362e-04  7.80346e-01  0.00000e+00  0.00000e+00  5.18950e-01  0.00000e+00  8.77013e-05
4.370000000e+03  1.9457418e+00  1.94574e+00  5.53325e-04  7.76086e-01  0.00000e+00  0.00000e+00  1.16908e+00  0.00000e+00  2.16494e-05
4.380000000e+03  1.1779295e+00  1.17793e+00  5.12374e-04  7.18650e-01  0.00000e+00  1.25247e-08  4.58762e-01  0.00000e+00  4.60688e-06
4.390000000e+03  7.3574151e-01  7.35742e-01  4.84987e-04  6.80237e-01  0.00000e+00  1.46091e-08  5.50165e-02  0.00000e+00  2.73496e-06
4.400000000e+03  7.7022930e-01  7.70229e-01  5.45026e-04  7.64446e-01  0.00000e+00  5.34968e-07  5.23548e-03  0.00000e+00  1.52784e-06
4.410000000e+03  7.8424551e-01  7.84246e-01  5.48663e-04  7.69547e-01  0.00000e+00  7.52290e-07  1.41493e-02  0.00000e+00  5.11207e-07
4.420000000e+03  8.0890600e-01  8.08906e-01  5.66599e-04  7.94705e-01  9.27440e-07  8.49235e-08  1.36337e-02  0.00000e+00  3.38552e-07
4.430000000e+03  8.1322398e-01  8.13224e-01  5.78319e-04  8.11142e-01  1.98691e-06  2.09775e-09  1.50111e-03  0.00000e+00  1.29377e-07
4.440000000e+03  8.1523443e-01  8.15234e-01  5.78642e-04  8.11597e-01  3.92391e-06  0.00000e+00  3.05551e-03  0.00000e+00  5.15400e-08
4.450000000e+03  8.6776860e-01  8.67769e-01  6.16071e-04  8.64093e-01  1.45735e-05  0.00000e+00  3.04503e-03  0.00000e+00  3.44882e-08
4.460000000e+03  7.7875056e-01  7.78751e-01  5.53017e-04  7.75655e-01  1.48213e-05  0.00000e+00  2.52698e-03  0.00000e+00  2.42594e-08
4.470000000e+03  8.8033206e-01  8.80332e-01  6.25012e-04  8.76634e-01  4.40367e-05  5.04454e-09  3.02899e-03  0.00000e+00  1.07407e-08
4.480000000e+03  8.8816258e-01  8.88163e-01  6.32353e-04  8.86931e-01  2.93245e-05  6.79727e-09  5.70002e-04  0.00000e+00  2.65958e-08
4.490000000e+03  9.1008889e-01  9.10089e-01  6.47975e-04  9.08843e-01  1.89675e-04  6.77760e-07  4.08148e-04  0.00000e+00  1.33239e-08
4.500000000e+03  9.1841464e-01  9.18415e-01  6.53990e-04  9.17279e-01  6.83532e-05  9.99115e-07  4.06023e-04  0.00000e+00  6.92973e-06
4.510000000e+03  1.0017469e+00  1.00175e+00  7.13217e-04  1.00035e+00  3.24979e-04  5.51852e-07  3.52535e-04  0.00000e+00  6.13594e-06
4.520000000e+03  9.3442240e-01  9.34422e-01  6.65459e-04  9.33363e-01  1.50759e-04  1.61954e-06  2.31445e-04  0.00000e+00  9.80786e-06
4.530000000e+03  8.7395985e-01  8.73960e-01  6.22385e-04  8.72949e-01  2.03157e-04  2.77946e-06  1.75441e-04  0.00000e+00  6.41424e-06
4.540000000e+03  9.1681212e-01  9.16812e-01  6.52963e-04  9.15836e-01  2.16766e-04  8.30443e-05  1.99003e-05  0.00000e+00  2.82956e-06
4.550000000e+03  9.3585923e-01  9.35859e-01  6.66446e-04  9.34749e-01  1.56294e-04  2.71840e-04  1.37389e-05  0.00000e+00  2.09716e-06
4.560000000e+03  9.6679518e-01  9.66795e-01  6.82901e-04  9.57828e-01  1.34815e-04  3.00602e-04  7.84897e-03  0.00000e+00  7.87344e-07
4.570000000e+03  1.0286451e+00  1.02865e+00  6.92663e-04  9.71520e-01  1.68612e-04  9.34566e-03  4.69164e-02  0.00000e+00  1.45691e-06
4.580000000e+03  1.0524555e+00  1.05246e+00  6.75483e-04  9.47423e-01  7.19001e-05  7.96111e-03  9.63224e-02  7.29309e-10  5.02155e-07
4.590000000e+03  1.1014932e+00  1.10149e+00  6.86399e-04  9.62733e-01  1.04408e-04  5.88915e-03  1.32079e-01  8.63807e-10  3.18349e-07
4.600000000e+03  1.3644115e+00  1.36441e+00  6.77360e-04  9.50056e-01  4.57445e-05  1.28310e-01  2.85317e-01  0.00000e+00  1.60443e-07
4.610000000e+03  1.5375864e+00  1.53759e+00  7.02235e-04  9.84945e-01  6.24231e-05  6.82828e-03  5.45043e-01  1.93876e-09  4.97403e-09
4.620000000e+03  1.8971800e+00  1.89718e+00  6.95799e-04  9.75918e-01  5.34291e-05  0.00000e+00  9.20515e-01  8.94736e-09  8.95188e-08
4.630000000e+03  2.4093614e+00  2.40936e+00  6.95298e-04  9.75216e-01  3.63738e-05  0.00000e+00  1.43341e+00  1.19489e-08  2.28343e-09
4.640000000e+03  3.0772731e+00  3.07727e+00  7.01023e-04  9.83248e-01  1.50091e-05  0.00000e+00  2.09331e+00  1.23876e-08  3.45421e-08
4.650000000e+03  3.1560453e+00  3.15605e+00  6.92278e-04  9.70981e-01  1.27922e-05  0.00000e+00  2.18435e+00  8.73323e-09  5.27037e-09
4.660000000e+03  3.9999743e+00  3.99997e+00  7.11307e-04  9.97670e-01  8.39090e-06  0.00000e+00  3.00159e+00  1.85226e-08  2.00429e-08
4.670000000e+03  4.5217688e+00  4.52177e+00  6.94390e-04  9.73943e-01  7.15674e-06  0.00000e+00  3.54712e+00  3.15954e-08  2.52082e-09
4.680000000e+03  6.4966293e+00  6.49663e+00  7.30047e-04  1.02395e+00  2.74536e-06  9.37398e-08  5.47195e+00  3.63113e-08  9.10531e-09
4.690000000e+03  6.5383568e+00  6.53836e+00  7.23596e-04  1.01491e+00  0.00000e+00  1.76063e-07  5.52272e+00  6.48646e-08  3.29765e-10
4.700000000e+03  7.4932156e+00  7.49322e+00  6.96022e-04  9.76230e-01  0.00000e+00  2.42110e-07  6.51628e+00  8.96764e-08  3.18363e-09
4.710000000e+03  6.6867559e+00  6.68676e+00  6.97262e-04  9.77972e-01  0.00000e+00  1.19106e-08  5.70809e+00  6.91313e-08  1.63352e-09
4.720000000e+03  7.0027815e+00  7.00278e+00  7.33080e-04  1.02821e+00  0.00000e+00  0.00000e+00  5.97384e+00  1.34001e-08  1.22839e-09
4.730000000e+03  4.7544883e+00  4.75449e+00  7.30045e-04  1.02395e+00  0.00000e+00  4.87713e-06  3.72980e+00  5.00483e-08  5.02835e-09
4.740000000e+03  6.5670934e+00  6.56709e+00  7.34865e-04  1.03071e+00  0.00000e+00  8.78232e-06  5.53562e+00  5.79370e-08  5.70263e-09
4.750000000e+03  1.0992039e+00  1.09920e+00  7.64313e-04  1.07202e+00  0.00000e+00  1.16256e-05  2.64127e-02  5.17002e-08  2.21090e-08
4.760000000e+03  1.0721226e+00  1.07212e+00  7.47458e-04  1.04838e+00  0.00000e+00  5.72325e-07  2.29991e-02  7.72470e-08  5.02343e-08
4.770000000e+03  1.0887725e+00  1.08877e+00  7.46956e-04  1.04767e+00  0.00000e+00  1.63688e-08  4.03554e-02  6.70056e-08  9.40696e-08
4.780000000e+03  1.1129988e+00  1.11300e+00  7.83902e-04  1.09949e+00  0.00000e+00  4.00852e-09  1.27242e-02  5.41783e-08  2.68574e-07
4.790000000e+03  1.0499209e+00  1.04992e+00  7.43689e-04  1.04309e+00  0.00000e+00  6.36445e-08  6.08778e-03  7.88210e-08  1.66245e-07
4.800000000e+03  1.0839646e+00  1.08396e+00  7.65138e-04  1.07317e+00  0.00000e+00  1.17220e-07  1.00258e-02  1.21776e-08  4.48106e-07
4.810000000e+03  1.0780738e+00  1.07807e+00  7.59060e-04  1.06465e+00  0.00000e+00  1.74135e-08  1.26663e-02  3.77424e-09  7.61819e-07
4.820000000e+03  1.1281472e+00  1.12815e+00  7.80810e-04  1.09515e+00  0.00000e+00  0.00000e+00  3.22108e-02  3.83302e-08  1.26277e-06
4.830000000e+03  1.1265741e+00  1.12657e+00  7.74754e-04  1.08666e+00  0.00000e+00  4.68475e-06  3.91325e-02  0.00000e+00  3.06667e-06
4.840000000e+03  1.0973078e+00  1.09731e+00  7.49251e-04  1.05089e+00  0.00000e+00  8.64372e-06  4.56563e-02  0.00000e+00  3.11695e-06
4.850000000e+03  1.0879142e+00  1.08791e+00  7.55858e-04  1.06016e+00  0.00000e+00  1.29489e-05  2.69835e-02  0.00000e+00  4.10722e-06
4.860000000e+03  9.3404347e-01  9.34043e-01  6.24930e-04  8.76520e-01  0.00000e+00  7.69864e-07  5.68933e-02  0.00000e+00  4.83564e-06
4.870000000e+03  1.0586078e+00  1.05861e+00  6.99511e-04  9.81127e-01  0.00000e+00  1.84642e-08  7.67710e-02  0.00000e+00  1.11713e-05
4.880000000e+03  1.1552519e+00  1.15525e+00  7.52087e-04  1.05487e+00  0.00000e+00  0.00000e+00  9.96178e-02  0.00000e+00  1.38545e-05
4.890000000e+03  1.0930520e+00  1.09305e+00  7.07321e-04  9.92078e-01  0.00000e+00  2.12694e-08  1.00250e-01  0.00000e+00  1.66604e-05
4.900000000e+03  1.2607457e+00  1.26075e+00  7.95845e-04  1.11624e+00  0.00000e+00  2.91459e-08  1.43707e-01  0.00000e+00  2.55763e-08
4.910000000e+03  1.2710025e+00  1.27100e+00  7.53306e-04  1.05658e+00  0.00000e+00  3.15424e-08  2.13670e-01  0.00000e+00  2.32881e-06
4.920000000e+03  1.3191087e+00  1.31911e+00  7.18483e-04  1.00774e+00  0.00000e+00  1.64850e-08  3.10651e-01  0.00000e+00  4.26316e-06
4.930000000e+03  1.5322130e+00  1.53221e+00  7.87764e-04  1.10491e+00  0.00000e+00  3.49899e-07  4.26520e-01  0.00000e+00  3.20251e-06
4.940000000e+03  1.4807192e+00  1.48072e+00  7.57032e-04  1.06180e+00  0.00000e+00  6.89164e-06  4.18150e-01  0.00000e+00  1.17231e-06
4.950000000e+03  1.6418765e+00  1.64188e+00  8.17144e-04  1.14612e+00  0.00000e+00  8.09270e-06  4.94939e-01  0.00000e+00  1.01327e-07
4.960000000e+03  1.8284343e+00  1.82843e+00  7.90049e-04  1.10811e+00  0.00000e+00  1.32711e-06  7.19527e-01  0.00000e+00  5.58717e-08
4.970000000e+03  1.9156358e+00  1.91564e+00  7.77865e-04  1.09102e+00  0.00000e+00  1.38803e-07  8.23834e-01  0.00000e+00  3.34615e-08
4.980000000e+03  2.0522313e+00  2.05223e+00  7.62429e-04  1.06937e+00  0.00000e+00  8.77251e-06  9.82087e-01  0.00000e+00  1.74369e-08
4.990000000e+03  2.7552647e+00  2.75526e+00  7.51967e-04  1.05470e+00  0.00000e+00  1.64977e-05  1.69979e+00  0.00000e+00  8.39305e-09
5.000000000e+03  2.7003527e+00  2.70035e+00  7.57230e-04  1.06208e+00  0.00000e+00  1.00107e-08  1.63751e+00  0.00000e+00  2.92468e-09
5.010000000e+03  2.7530881e+00  2.75309e+00  7.41411e-04  1.03989e+00  0.00000e+00  1.66216e-05  1.71244e+00  0.00000e+00  3.23375e-09
5.020000000e+03  3.6896209e+00  3.68962e+00  7.46507e-04  1.04704e+00  0.00000e+00  4.48325e-04  2.64139e+00  0.00000e+00  2.47693e-09
5.030000000e+03  3.8621547e+00  3.86215e+00  7.83459e-04  1.09887e+00  0.00000e+00  5.14326e-04  2.76198e+00  0.00000e+00  1.65014e-09
5.040000000e+03  4.8239432e+00  4.82394e+00  7.32822e-04  1.02785e+00  0.00000e+00  2.23941e-07  3.79536e+00  0.00000e+00  2.05666e-09
5.050000000e+03  5.4021353e+00  5.40214e+00  7.96905e-04  1.11773e+00  0.00000e+00  1.20998e-04  4.28349e+00  0.00000e+00  1.43568e-09
5.060000000e+03  5.4790516e+00  5.47905e+00  8.54961e-04  1.19916e+00  0.00000e+00  2.49483e-03  4.27653e+00  0.00000e+00  8.03423e-07
5.070000000e+03  7.5490941e+00  7.54909e+00  7.97074e-04  1.11797e+00  0.00000e+00  3.14550e-03  6.42718e+00  0.00000e+00  8.82730e-08
5.080000000e+03  8.6275767e+00  8.62758e+00  7.65179e-04  1.07323e+00  0.00000e+00  1.15902e-08  7.55358e+00  0.00000e+00  8.16023e-07
5.090000000e+03  1.0271826e+01  1.02718e+01  8.29536e-04  1.16350e+00  0.00000e+00  0.00000e+00  9.10750e+00  0.00000e+00  8.33784e-07
5.100000000e+03  1.1012326e+01  1.10123e+01  8.00437e-04  1.12268e+00  0.00000e+00  0.00000e+00  9.88885e+00  0.00000e+00  7.50845e-07
5.110000000e+03  1.2703126e+01  1.27031e+01  8.10755e-04  1.13715e+00  0.00000e+00  0.00000e+00  1.15652e+01  0.00000e+00  2.20481e-07
5.120000000e+03  1.5097577e+01  1.50976e+01  8.42507e-04  1.18169e+00  0.00000e+00  4.50582e-08  1.39150e+01  0.00000e+00  2.35824e-07
5.130000000e+03  1.8527289e+01  1.85273e+01  7.79858e-04  1.09382e+00  0.00000e+00  1.07428e-04  1.74325e+01  0.00000e+00  2.23632e-07
5.140000000e+03  1.3513196e+01  1.35132e+01  7.73342e-04  1.08468e+00  0.00000e+00  1.00509e-04  1.24276e+01  0.00000e+00  1.88872e-07
5.150000000e+03  1.4830937e+01  1.48309e+01  7.81058e-04  1.09550e+00  0.00000e+00  1.70154e-04  1.37345e+01  0.00000e+00  7.88945e-08
5.160000000e+03  2.2536388e+01  2.25364e+01  8.19281e-04  1.14911e+00  0.00000e+00  9.46379e-06  2.13863e+01  0.00000e+00  3.86899e-10
5.170000000e+03  1.9460585e+01  1.94606e+01  6.19353e-04  8.68697e-01  0.00000e+00  1.67198e-06  1.85914e+01  0.00000e+00  3.51453e-08
5.180000000e+03  1.0448297e+00  1.04483e+00  7.39109e-04  1.03666e+00  0.00000e+00  4.15096e-07  7.42617e-03  0.00000e+00  1.96258e-08
5.190000000e+03  1.0172687e+00  1.01727e+00  7.19389e-04  1.00901e+00  0.00000e+00  3.46413e-08  7.54232e-03  0.00000e+00  4.13541e-09
5.200000000e+03  1.1146905e+00  1.11469e+00  7.86398e-04  1.10299e+00  0.00000e+00  0.00000e+00  1.09132e-02  0.00000e+00  1.13099e-08
5.210000000e+03  1.1331864e+00  1.13319e+00  8.02387e-04  1.12542e+00  0.00000e+00  0.00000e+00  6.96500e-03  0.00000e+00  5.67347e-10
5.220000000e+03  1.1746509e+00  1.17465e+00  8.32181e-04  1.16721e+00  0.00000e+00  0.00000e+00  6.61353e-03  0.00000e+00  7.21531e-09
5.230000000e+03  1.1122873e+00  1.11229e+00  7.79871e-04  1.09384e+00  0.00000e+00  1.65893e-07  1.76690e-02  0.00000e+00  6.14214e-11
5.240000000e+03  1.1884295e+00  1.18843e+00  8.40499e-04  1.17887e+00  0.00000e+00  1.34226e-04  8.58057e-03  0.00000e+00  3.43229e-09
5.250000000e+03  1.2049311e+00  1.20493e+00  8.41304e-04  1.18000e+00  0.00000e+00  1.01874e-04  2.39873e-02  0.00000e+00  6.48616e-10
5.260000000e+03  1.1352941e+00  1.13529e+00  7.98004e-04  1.11927e+00  0.00000e+00  1.68827e-04  1.50558e-02  9.34041e-10  1.82290e-09
5.270000000e+03  1.0222853e+00  1.02229e+00  7.16868e-04  1.00547e+00  0.00000e+00  1.36612e-05  1.60841e-02  8.44580e-10  1.06262e-10
5.280000000e+03  1.2032976e+00  1.20330e+00  8.34986e-04  1.17114e+00  0.00000e+00  9.49760e-07  3.13216e-02  2.99441e-09  3.59491e-11
5.290000000e+03  1.2604560e+00  1.26046e+00  8.85213e-04  1.24159e+00  0.00000e+00  3.76980e-07  1.79816e-02  0.00000e+00  9.69924e-10
5.300000000e+03  1.2577863e+00  1.25779e+00  8.37969e-04  1.17532e+00  0.00000e+00  9.42330e-08  8.16250e-02  2.89746e-09  1.89668e-12
5.310000000e+03  1.3406047e+00  1.34060e+00  9.07554e-04  1.27292e+00  0.00000e+00  2.39106e-09  6.67739e-02  3.96424e-09  5.95221e-11
5.320000000e+03  1.3695700e+00  1.36957e+00  8.69741e-04  1.21989e+00  0.00000e+00  0.00000e+00  1.48813e-01  7.38849e-09  4.65409e-11
5.330000000e+03  1.2391184e+00  1.23912e+00  7.68224e-04  1.07750e+00  0.00000e+00  0.00000e+00  1.60849e-01  2.31820e-09  1.66311e-10
5.340000000e+03  1.3353153e+00  1.33532e+00  8.28410e-04  1.16192e+00  0.00000e+00  0.00000e+00  1.72570e-01  1.44035e-09  2.64843e-11
5.350000000e+03  1.4790852e+00  1.47909e+00  8.59192e-04  1.20509e+00  0.00000e+00  5.08768e-06  2.73128e-01  7.98622e-10  2.63827e-10
5.360000000e+03  1.5845806e+00  1.58458e+00  9.06864e-04  1.27195e+00  0.00000e+00  7.86074e-05  3.11641e-01  0.00000e+00  1.36803e-10
5.370000000e+03  1.6648316e+00  1.66483e+00  8.41006e-04  1.17959e+00  0.00000e+00  8.96987e-05  4.84314e-01  1.25872e-09  3.61895e-10
5.380000000e+03  1.7151197e+00  1.71512e+00  9.02637e-04  1.26603e+00  0.00000e+00  3.19711e-05  4.48157e-01  2.47489e-09  1.14631e-10
5.390000000e+03  1.7788253e+00  1.77883e+00  8.83084e-04  1.23860e+00  0.00000e+00  2.19220e-06  5.39336e-01  1.15746e-09  1.24780e-09
5.400000000e+03  1.9768577e+00  1.97686e+00  8.61358e-04  1.20813e+00  0.00000e+00  2.43699e-07  7.67868e-01  4.71932e-09  3.33950e-10
5.410000000e+03  2.0572161e+00  2.05722e+00  8.13268e-04  1.14068e+00  0.00000e+00  8.87707e-08  9.15724e-01  4.37379e-09  3.07929e-09
5.420000000e+03  2.3596566e+00  2.35966e+00  8.91093e-04  1.24984e+00  0.00000e+00  4.24340e-08  1.10892e+00  2.64497e-09  3.78593e-10
5.430000000e+03  2.5176374e+00  2.51764e+00  8.64262e-04  1.21220e+00  0.00000e+00  1.52240e-09  1.30457e+00  7.40884e-09  5.40024e-09
5.440000000e+03  3.0691018e+00  3.06910e+00  9.16420e-04  1.28536e+00  0.00000e+00  0.00000e+00  1.78283e+00  2.21295e-09  8.72756e-09
5.450000000e+03  3.1398805e+00  3.13988e+00  9.01071e-04  1.26383e+00  0.00000e+00  0.00000e+00  1.87514e+00  1.06952e-08  6.98546e-09
5.460000000e+03  3.2587071e+00  3.25871e+00  8.93051e-04  1.25258e+00  0.00000e+00  7.00326e-09  2.00523e+00  8.29046e-09  1.81423e-08
5.470000000e+03  3.7358675e+00  3.73587e+00  9.13361e-04  1.28107e+00  0.00000e+00  2.52208e-06  2.45388e+00  1.10557e-08  6.82641e-10
5.480000000e+03  3.6184963e+00  3.61850e+00  8.60725e-04  1.20724e+00  0.00000e+00  3.22746e-05  2.41036e+00  1.84279e-08  3.68237e-08
5.490000000e+03  3.7808642e+00  3.78086e+00  9.01259e-04  1.26409e+00  0.00000e+00  3.27946e-05  2.51584e+00  1.30605e-08  2.22092e-08
5.500000000e+03  5.2155095e+00  5.21551e+00  8.99690e-04  1.26190e+00  0.00000e+00  1.06435e-05  3.95271e+00  3.43789e-09  3.83838e-08
5.510000000e+03  4.5064400e+00  4.50644e+00  8.87961e-04  1.24544e+00  0.00000e+00  1.46264e-06  3.26012e+00  2.09607e-09  9.56501e-08
5.520000000e+03  4.7762639e+00  4.77626e+00  9.32436e-04  1.30782e+00  0.00000e+00  4.66283e-07  3.46751e+00  0.00000e+00  4.55725e-08
5.530000000e+03  5.5157112e+00  5.51571e+00  8.98510e-04  1.26024e+00  0.00000e+00  1.18426e-08  4.25457e+00  0.00000e+00  8.80278e-08
5.540000000e+03  6.9600655e+00  6.96007e+00  9.27938e-04  1.30152e+00  0.00000e+00  2.51858e-08  5.65763e+00  0.00000e+00  1.76342e-07
5.550000000e+03  5.1053947e+00  5.10539e+00  9.36174e-04  1.31307e+00  0.00000e+00  2.72435e-06  3.79138e+00  0.00000e+00  2.42653e-07
5.560000000e+03  5.5560396e+00  5.55604e+00  9.11700e-04  1.27874e+00  0.00000e+00  1.77390e-05  4.27638e+00  0.00000e+00  1.48953e-07
5.570000000e+03  6.2410200e+00  6.24102e+00  8.95605e-04  1.25616e+00  0.00000e+00  2.77300e-05  4.98392e+00  0.00000e+00  3.05142e-07
5.580000000e+03  7.1366520e+00  7.13665e+00  9.27399e-04  1.30076e+00  0.00000e+00  0.00000e+00  5.83497e+00  0.00000e+00  6.36823e-07
5.590000000e+03  6.5937609e+00  6.59376e+00  8.80887e-04  1.23552e+00  0.00000e+00  9.10222e-08  5.35735e+00  0.00000e+00  7.47794e-07
5.600000000e+03  4.2617373e+00  4.26174e+00  8.93884e-04  1.25375e+00  0.00000e+00  6.89433e-05  3.00702e+00  0.00000e+00  7.78490e-07
5.610000000e+03  5.1673193e+00  5.16732e+00  9.80191e-04  1.37480e+00  0.00000e+00  2.19396e-03  3.78935e+00  0.00000e+00  3.20606e-08
5.620000000e+03  5.0924422e+00  5.09244e+00  8.95374e-04  1.25584e+00  0.00000e+00  1.50094e-03  3.83421e+00  0.00000e+00  1.43548e-08
5.630000000e+03  6.5343030e+00  6.53430e+00  9.52250e-04  1.33561e+00  0.00000e+00  2.38395e-03  5.19535e+00  0.00000e+00  1.32319e-07
5.640000000e+03  6.0279622e+00  6.02796e+00  9.37989e-04  1.31561e+00  0.00000e+00  3.19855e-04  4.71110e+00  0.00000e+00  2.85128e-07
5.650000000e+03  1.3447040e+00  1.34470e+00  9.56255e-04  1.34123e+00  0.00000e+00  2.55315e-05  2.49205e-03  0.00000e+00  1.46366e-07
5.660000000e+03  1.2440355e+00  1.24404e+00  8.84165e-04  1.24012e+00  0.00000e+00  1.36589e-06  3.03216e-03  0.00000e+00  3.42801e-09
5.670000000e+03  1.3425832e+00  1.34258e+00  9.55201e-04  1.33975e+00  0.00000e+00  1.16830e-07  1.87501e-03  0.00000e+00  2.00783e-09
5.680000000e+03  1.3487095e+00  1.34871e+00  9.59658e-04  1.34600e+00  0.00000e+00  2.29567e-09  1.74525e-03  0.00000e+00  1.87283e-09
5.690000000e+03  1.3228648e+00  1.32286e+00  9.40881e-04  1.31967e+00  0.00000e+00  0.00000e+00  2.25608e-03  0.00000e+00  8.78553e-10
5.700000000e+03  1.3443346e+00  1.34433e+00  9.53750e-04  1.33772e+00  0.00000e+00  0.00000e+00  5.66326e-03  0.00000e+00  5.78718e-10
5.710000000e+03  1.3005685e+00  1.30057e+00  9.24287e-04  1.29639e+00  0.00000e+00  0.00000e+00  3.25094e-03  0.00000e+00  4.01191e-10
5.720000000e+03  1.3835986e+00  1.38360e+00  9.83124e-04  1.37892e+00  0.00000e+00  5.80570e-06  3.69304e-03  0.00000e+00  5.90086e-10
5.730000000e+03  1.4014640e+00  1.40146e+00  9.95788e-04  1.39668e+00  0.00000e+00  1.13626e-03  2.65472e-03  0.00000e+00  4.77507e-08
5.740000000e+03  1.3982261e+00  1.39823e+00  9.92877e-04  1.39260e+00  0.00000e+00  9.99082e-04  3.63935e-03  0.00000e+00  5.74345e-08
5.750000000e+03  1.3712674e+00  1.37127e+00  9.69333e-04  1.35957e+00  0.00000e+00  2.12117e-03  8.60242e-03  0.00000e+00  5.77694e-08
5.760000000e+03  1.3679179e+00  1.36792e+00  9.65714e-04  1.35450e+00  0.00000e+00  6.46235e-04  1.18093e-02  0.00000e+00  7.23764e-09
5.770000000e+03  1.4331858e+00  1.43319e+00  9.92712e-04  1.39237e+00  0.00000e+00  3.45931e-05  3.97906e-02  0.00000e+00  1.46987e-07
5.780000000e+03  1.4316749e+00  1.43167e+00  9.73306e-04  1.36515e+00  0.00000e+00  2.96257e-06  6.55525e-02  0.00000e+00  1.19134e-07
5.790000000e+03  1.4318634e+00  1.43186e+00  9.68181e-04  1.35796e+00  0.00000e+00  3.37884e-07  7.29369e-02  0.00000e+00  1.24816e-07
5.800000000e+03  1.4975548e+00  1.49755e+00  9.98471e-04  1.40044e+00  0.00000e+00  5.10284e-09  9.61138e-02  0.00000e+00  7.22743e-08
5.810000000e+03  1.4913951e+00  1.49140e+00  9.87172e-04  1.38460e+00  0.00000e+00  0.00000e+00  1.05812e-01  0.00000e+00  4.38887e-08
5.820000000e+03  1.5133371e+00  1.51334e+00  9.99236e-04  1.40152e+00  0.00000e+00  0.00000e+00  1.10824e-01  0.00000e+00  2.43494e-08
5.830000000e+03  1.5737674e+00  1.57377e+00  1.01182e-03  1.41916e+00  0.00000e+00  0.00000e+00  1.53592e-01  0.00000e+00  3.48557e-08
5.840000000e+03  1.6131145e+00  1.61311e+00  1.00806e-03  1.41389e+00  0.00000e+00  0.00000e+00  1.98220e-01  0.00000e+00  2.95555e-08
5.850000000e+03  1.5910750e+00  1.59107e+00  1.00438e-03  1.40874e+00  0.00000e+00  1.40621e-05  1.81318e-01  0.00000e+00  1.15022e-08
5.860000000e+03  1.6196982e+00  1.61970e+00  9.64764e-04  1.35316e+00  0.00000e+00  7.86803e-04  2.64782e-01  0.00000e+00  1.03574e-09
5.870000000e+03  1.6745642e+00  1.67456e+00  1.01043e-03  1.41721e+00  0.00000e+00  4.39372e-04  2.55901e-01  0.00000e+00  5.36621e-09
5.880000000e+03  1.8209676e+00  1.82097e+00  1.00903e-03  1.41525e+00  0.00000e+00  9.76709e-04  4.03733e-01  0.00000e+00  4.29716e-09
5.890000000e+03  1.7817553e+00  1.78176e+00  9.19495e-04  1.28967e+00  0.00000e+00  2.56992e-04  4.90907e-01  0.00000e+00  1.27304e-10
5.900000000e+03  1.9389389e+00  1.93894e+00  9.52599e-04  1.33610e+00  0.00000e+00  2.44128e-05  6.01858e-01  0.00000e+00  2.58913e-09
5.910000000e+03  1.8992313e+00  1.89923e+00  1.00494e-03  1.40952e+00  0.00000e+00  1.54836e-06  4.88709e-01  0.00000e+00  8.05106e-11
5.920000000e+03  2.0433411e+00  2.04334e+00  1.00339e-03  1.40734e+00  0.00000e+00  1.65436e-07  6.35000e-01  0.00000e+00  9.11789e-10
5.930000000e+03  1.9490061e+00  1.94901e+00  1.00272e-03  1.40640e+00  0.00000e+00  1.11402e-08  5.41605e-01  0.00000e+00  6.35707e-11
5.940000000e+03  2.1186726e+00  2.11867e+00  1.01604e-03  1.42508e+00  0.00000e+00  0.00000e+00  6.92575e-01  0.00000e+00  7.97328e-10
5.950000000e+03  2.2247151e+00  2.22472e+00  1.01079e-03  1.41772e+00  0.00000e+00  0.00000e+00  8.05991e-01  0.00000e+00  4.51098e-11
5.960000000e+03  2.3050439e+00  2.30504e+00  1.02441e-03  1.43682e+00  0.00000e+00  0.00000e+00  8.67188e-01  0.00000e+00  0.00000e+00
5.970000000e+03  2.0920325e+00  2.09203e+00  1.03526e-03  1.45204e+00  0.00000e+00  0.00000e+00  6.38956e-01  0.00000e+00  3.42325e-10
5.980000000e+03  2.2308261e+00  2.23083e+00  1.01514e-03  1.42382e+00  0.00000e+00  0.00000e+00  8.05985e-01  0.00000e+00  1.19810e-10
5.990000000e+03  2.3554773e+00  2.35548e+00  1.01540e-03  1.42419e+00  0.00000e+00  5.64103e-05  9.30223e-01  0.00000e+00  0.00000e+00
6.000000000e+03  2.5415184e+00  2.54152e+00  1.02190e-03  1.43331e+00  0.00000e+00  2.43766e-04  1.10696e+00  0.00000e+00  1.24314e-10
6.010000000e+03  2.4460609e+00  2.44606e+00  1.00235e-03  1.40588e+00  0.00000e+00  2.58880e-04  1.03891e+00  0.00000e+00  0.00000e+00
6.020000000e+03  2.2183227e+00  2.21832e+00  1.00025e-03  1.40294e+00  0.00000e+00  1.76205e-04  8.14209e-01  0.00000e+00  0.00000e+00
6.030000000e+03  2.4467653e+00  2.44677e+00  1.01487e-03  1.42345e+00  0.00000e+00  2.66876e-05  1.02228e+00  0.00000e+00  1.44210e-11
6.040000000e+03  2.5650970e+00  2.56510e+00  1.04504e-03  1.46576e+00  0.00000e+00  2.74835e-06  1.09829e+00  0.00000e+00  3.14424e-11
6.050000000e+03  2.5486750e+00  2.54867e+00  1.04555e-03  1.46647e+00  0.00000e+00  1.68554e-07  1.08116e+00  0.00000e+00  9.04111e-13
6.060000000e+03  3.1466055e+00  3.14661e+00  1.03835e-03  1.45638e+00  0.00000e+00  6.21130e-09  1.68919e+00  0.00000e+00  3.98145e-12
6.070000000e+03  2.2367881e+00  2.23679e+00  1.03218e-03  1.44772e+00  0.00000e+00  6.96902e-10  7.88040e-01  0.00000e+00  2.59255e-11
6.080000000e+03  2.2076646e+00  2.20766e+00  1.03574e-03  1.45271e+00  0.00000e+00  0.00000e+00  7.53916e-01  0.00000e+00  2.67988e-12
6.090000000e+03  2.3365301e+00  2.33653e+00  1.02277e-03  1.43452e+00  0.00000e+00  0.00000e+00  9.00995e-01  0.00000e+00  3.44403e-12
6.100000000e+03  2.4088336e+00  2.40883e+00  1.01614e-03  1.42523e+00  0.00000e+00  0.00000e+00  9.82584e-01  0.00000e+00  4.92027e-12
6.110000000e+03  2.6425716e+00  2.64257e+00  1.02780e-03  1.44157e+00  0.00000e+00  0.00000e+00  1.19998e+00  0.00000e+00  1.29353e-11
6.120000000e+03  3.3165376e+00  3.31654e+00  1.01798e-03  1.42781e+00  0.00000e+00  0.00000e+00  1.88772e+00  0.00000e+00  1.76024e-11
6.130000000e+03  1.8012888e+00  1.80129e+00  1.00634e-03  1.41149e+00  0.00000e+00  2.51897e-05  3.88769e-01  0.00000e+00  1.60367e-11
6.140000000e+03  1.8127130e+00  1.81271e+00  9.81872e-04  1.37716e+00  0.00000e+00  6.10246e-05  4.34508e-01  0.00000e+00  1.80546e-11
6.150000000e+03  1.9203973e+00  1.92040e+00  1.02118e-03  1.43230e+00  0.00000e+00  3.10070e-05  4.87049e-01  0.00000e+00  3.16066e-11
6.160000000e+03  1.9136939e+00  1.91369e+00  9.70803e-04  1.36164e+00  0.00000e+00  7.29746e-05  5.51015e-01  0.00000e+00  1.45125e-11
6.170000000e+03  2.0053842e+00  2.00538e+00  9.88085e-04  1.38587e+00  0.00000e+00  8.55407e-06  6.18511e-01  0.00000e+00  2.25701e-11
6.180000000e+03  2.1544064e+00  2.15441e+00  1.03475e-03  1.45133e+00  0.00000e+00  3.95219e-05  7.02006e-01  0.00000e+00  1.01167e-10
6.190000000e+03  2.7398709e+00  2.73987e+00  1.02567e-03  1.43859e+00  0.00000e+00  1.51782e-02  1.28509e+00  0.00000e+00  1.79374e-11
6.200000000e+03  1.4911893e+00  1.49119e+00  1.04592e-03  1.46700e+00  0.00000e+00  2.18289e-02  1.31520e-03  0.00000e+00  3.97568e-11
6.210000000e+03  1.5045434e+00  1.50454e+00  1.06188e-03  1.48938e+00  0.00000e+00  1.31698e-02  9.35767e-04  0.00000e+00  2.48576e-10
6.220000000e+03  1.4633855e+00  1.46339e+00  1.01797e-03  1.42780e+00  0.00000e+00  3.40625e-02  5.09592e-04  0.00000e+00  5.40977e-11
6.230000000e+03  1.4534638e+00  1.45346e+00  1.03152e-03  1.44680e+00  0.00000e+00  5.09158e-03  5.44262e-04  0.00000e+00  5.37167e-11
6.240000000e+03  1.4385535e+00  1.43855e+00  1.02396e-03  1.43619e+00  0.00000e+00  7.12849e-04  6.22497e-04  0.00000e+00  2.85774e-10
6.250000000e+03  1.4188644e+00  1.41886e+00  1.01084e-03  1.41780e+00  0.00000e+00  5.17273e-05  5.25305e-06  0.00000e+00  7.22925e-11
6.260000000e+03  1.4103565e+00  1.41036e+00  1.00450e-03  1.40889e+00  0.00000e+00  3.88837e-06  4.52273e-04  0.00000e+00  5.45253e-11
6.270000000e+03  1.4574798e+00  1.45748e+00  1.03796e-03  1.45583e+00  0.00000e+00  5.34312e-07  6.14464e-04  0.00000e+00  9.19770e-10
6.280000000e+03  1.4874614e+00  1.48746e+00  1.05684e-03  1.48231e+00  0.00000e+00  7.28216e-06  4.09121e-03  0.00000e+00  1.11239e-10
6.290000000e+03  1.5048925e+00  1.50489e+00  1.06682e-03  1.49631e+00  0.00000e+00  5.73868e-06  7.50454e-03  0.00000e+00  8.56070e-11
6.300000000e+03  1.4663339e+00  1.46633e+00  1.03227e-03  1.44785e+00  0.00000e+00  7.86396e-06  1.74442e-02  0.00000e+00  1.17592e-09
6.310000000e+03  1.5273003e+00  1.52730e+00  1.06850e-03  1.49867e+00  0.00000e+00  1.15125e-05  2.75526e-02  0.00000e+00  9.80004e-11
6.320000000e+03  1.4204510e+00  1.42045e+00  9.97884e-04  1.39962e+00  0.00000e+00  2.74797e-05  1.98070e-02  0.00000e+00  2.38354e-09
6.330000000e+03  1.5327126e+00  1.53271e+00  1.06880e-03  1.49908e+00  0.00000e+00  7.96755e-03  2.45962e-02  0.00000e+00  3.86642e-10
6.340000000e+03  1.5005661e+00  1.50057e+00  1.03361e-03  1.44973e+00  0.00000e+00  1.67112e-02  3.30965e-02  0.00000e+00  2.67380e-10
6.350000000e+03  1.5334641e+00  1.53346e+00  1.05878e-03  1.48503e+00  0.00000e+00  9.47608e-03  3.78963e-02  0.00000e+00  3.38839e-09
6.360000000e+03  1.4963818e+00  1.49638e+00  1.02570e-03  1.43864e+00  0.00000e+00  1.89642e-02  3.77505e-02  0.00000e+00  1.20738e-10
6.370000000e+03  1.5308358e+00  1.53084e+00  1.05235e-03  1.47601e+00  0.00000e+00  4.75632e-03  4.90181e-02  0.00000e+00  5.62026e-09
6.380000000e+03  1.5599536e+00  1.55995e+00  1.07345e-03  1.50560e+00  0.00000e+00  5.24837e-04  5.27518e-02  0.00000e+00  1.21256e-10
6.390000000e+03  1.5484501e+00  1.54845e+00  1.06270e-03  1.49052e+00  0.00000e+00  9.28579e-05  5.67687e-02  0.00000e+00  6.26555e-09
6.400000000e+03  1.5343575e+00  1.53436e+00  1.04224e-03  1.46184e+00  0.00000e+00  1.28768e-05  7.14661e-02  0.00000e+00  2.01610e-09
6.410000000e+03  1.5581759e+00  1.55818e+00  1.05207e-03  1.47563e+00  0.00000e+00  2.32244e-07  8.14977e-02  0.00000e+00  1.46663e-09
6.420000000e+03  1.5606866e+00  1.56069e+00  1.03442e-03  1.45086e+00  0.00000e+00  7.64707e-08  1.08793e-01  0.00000e+00  1.28096e-08
6.430000000e+03  1.6075383e+00  1.60754e+00  1.06844e-03  1.49859e+00  0.00000e+00  1.01032e-06  1.07882e-01  0.00000e+00  5.25660e-09
6.440000000e+03  1.6520623e+00  1.65206e+00  1.05412e-03  1.47849e+00  0.00000e+00  1.48458e-06  1.72516e-01  0.00000e+00  1.37473e-08
6.450000000e+03  1.6282985e+00  1.62830e+00  1.06930e-03  1.49979e+00  0.00000e+00  1.17383e-06  1.27441e-01  0.00000e+00  1.75790e-08
6.460000000e+03  1.6089544e+00  1.60895e+00  1.05400e-03  1.47832e+00  0.00000e+00  3.27676e-06  1.29573e-01  0.00000e+00  1.91151e-09
6.470000000e+03  1.6264877e+00  1.62649e+00  1.04301e-03  1.46291e+00  0.00000e+00  2.40530e-04  1.62297e-01  0.00000e+00  3.00330e-08
6.480000000e+03  1.7051822e+00  1.70518e+00  1.07007e-03  1.50086e+00  0.00000e+00  4.64920e-03  1.98601e-01  0.00000e+00  2.25004e-08
6.490000000e+03  1.6413923e+00  1.64139e+00  1.08037e-03  1.51531e+00  0.00000e+00  3.95282e-03  1.21049e-01  0.00000e+00  2.57807e-08
6.500000000e+03  1.5848995e+00  1.58490e+00  1.00110e-03  1.40413e+00  0.00000e+00  6.68911e-03  1.73076e-01  0.00000e+00  3.80702e-08
6.510000000e+03  1.6751550e+00  1.67516e+00  1.08130e-03  1.51663e+00  0.00000e+00  4.24144e-03  1.53208e-01  0.00000e+00  1.17275e-08
6.520000000e+03  1.7136135e+00  1.71361e+00  1.07379e-03  1.50608e+00  0.00000e+00  1.25153e-03  2.05210e-01  0.00000e+00  3.63294e-10
6.530000000e+03  1.7488613e+00  1.74886e+00  1.08667e-03  1.52415e+00  0.00000e+00  1.14030e-04  2.23508e-01  0.00000e+00  6.75509e-10
6.540000000e+03  1.7013470e+00  1.70135e+00  1.07914e-03  1.51359e+00  0.00000e+00  1.26052e-05  1.86661e-01  0.00000e+00  6.85405e-09
6.550000000e+03  1.6398064e+00  1.63981e+00  1.06068e-03  1.48770e+00  0.00000e+00  1.42410e-06  1.51044e-01  0.00000e+00  2.69953e-08
6.560000000e+03  1.4678627e+00  1.46786e+00  9.31854e-04  1.30701e+00  0.00000e+00  4.41859e-08  1.59923e-01  0.00000e+00  1.75192e-09
6.570000000e+03  1.5423165e+00  1.54232e+00  9.58354e-04  1.34418e+00  0.00000e+00  2.18951e-08  1.97181e-01  0.00000e+00  1.46173e-09
6.580000000e+03  1.7200205e+00  1.72002e+00  1.07159e-03  1.50299e+00  0.00000e+00  5.29609e-09  2.15954e-01  0.00000e+00  6.04318e-10
6.590000000e+03  1.7532213e+00  1.75322e+00  1.07818e-03  1.51224e+00  0.00000e+00  5.94504e-08  2.39901e-01  0.00000e+00  7.67151e-10
6.600000000e+03  1.8247262e+00  1.82473e+00  1.07526e-03  1.50815e+00  0.00000e+00  3.71001e-07  3.15499e-01  0.00000e+00  6.82796e-10
6.610000000e+03  1.6568166e+00  1.65682e+00  1.08290e-03  1.51887e+00  0.00000e+00  1.62840e-07  1.36867e-01  0.00000e+00  1.81092e-10
6.620000000e+03  1.7084175e+00  1.70842e+00  1.10200e-03  1.54565e+00  0.00000e+00  1.57225e-05  1.61644e-01  0.00000e+00  1.91490e-10
6.630000000e+03  1.7020951e+00  1.70210e+00  1.08912e-03  1.52758e+00  0.00000e+00  1.25995e-03  1.72166e-01  0.00000e+00  4.61550e-09
6.640000000e+03  1.6941421e+00  1.69414e+00  1.07764e-03  1.51148e+00  0.00000e+00  1.37592e-03  1.80207e-01  0.00000e+00  3.39785e-09
6.650000000e+03  1.7556597e+00  1.75566e+00  1.08780e-03  1.52574e+00  0.00000e+00  7.42532e-04  2.28087e-01  0.00000e+00  1.30428e-09
6.660000000e+03  1.7367769e+00  1.73678e+00  1.09275e-03  1.53268e+00  0.00000e+00  2.29877e-03  2.00706e-01  0.00000e+00  1.39337e-09
6.670000000e+03  1.7906343e+00  1.79063e+00  1.08535e-03  1.52230e+00  0.00000e+00  5.87731e-04  2.66668e-01  0.00000e+00  9.12116e-10
6.680000000e+03  1.8106087e+00  1.81061e+00  1.08987e-03  1.52863e+00  0.00000e+00  1.13290e-04  2.80773e-01  0.00000e+00  6.84079e-10
6.690000000e+03  1.6654163e+00  1.66542e+00  1.10717e-03  1.55290e+00  0.00000e+00  2.34178e-05  1.11388e-01  0.00000e+00  5.70516e-10
6.700000000e+03  1.6746244e+00  1.67462e+00  1.09598e-03  1.53720e+00  0.00000e+00  1.38999e-06  1.36322e-01  0.00000e+00  7.89015e-11
6.710000000e+03  1.6591289e+00  1.65913e+00  1.09493e-03  1.53573e+00  0.00000e+00  9.88591e-08  1.22303e-01  0.00000e+00  6.29819e-10
6.720000000e+03  1.6664827e+00  1.66648e+00  1.08153e-03  1.51694e+00  0.00000e+00  2.86475e-08  1.48459e-01  0.00000e+00  3.49473e-10
6.730000000e+03  1.6886591e+00  1.68866e+00  1.09729e-03  1.53905e+00  0.00000e+00  1.08169e-09  1.48516e-01  0.00000e+00  1.63016e-10
6.740000000e+03  1.7343371e+00  1.73434e+00  1.10188e-03  1.54548e+00  0.00000e+00  0.00000e+00  1.87753e-01  0.00000e+00  1.69076e-12
6.750000000e+03  1.7214230e+00  1.72142e+00  1.08917e-03  1.52765e+00  0.00000e+00  0.00000e+00  1.92678e-01  0.00000e+00  1.65489e-10
6.760000000e+03  1.8815285e+00  1.88153e+00  1.11123e-03  1.55859e+00  0.00000e+00  5.45060e-08  3.21824e-01  0.00000e+00  0.00000e+00
6.770000000e+03  1.5752196e+00  1.57522e+00  1.09413e-03  1.53461e+00  0.00000e+00  6.09115e-08  3.95173e-02  0.00000e+00  8.41522e-11
6.780000000e+03  1.6097672e+00  1.60977e+00  1.11009e-03  1.55700e+00  0.00000e+00  1.35318e-06  5.16509e-02  0.00000e+00  1.45607e-11
6.790000000e+03  1.6024874e+00  1.60249e+00  1.09906e-03  1.54153e+00  0.00000e+00  1.43143e-04  5.97190e-02  0.00000e+00  4.98191e-11
6.800000000e+03  1.6089618e+00  1.60896e+00  1.09829e-03  1.54045e+00  0.00000e+00  3.32297e-04  6.70780e-02  0.00000e+00  0.00000e+00
6.810000000e+03  1.5953534e+00  1.59535e+00  1.09583e-03  1.53699e+00  0.00000e+00  1.36417e-04  5.71314e-02  0.00000e+00  3.30505e-11
6.820000000e+03  1.6200036e+00  1.62000e+00  1.10179e-03  1.54536e+00  0.00000e+00  4.80196e-04  7.30578e-02  0.00000e+00  0.00000e+00
6.830000000e+03  1.6349388e+00  1.63494e+00  1.10991e-03  1.55675e+00  0.00000e+00  1.68920e-04  7.69083e-02  0.00000e+00  1.31039e-11
6.840000000e+03  1.6217335e+00  1.62173e+00  1.09327e-03  1.53340e+00  0.00000e+00  3.28974e-05  8.72065e-02  0.00000e+00  1.95777e-11
6.850000000e+03  1.6541301e+00  1.65413e+00  1.10914e-03  1.55566e+00  0.00000e+00  3.99099e-06  9.73536e-02  0.00000e+00  0.00000e+00
6.860000000e+03  1.6351164e+00  1.63512e+00  1.07213e-03  1.50376e+00  0.00000e+00  8.74458e-07  1.30284e-01  0.00000e+00  0.00000e+00
6.870000000e+03  1.5736091e+00  1.57361e+00  1.12107e-03  1.57240e+00  0.00000e+00  6.18223e-08  8.38262e-05  0.00000e+00  8.74182e-12
6.880000000e+03  1.5608516e+00  1.56085e+00  1.11199e-03  1.55966e+00  0.00000e+00  5.01257e-09  8.22698e-05  0.00000e+00  0.00000e+00
6.890000000e+03  1.5622680e+00  1.56227e+00  1.11298e-03  1.56106e+00  0.00000e+00  1.18756e-09  9.95928e-05  0.00000e+00  1.29731e-12
6.900000000e+03  1.5735887e+00  1.57359e+00  1.12024e-03  1.57123e+00  0.00000e+00  0.00000e+00  1.23442e-03  0.00000e+00  3.77978e-12
6.910000000e+03  1.5687730e+00  1.56877e+00  1.11504e-03  1.56394e+00  0.00000e+00  1.38383e-04  3.58268e-03  0.00000e+00  7.89102e-13
6.920000000e+03  1.5666836e+00  1.56668e+00  1.10154e-03  1.54501e+00  0.00000e+00  1.59839e-02  4.58745e-03  0.00000e+00  0.00000e+00
6.930000000e+03  1.8393245e+00  1.83932e+00  1.10930e-03  1.55589e+00  0.00000e+00  2.77206e-01  5.11933e-03  0.00000e+00  0.00000e+00
6.940000000e+03  1.7183147e+00  1.71831e+00  1.11964e-03  1.57039e+00  0.00000e+00  1.42678e-01  4.12863e-03  0.00000e+00  0.00000e+00
6.950000000e+03  1.6962005e+00  1.69620e+00  1.10184e-03  1.54542e+00  0.00000e+00  1.43097e-01  6.57702e-03  0.00000e+00  2.60774e-12
6.960000000e+03  1.8929649e+00  1.89296e+00  1.11576e-03  1.56496e+00  0.00000e+00  3.22038e-01  4.85574e-03  0.00000e+00  0.00000e+00
6.970000000e+03  1.6508674e+00  1.65087e+00  1.11629e-03  1.56570e+00  0.00000e+00  7.87626e-02  5.28932e-03  0.00000e+00  0.00000e+00
6.980000000e+03  1.5642179e+00  1.56422e+00  1.09944e-03  1.54206e+00  0.00000e+00  1.29396e-02  8.11952e-03  0.00000e+00  1.92985e-12
6.990000000e+03  1.5913657e+00  1.59137e+00  1.12727e-03  1.58109e+00  0.00000e+00  2.77252e-03  6.37500e-03  0.00000e+00  3.15944e-13
7.000000000e+03  1.5740997e+00  1.57410e+00  1.11582e-03  1.56504e+00  0.00000e+00  5.06922e-04  7.43841e-03  0.00000e+00  0.00000e+00
7.010000000e+03  1.5480117e+00  1.54801e+00  1.09714e-03  1.53884e+00  0.00000e+00  6.16083e-05  8.01227e-03  0.00000e+00  1.50841e-12
7.020000000e+03  1.5455202e+00  1.54552e+00  1.09466e-03  1.53535e+00  0.00000e+00  4.77335e-06  9.07075e-03  0.00000e+00  6.24398e-13
7.030000000e+03  1.5619295e+00  1.56193e+00  1.10407e-03  1.54856e+00  0.00000e+00  2.32604e-07  1.22696e-02  0.00000e+00  0.00000e+00
7.040000000e+03  1.5800030e+00  1.58000e+00  1.11367e-03  1.56203e+00  0.00000e+00  6.00058e-08  1.68636e-02  0.00000e+00  1.73515e-12
7.050000000e+03  1.5991426e+00  1.59914e+00  1.13015e-03  1.58514e+00  0.00000e+00  2.34765e-08  1.28741e-02  0.00000e+00  0.00000e+00
7.060000000e+03  1.5891250e+00  1.58913e+00  1.11528e-03  1.56428e+00  0.00000e+00  5.26095e-08  2.37349e-02  0.00000e+00  0.00000e+00
7.070000000e+03  1.5688639e+00  1.56886e+00  1.10321e-03  1.54735e+00  0.00000e+00  0.00000e+00  2.04062e-02  0.00000e+00  9.15808e-13
7.080000000e+03  1.6197742e+00  1.61977e+00  1.13608e-03  1.59344e+00  0.00000e+00  5.60313e-03  1.95905e-02  0.00000e+00  1.83581e-12
7.090000000e+03  1.6874328e+00  1.68743e+00  1.10145e-03  1.54487e+00  0.00000e+00  1.16310e-01  2.51480e-02  0.00000e+00  3.76285e-12
7.100000000e+03  1.7219087e+00  1.72191e+00  1.12867e-03  1.58306e+00  0.00000e+00  1.13313e-01  2.44105e-02  0.00000e+00  2.64483e-12
7.110000000e+03  1.6665849e+00  1.66658e+00  1.12191e-03  1.57358e+00  0.00000e+00  5.82562e-02  3.36262e-02  0.00000e+00  2.67068e-12
7.120000000e+03  1.7737096e+00  1.77371e+00  1.11517e-03  1.56412e+00  0.00000e+00  1.76196e-01  3.22802e-02  0.00000e+00  2.73708e-12
7.130000000e+03  1.6420102e+00  1.64201e+00  1.09971e-03  1.54243e+00  0.00000e+00  6.84187e-02  3.00572e-02  0.00000e+00  8.64325e-12
7.140000000e+03  1.6579839e+00  1.65798e+00  1.12976e-03  1.58459e+00  0.00000e+00  1.75517e-02  5.47127e-02  0.00000e+00  1.50401e-12
7.150000000e+03  1.5654955e+00  1.56550e+00  1.09266e-03  1.53256e+00  0.00000e+00  3.92270e-03  2.79270e-02  0.00000e+00  8.75498e-12
7.160000000e+03  1.6076123e+00  1.60761e+00  1.12479e-03  1.57761e+00  0.00000e+00  7.41039e-04  2.81369e-02  0.00000e+00  6.93352e-12
7.170000000e+03  1.5742183e+00  1.57422e+00  1.10064e-03  1.54374e+00  0.00000e+00  9.97250e-05  2.92793e-02  0.00000e+00  4.00418e-12
7.180000000e+03  1.5837699e+00  1.58377e+00  1.10278e-03  1.54674e+00  0.00000e+00  8.84704e-06  3.59149e-02  0.00000e+00  5.72555e-12
7.190000000e+03  1.5589393e+00  1.55894e+00  1.08665e-03  1.52411e+00  0.00000e+00  2.53930e-06  3.37372e-02  0.00000e+00  3.45752e-12
7.200000000e+03  1.5971533e+00  1.59715e+00  1.11111e-03  1.55843e+00  0.00000e+00  1.37832e-07  3.76070e-02  0.00000e+00  0.00000e+00
7.210000000e+03  1.5824163e+00  1.58242e+00  1.09835e-03  1.54053e+00  0.00000e+00  2.76898e-08  4.07890e-02  0.00000e+00  6.65325e-12
7.220000000e+03  1.6209488e+00  1.62095e+00  1.11699e-03  1.56668e+00  0.00000e+00  0.00000e+00  5.31545e-02  0.00000e+00  4.58654e-12
7.230000000e+03  1.5924239e+00  1.59242e+00  1.11696e-03  1.56663e+00  0.00000e+00  0.00000e+00  2.46810e-02  0.00000e+00  1.40968e-11
7.240000000e+03  1.6167268e+00  1.61673e+00  1.12996e-03  1.58487e+00  0.00000e+00  0.00000e+00  3.07272e-02  0.00000e+00  1.09999e-12
7.250000000e+03  1.6008417e+00  1.60084e+00  1.12085e-03  1.57209e+00  0.00000e+00  1.59998e-03  2.60302e-02  0.00000e+00  7.92329e-12
7.260000000e+03  1.6326057e+00  1.63261e+00  1.12162e-03  1.57317e+00  0.00000e+00  3.05182e-02  2.77997e-02  0.00000e+00  4.67313e-12
7.270000000e+03  1.6833697e+00  1.68337e+00  1.14032e-03  1.59940e+00  0.00000e+00  3.48979e-02  4.79257e-02  0.00000e+00  1.76774e-11
7.280000000e+03  1.6269077e+00  1.62691e+00  1.12473e-03  1.57753e+00  0.00000e+00  1.60773e-02  3.21788e-02  0.00000e+00  2.19863e-11
7.290000000e+03  1.5945760e+00  1.59458e+00  1.07565e-03  1.50870e+00  0.00000e+00  4.34097e-02  4.13949e-02  0.00000e+00  2.86275e-12
7.300000000e+03  1.6527681e+00  1.65277e+00  1.12706e-03  1.58080e+00  0.00000e+00  2.55311e-02  4.53120e-02  0.00000e+00  2.61785e-12
7.310000000e+03  1.6298134e+00  1.62981e+00  1.11031e-03  1.55730e+00  0.00000e+00  5.25089e-03  6.61479e-02  0.00000e+00  1.50659e-11
7.320000000e+03  1.6155649e+00  1.61556e+00  1.13307e-03  1.58923e+00  0.00000e+00  1.12774e-03  2.40759e-02  0.00000e+00  8.94049e-11
7.330000000e+03  1.5922033e+00  1.59220e+00  1.11729e-03  1.56709e+00  0.00000e+00  2.53560e-04  2.37365e-02  0.00000e+00  1.39556e-11
7.340000000e+03  1.6313506e+00  1.63135e+00  1.14429e-03  1.60496e+00  0.00000e+00  2.72717e-05  2.52197e-02  0.00000e+00  9.37615e-12
7.350000000e+03  1.6237658e+00  1.62377e+00  1.13543e-03  1.59254e+00  0.00000e+00  1.16512e-05  3.00828e-02  0.00000e+00  1.45175e-11
7.360000000e+03  1.6038790e+00  1.60388e+00  1.12272e-03  1.57472e+00  0.00000e+00  1.28549e-06  2.80388e-02  0.00000e+00  7.10998e-11
7.370000000e+03  1.6221145e+00  1.62211e+00  1.13544e-03  1.59256e+00  0.00000e+00  5.10001e-07  2.84200e-02  0.00000e+00  7.08842e-11
7.380000000e+03  1.6240080e+00  1.62401e+00  1.13654e-03  1.59409e+00  0.00000e+00  1.60959e-07  2.87795e-02  0.00000e+00  3.38274e-11
7.390000000e+03  1.5749403e+00  1.57494e+00  1.09438e-03  1.53496e+00  0.00000e+00  1.55986e-07  3.88817e-02  0.00000e+00  1.64960e-11
7.400000000e+03  1.6023290e+00  1.60233e+00  1.11563e-03  1.56477e+00  0.00000e+00  1.96300e-08  3.64387e-02  0.00000e+00  9.00445e-11
7.410000000e+03  1.5971434e+00  1.59714e+00  1.10893e-03  1.55537e+00  0.00000e+00  0.00000e+00  4.06616e-02  0.00000e+00  1.55864e-10
7.420000000e+03  1.5887871e+00  1.58879e+00  1.09122e-03  1.53054e+00  0.00000e+00  3.81341e-06  5.71547e-02  0.00000e+00  9.98856e-12
7.430000000e+03  1.5960734e+00  1.59607e+00  1.12692e-03  1.58060e+00  0.00000e+00  6.11823e-04  1.37381e-02  0.00000e+00  2.29766e-12
7.440000000e+03  1.6185192e+00  1.61852e+00  1.13809e-03  1.59627e+00  0.00000e+00  5.66542e-03  1.54496e-02  0.00000e+00  2.04975e-10
7.450000000e+03  1.5862533e+00  1.58625e+00  1.11509e-03  1.56401e+00  0.00000e+00  6.71590e-03  1.44192e-02  0.00000e+00  2.06854e-10
7.460000000e+03  1.6116368e+00  1.61164e+00  1.13255e-03  1.58851e+00  6.10274e-07  2.46488e-03  1.95331e-02  0.00000e+00  3.63639e-11
7.470000000e+03  1.6411449e+00  1.64114e+00  1.15160e-03  1.61522e+00  6.84260e-06  1.00185e-02  1.47492e-02  0.00000e+00  5.51645e-11
7.480000000e+03  1.6173516e+00  1.61735e+00  1.13541e-03  1.59251e+00  4.12702e-06  4.71425e-03  1.89895e-02  0.00000e+00  5.97974e-10
7.490000000e+03  1.6250982e+00  1.62510e+00  1.13900e-03  1.59755e+00  1.70825e-06  1.86049e-03  2.45490e-02  0.00000e+00  1.17062e-11
7.500000000e+03  1.5952815e+00  1.59528e+00  1.12163e-03  1.57318e+00  1.36414e-06  1.95725e-04  2.07794e-02  0.00000e+00  7.26620e-11
7.510000000e+03  1.6029655e+00  1.60297e+00  1.12501e-03  1.57793e+00  0.00000e+00  3.20926e-05  2.38794e-02  0.00000e+00  3.52831e-10
7.520000000e+03  1.6285997e+00  1.62860e+00  1.14313e-03  1.60334e+00  0.00000e+00  1.78245e-05  2.40972e-02  0.00000e+00  7.48931e-10
7.530000000e+03  1.6189779e+00  1.61898e+00  1.13442e-03  1.59112e+00  5.00606e-06  1.67887e-06  2.67189e-02  0.00000e+00  4.20950e-11
7.540000000e+03  1.6636782e+00  1.66368e+00  1.15630e-03  1.62180e+00  0.00000e+00  6.38641e-07  4.07166e-02  0.00000e+00  2.63923e-10
7.550000000e+03  1.6237046e+00  1.62370e+00  1.15300e-03  1.61718e+00  0.00000e+00  1.47208e-07  5.37425e-03  0.00000e+00  1.07843e-09
7.560000000e+03  1.5925339e+00  1.59253e+00  1.13023e-03  1.58524e+00  1.86756e-06  7.25773e-08  6.15629e-03  0.00000e+00  1.97377e-10
7.570000000e+03  1.6092704e+00  1.60927e+00  1.14325e-03  1.60351e+00  2.57508e-06  1.39532e-08  4.61208e-03  0.00000e+00  4.94466e-10
7.580000000e+03  1.6187778e+00  1.61878e+00  1.14905e-03  1.61165e+00  0.00000e+00  8.50589e-10  5.97933e-03  0.00000e+00  1.45275e-09
7.590000000e+03  1.5955194e+00  1.59552e+00  1.13219e-03  1.58799e+00  3.05949e-06  0.00000e+00  6.39145e-03  0.00000e+00  6.90198e-10
7.600000000e+03  1.6155541e+00  1.61555e+00  1.14543e-03  1.60656e+00  4.01084e-06  0.00000e+00  7.83954e-03  0.00000e+00  2.29949e-11
7.610000000e+03  1.6183857e+00  1.61839e+00  1.14757e-03  1.60957e+00  0.00000e+00  1.39812e-05  7.65760e-03  0.00000e+00  2.38875e-09
7.620000000e+03  1.5840708e+00  1.58407e+00  1.12266e-03  1.57463e+00  3.78289e-06  1.30431e-04  8.18749e-03  0.00000e+00  2.93579e-10
7.630000000e+03  1.6334553e+00  1.63346e+00  1.15663e-03  1.62228e+00  4.53090e-06  1.75245e-03  8.26516e-03  0.00000e+00  1.97676e-09
7.640000000e+03  1.6414267e+00  1.64143e+00  1.16223e-03  1.63013e+00  0.00000e+00  6.92893e-04  9.43787e-03  0.00000e+00  1.45644e-09
7.650000000e+03  1.6453265e+00  1.64533e+00  1.16525e-03  1.63436e+00  0.00000e+00  5.87273e-04  9.21226e-03  0.00000e+00  2.96927e-09
7.660000000e+03  1.5602510e+00  1.56025e+00  1.10269e-03  1.54662e+00  3.59902e-06  1.85082e-03  1.06733e-02  0.00000e+00  1.63584e-09
7.670000000e+03  1.5834286e+00  1.58343e+00  1.11338e-03  1.56161e+00  4.20686e-06  6.47503e-04  2.00488e-02  0.00000e+00  1.87111e-09
7.680000000e+03  1.6205715e+00  1.62057e+00  1.15397e-03  1.61855e+00  0.00000e+00  1.84637e-04  6.89150e-04  0.00000e+00  2.41418e-09
7.690000000e+03  1.6096857e+00  1.60969e+00  1.14678e-03  1.60846e+00  2.94553e-06  4.34522e-05  2.99943e-05  0.00000e+00  1.01889e-09
7.700000000e+03  1.6057861e+00  1.60579e+00  1.14355e-03  1.60393e+00  3.54681e-06  7.16445e-06  7.01030e-04  0.00000e+00  2.03056e-10
7.710000000e+03  1.6037127e+00  1.60371e+00  1.14217e-03  1.60199e+00  0.00000e+00  3.36586e-06  5.73707e-04  0.00000e+00  3.29669e-10
7.720000000e+03  1.6022507e+00  1.60225e+00  1.14102e-03  1.60038e+00  0.00000e+00  3.11248e-07  7.33164e-04  0.00000e+00  4.10180e-10
7.730000000e+03  1.6006215e+00  1.60062e+00  1.13983e-03  1.59871e+00  0.00000e+00  1.12549e-07  7.75346e-04  0.00000e+00  1.50494e-09
7.740000000e+03  1.6218528e+00  1.62185e+00  1.15507e-03  1.62009e+00  4.96956e-06  4.38325e-09  6.03503e-04  0.00000e+00  1.63246e-09
7.750000000e+03  1.5581822e+00  1.55818e+00  1.10958e-03  1.55628e+00  0.00000e+00  7.82199e-09  7.89813e-04  0.00000e+00  3.61862e-11
7.760000000e+03  1.6325104e+00  1.63251e+00  1.16259e-03  1.63063e+00  0.00000e+00  1.99990e-09  7.14337e-04  0.00000e+00  3.62290e-11
7.770000000e+03  1.6245406e+00  1.62454e+00  1.15678e-03  1.62249e+00  0.00000e+00  0.00000e+00  8.96296e-04  0.00000e+00  3.16791e-11
7.780000000e+03  1.6177544e+00  1.61775e+00  1.15244e-03  1.61639e+00  1.53271e-06  0.00000e+00  2.05424e-04  0.00000e+00  2.69657e-11
7.790000000e+03  1.6317937e+00  1.63179e+00  1.16120e-03  1.62868e+00  1.78858e-06  0.00000e+00  1.94846e-03  0.00000e+00  4.12093e-12
7.800000000e+03  1.6139244e+00  1.61392e+00  1.14911e-03  1.61172e+00  0.00000e+00  0.00000e+00  1.05581e-03  0.00000e+00  2.47888e-11
7.810000000e+03  1.6165633e+00  1.61656e+00  1.15070e-03  1.61395e+00  0.00000e+00  3.75308e-06  1.45557e-03  0.00000e+00  1.60422e-11
7.820000000e+03  1.6391419e+00  1.63914e+00  1.16670e-03  1.63639e+00  0.00000e+00  1.06573e-04  1.47904e-03  0.00000e+00  4.89602e-12
7.830000000e+03  1.6270500e+00  1.62705e+00  1.15724e-03  1.62314e+00  0.00000e+00  1.17319e-04  2.63904e-03  0.00000e+00  4.17382e-12
7.840000000e+03  1.6024912e+00  1.60249e+00  1.14002e-03  1.59898e+00  0.00000e+00  6.74159e-05  2.30433e-03  0.00000e+00  5.11814e-12
7.850000000e+03  1.6318443e+00  1.63184e+00  1.16062e-03  1.62787e+00  3.86151e-06  1.76699e-04  2.62946e-03  0.00000e+00  2.01890e-12
7.860000000e+03  1.6531238e+00  1.65312e+00  1.14375e-03  1.60421e+00  8.13602e-06  4.58875e-02  1.87969e-03  0.00000e+00  2.00156e-12
7.870000000e+03  1.8430770e+00  1.84308e+00  1.16549e-03  1.63470e+00  3.69050e-06  2.04589e-01  2.62025e-03  0.00000e+00  0.00000e+00
7.880000000e+03  3.8889766e+00  3.88898e+00  1.15212e-03  1.61595e+00  1.42396e-06  2.26942e+00  2.46728e-03  0.00000e+00  5.77817e-13
7.890000000e+03  2.6418774e+00  2.64188e+00  1.16646e-03  1.63606e+00  0.00000e+00  1.00186e+00  2.78734e-03  0.00000e+00  8.98870e-13
7.900000000e+03  2.4759353e+00  2.47594e+00  1.15612e-03  1.62155e+00  0.00000e+00  8.50110e-01  3.11949e-03  0.00000e+00  0.00000e+00
7.910000000e+03  3.9515788e+00  3.95158e+00  1.15524e-03  1.62033e+00  0.00000e+00  2.32678e+00  3.30889e-03  0.00000e+00  0.00000e+00
7.920000000e+03  2.6212571e+00  2.62126e+00  1.14010e-03  1.59908e+00  4.85132e-06  1.01722e+00  3.80571e-03  0.00000e+00  0.00000e+00
7.930000000e+03  2.0054914e+00  2.00549e+00  1.13830e-03  1.59656e+00  0.00000e+00  4.05142e-01  2.64683e-03  0.00000e+00  0.00000e+00
7.940000000e+03  1.6852037e+00  1.68520e+00  1.12620e-03  1.57959e+00  0.00000e+00  9.98434e-02  4.64437e-03  0.00000e+00  0.00000e+00
7.950000000e+03  1.6107475e+00  1.61075e+00  1.12988e-03  1.58475e+00  1.86921e-06  2.02586e-02  4.60674e-03  0.00000e+00  0.00000e+00
7.960000000e+03  1.6326563e+00  1.63266e+00  1.15262e-03  1.61665e+00  0.00000e+00  9.96741e-03  4.88616e-03  0.00000e+00  0.00000e+00
7.970000000e+03  1.6376253e+00  1.63763e+00  1.16203e-03  1.62985e+00  2.44515e-06  1.17216e-03  5.43381e-03  0.00000e+00  0.00000e+00
7.980000000e+03  1.6359821e+00  1.63598e+00  1.16153e-03  1.62915e+00  3.12772e-06  3.56360e-04  5.30997e-03  0.00000e+00  0.00000e+00
7.990000000e+03  1.6420029e+00  1.64200e+00  1.16544e-03  1.63464e+00  0.00000e+00  2.65311e-05  6.17423e-03  0.00000e+00  0.00000e+00
8.000000000e+03  1.6042084e+00  1.60421e+00  1.13849e-03  1.59684e+00  3.88214e-06  6.08221e-06  6.22354e-03  0.00000e+00  0.00000e+00
8.010000000e+03  1.6386323e+00  1.63863e+00  1.16362e-03  1.63208e+00  0.00000e+00  1.25515e-06  5.38556e-03  0.00000e+00  0.00000e+00
8.020000000e+03  1.6432451e+00  1.64325e+00  1.16537e-03  1.63453e+00  3.85272e-06  1.49760e-06  7.54275e-03  0.00000e+00  0.00000e+00
8.030000000e+03  1.6230071e+00  1.62301e+00  1.15117e-03  1.61462e+00  4.51128e-06  1.42454e-05  7.21494e-03  0.00000e+00  0.00000e+00
8.040000000e+03  1.6390784e+00  1.63908e+00  1.16166e-03  1.62934e+00  0.00000e+00  1.22769e-05  8.56812e-03  0.00000e+00  0.00000e+00
8.050000000e+03  1.5992575e+00  1.59926e+00  1.12962e-03  1.58439e+00  4.97614e-07  3.79760e-03  9.94425e-03  0.00000e+00  0.00000e+00
8.060000000e+03  1.6903132e+00  1.69031e+00  1.16468e-03  1.63357e+00  3.33406e-06  5.14201e-02  4.15374e-03  0.00000e+00  0.00000e+00
8.070000000e+03  2.3178757e+00  2.31788e+00  1.16122e-03  1.62871e+00  4.38421e-06  6.84232e-01  3.76584e-03  0.00000e+00  0.00000e+00
8.080000000e+03  2.2303996e+00  2.23040e+00  1.15611e-03  1.62155e+00  0.00000e+00  6.03878e-01  3.81867e-03  0.00000e+00  0.00000e+00
8.090000000e+03  1.7863779e+00  1.78638e+00  1.13752e-03  1.59548e+00  0.00000e+00  1.84657e-01  5.10573e-03  0.00000e+00  0.00000e+00
8.100000000e+03  1.9721709e+00  1.97217e+00  1.14001e-03  1.59897e+00  3.29207e-06  3.68391e-01  3.67187e-03  0.00000e+00  0.00000e+00
8.110000000e+03  2.6038180e+00  2.60382e+00  1.16286e-03  1.63101e+00  3.82555e-06  9.66010e-01  5.63080e-03  0.00000e+00  0.00000e+00
8.120000000e+03  2.0306326e+00  2.03063e+00  1.16332e-03  1.63166e+00  0.00000e+00  3.93321e-01  4.48949e-03  0.00000e+00  0.00000e+00
8.130000000e+03  1.7434146e+00  1.74341e+00  1.16393e-03  1.63252e+00  0.00000e+00  1.02193e-01  7.54290e-03  0.00000e+00  0.00000e+00
8.140000000e+03  1.6884757e+00  1.68848e+00  1.16792e-03  1.63811e+00  2.60200e-06  4.43257e-02  4.87786e-03  0.00000e+00  0.00000e+00
8.150000000e+03  1.6466022e+00  1.64660e+00  1.16160e-03  1.62925e+00  3.01103e-06  9.04818e-03  7.13846e-03  0.00000e+00  0.00000e+00
8.160000000e+03  1.6326782e+00  1.63268e+00  1.15783e-03  1.62395e+00  0.00000e+00  1.49216e-03  6.07344e-03  0.00000e+00  0.00000e+00
8.170000000e+03  1.6457105e+00  1.64571e+00  1.16637e-03  1.63594e+00  0.00000e+00  5.00906e-04  8.10192e-03  0.00000e+00  0.00000e+00
8.180000000e+03  1.6355873e+00  1.63559e+00  1.15759e-03  1.62363e+00  0.00000e+00  4.48531e-05  1.07582e-02  0.00000e+00  0.00000e+00
8.190000000e+03  1.6028693e+00  1.60287e+00  1.13971e-03  1.59855e+00  1.86515e-06  1.12135e-05  3.16844e-03  0.00000e+00  0.00000e+00
8.200000000e+03  1.5602776e+00  1.56028e+00  1.10874e-03  1.55511e+00  2.08424e-06  2.55046e-06  4.05395e-03  0.00000e+00  0.00000e+00
8.210000000e+03  1.6057152e+00  1.60572e+00  1.14256e-03  1.60254e+00  0.00000e+00  5.06138e-07  2.03340e-03  0.00000e+00  0.00000e+00
8.220000000e+03  1.5827568e+00  1.58276e+00  1.12491e-03  1.57779e+00  0.00000e+00  8.95927e-08  3.84767e-03  0.00000e+00  0.00000e+00
8.230000000e+03  1.6224132e+00  1.62241e+00  1.15260e-03  1.61662e+00  0.00000e+00  2.78509e-08  4.64043e-03  0.00000e+00  0.00000e+00
8.240000000e+03  1.6195029e+00  1.61950e+00  1.15098e-03  1.61436e+00  6.45374e-07  5.84759e-08  3.99754e-03  0.00000e+00  0.00000e+00
8.250000000e+03  1.6232015e+00  1.62320e+00  1.15481e-03  1.61972e+00  7.04494e-07  1.08346e-04  2.21669e-03  0.00000e+00  0.00000e+00
8.260000000e+03  1.6464481e+00  1.64645e+00  1.16449e-03  1.63330e+00  0.00000e+00  7.38294e-03  4.59779e-03  0.00000e+00  0.00000e+00
8.270000000e+03  1.7416506e+00  1.74165e+00  1.16624e-03  1.63576e+00  0.00000e+00  9.98818e-02  4.84270e-03  0.00000e+00  0.00000e+00
8.280000000e+03  1.7934710e+00  1.79347e+00  1.16947e-03  1.64029e+00  3.82105e-06  1.47281e-01  4.72704e-03  0.00000e+00  0.00000e+00
8.290000000e+03  1.7062520e+00  1.70625e+00  1.16817e-03  1.63846e+00  3.27185e-06  6.16772e-02  4.94095e-03  0.00000e+00  0.00000e+00
8.300000000e+03  1.6853056e+00  1.68531e+00  1.15499e-03  1.61997e+00  1.51342e-06  5.96122e-02  4.56515e-03  0.00000e+00  0.00000e+00
8.310000000e+03  1.8154187e+00  1.81542e+00  1.13575e-03  1.59299e+00  0.00000e+00  2.15302e-01  5.99273e-03  0.00000e+00  0.00000e+00
8.320000000e+03  1.7243384e+00  1.72434e+00  1.16208e-03  1.62992e+00  0.00000e+00  8.77398e-02  5.51362e-03  0.00000e+00  0.00000e+00
8.330000000e+03  1.6406090e+00  1.64061e+00  1.12642e-03  1.57991e+00  0.00000e+00  4.99550e-02  9.62080e-03  0.00000e+00  0.00000e+00
8.340000000e+03  1.6246170e+00  1.62462e+00  1.14527e-03  1.60635e+00  0.00000e+00  1.51726e-02  1.95033e-03  0.00000e+00  0.00000e+00
8.350000000e+03  1.6191664e+00  1.61917e+00  1.14868e-03  1.61113e+00  2.60458e-06  5.13958e-03  1.74467e-03  0.00000e+00  0.00000e+00
8.360000000e+03  1.6364327e+00  1.63643e+00  1.16410e-03  1.63275e+00  0.00000e+00  8.15209e-04  1.70065e-03  0.00000e+00  0.00000e+00
8.370000000e+03  1.6296925e+00  1.62969e+00  1.15895e-03  1.62553e+00  0.00000e+00  2.92432e-04  2.71153e-03  0.00000e+00  0.00000e+00
8.380000000e+03  1.6324865e+00  1.63249e+00  1.16172e-03  1.62941e+00  0.00000e+00  1.27528e-04  1.78559e-03  0.00000e+00  0.00000e+00
8.390000000e+03  1.5891223e+00  1.58912e+00  1.13087e-03  1.58615e+00  1.41625e-06  9.86407e-06  1.82902e-03  0.00000e+00  0.00000e+00
8.400000000e+03  1.6312613e+00  1.63126e+00  1.16093e-03  1.62831e+00  1.97977e-06  2.50949e-06  1.78487e-03  0.00000e+00  0.00000e+00
8.410000000e+03  1.6428548e+00  1.64285e+00  1.16822e-03  1.63853e+00  0.00000e+00  5.78713e-07  3.15388e-03  0.00000e+00  0.00000e+00
8.420000000e+03  1.6215492e+00  1.62155e+00  1.15432e-03  1.61903e+00  2.35235e-06  1.09651e-06  1.35909e-03  0.00000e+00  0.00000e+00
8.430000000e+03  1.6311782e+00  1.63118e+00  1.15988e-03  1.62683e+00  2.86577e-06  9.64409e-07  3.17795e-03  0.00000e+00  0.00000e+00
8.440000000e+03  1.5976644e+00  1.59766e+00  1.13696e-03  1.59469e+00  0.00000e+00  1.66051e-06  1.83600e-03  0.00000e+00  0.00000e+00
8.450000000e+03  1.6248781e+00  1.62488e+00  1.15570e-03  1.62097e+00  0.00000e+00  7.30780e-07  2.75015e-03  0.00000e+00  0.00000e+00
8.460000000e+03  1.6410858e+00  1.64109e+00  1.16714e-03  1.63701e+00  2.85668e-06  1.59566e-06  2.90469e-03  0.00000e+00  0.00000e+00
8.470000000e+03  1.5918350e+00  1.59184e+00  1.13147e-03  1.58699e+00  3.33148e-06  5.00803e-04  3.21405e-03  0.00000e+00  0.00000e+00
8.480000000e+03  1.6424305e+00  1.64243e+00  1.16651e-03  1.63614e+00  0.00000e+00  2.03274e-03  3.09828e-03  0.00000e+00  5.50698e-13
8.490000000e+03  1.6712944e+00  1.67129e+00  1.17093e-03  1.64233e+00  0.00000e+00  2.43315e-02  3.46393e-03  0.00000e+00  0.00000e+00
8.500000000e+03  1.4512890e+00  1.45129e+00  1.01898e-03  1.42921e+00  2.89612e-06  1.54956e-02  5.56026e-03  0.00000e+00  0.00000e+00
8.510000000e+03  1.6379234e+00  1.63792e+00  1.16303e-03  1.63125e+00  3.27676e-06  4.99428e-03  5.12335e-04  0.00000e+00  0.00000e+00
8.520000000e+03  1.6006291e+00  1.60063e+00  1.13198e-03  1.58770e+00  0.00000e+00  1.12250e-02  5.73518e-04  0.00000e+00  0.00000e+00
8.530000000e+03  1.6221408e+00  1.62214e+00  1.13746e-03  1.59539e+00  0.00000e+00  2.50211e-02  5.92917e-04  0.00000e+00  0.00000e+00
8.540000000e+03  1.3731870e+00  1.37319e+00  9.70430e-04  1.36111e+00  2.55990e-06  1.06086e-02  4.93266e-04  0.00000e+00  0.00000e+00
8.550000000e+03  1.3662381e+00  1.36624e+00  9.69847e-04  1.36029e+00  2.84174e-06  4.52157e-03  4.52369e-04  0.00000e+00  1.76108e-12
8.560000000e+03  1.6163704e+00  1.61637e+00  1.15065e-03  1.61389e+00  0.00000e+00  7.69553e-04  5.63222e-04  0.00000e+00  1.44808e-12
8.570000000e+03  1.6441814e+00  1.64418e+00  1.17056e-03  1.64181e+00  0.00000e+00  6.08828e-04  5.91795e-04  0.00000e+00  0.00000e+00
8.580000000e+03  1.6198942e+00  1.61989e+00  1.15361e-03  1.61804e+00  0.00000e+00  1.19582e-04  5.84520e-04  0.00000e+00  0.00000e+00
8.590000000e+03  1.6183574e+00  1.61836e+00  1.15224e-03  1.61612e+00  2.02876e-06  5.81205e-05  1.03038e-03  0.00000e+00  8.56171e-13
8.600000000e+03  1.6124018e+00  1.61240e+00  1.14838e-03  1.61071e+00  2.21500e-06  5.03167e-06  5.37171e-04  0.00000e+00  7.44784e-13
8.610000000e+03  1.6151177e+00  1.61512e+00  1.15031e-03  1.61341e+00  0.00000e+00  1.43477e-06  5.56152e-04  0.00000e+00  2.21336e-12
8.620000000e+03  1.6138397e+00  1.61384e+00  1.14902e-03  1.61159e+00  0.00000e+00  3.64215e-07  1.09717e-03  0.00000e+00  0.00000e+00
8.630000000e+03  1.6465184e+00  1.64652e+00  1.17237e-03  1.64435e+00  0.00000e+00  8.21164e-08  9.93794e-04  0.00000e+00  6.09074e-12
8.640000000e+03  1.6483694e+00  1.64837e+00  1.17391e-03  1.64651e+00  0.00000e+00  2.06259e-08  6.85301e-04  0.00000e+00  2.87150e-12
8.650000000e+03  1.6243001e+00  1.62430e+00  1.15665e-03  1.62230e+00  3.01653e-06  7.10491e-07  8.37900e-04  0.00000e+00  7.94065e-12
8.660000000e+03  1.3835154e+00  1.38352e+00  9.84952e-04  1.38148e+00  0.00000e+00  1.48685e-06  1.04660e-03  0.00000e+00  8.34095e-13
8.670000000e+03  1.4449292e+00  1.44493e+00  1.02870e-03  1.44284e+00  0.00000e+00  1.34328e-06  1.06183e-03  0.00000e+00  9.85863e-13
8.680000000e+03  1.5818273e+00  1.58183e+00  1.12620e-03  1.57959e+00  0.00000e+00  1.44136e-06  1.10842e-03  0.00000e+00  8.90732e-12
8.690000000e+03  1.5521680e+00  1.55217e+00  1.10476e-03  1.54953e+00  0.00000e+00  1.05774e-05  1.52311e-03  0.00000e+00  5.81696e-12
8.700000000e+03  1.6280067e+00  1.62801e+00  1.15978e-03  1.62669e+00  0.00000e+00  1.58188e-04  2.64256e-06  0.00000e+00  1.52188e-11
8.710000000e+03  1.6292807e+00  1.62928e+00  1.15985e-03  1.62679e+00  0.00000e+00  1.28916e-03  3.80421e-05  0.00000e+00  3.18394e-12
8.720000000e+03  1.6338666e+00  1.63387e+00  1.16305e-03  1.63128e+00  0.00000e+00  1.37953e-03  4.50395e-05  0.00000e+00  1.30005e-11
8.730000000e+03  1.6361992e+00  1.63620e+00  1.16520e-03  1.63430e+00  0.00000e+00  7.35377e-04  8.32596e-07  0.00000e+00  1.34695e-12
8.740000000e+03  1.6174142e+00  1.61741e+00  1.15193e-03  1.61568e+00  0.00000e+00  4.90780e-04  9.16694e-05  1.61147e-09  6.06646e-12
8.750000000e+03  1.5875760e+00  1.58758e+00  1.13035e-03  1.58541e+00  0.00000e+00  9.94139e-04  4.13757e-05  0.00000e+00  0.00000e+00
8.760000000e+03  1.6103686e+00  1.61037e+00  1.14537e-03  1.60649e+00  0.00000e+00  2.60066e-03  1.38284e-04  0.00000e+00  2.08815e-11
8.770000000e+03  1.6453085e+00  1.64531e+00  1.17153e-03  1.64317e+00  0.00000e+00  8.28216e-04  1.37186e-04  1.57320e-09  1.93891e-11
8.780000000e+03  1.6301408e+00  1.63014e+00  1.16121e-03  1.62870e+00  0.00000e+00  2.81742e-04  1.23466e-06  0.00000e+00  1.43169e-12
8.790000000e+03  1.6277677e+00  1.62777e+00  1.15955e-03  1.62638e+00  0.00000e+00  8.35322e-05  1.46329e-04  0.00000e+00  1.43534e-11
8.800000000e+03  1.6299288e+00  1.62993e+00  1.16111e-03  1.62856e+00  0.00000e+00  1.67205e-05  1.98414e-04  0.00000e+00  8.90859e-13
8.810000000e+03  1.5522450e+00  1.55224e+00  1.10591e-03  1.55113e+00  0.00000e+00  7.46499e-06  1.46001e-06  1.48813e-09  3.15503e-12
8.820000000e+03  1.6341851e+00  1.63419e+00  1.16416e-03  1.63284e+00  0.00000e+00  4.93972e-06  1.74501e-04  0.00000e+00  2.33983e-11
8.830000000e+03  1.6049736e+00  1.60497e+00  1.14348e-03  1.60383e+00  0.00000e+00  4.60028e-07  1.59429e-06  0.00000e+00  0.00000e+00
8.840000000e+03  1.6119931e+00  1.61199e+00  1.14832e-03  1.61062e+00  0.00000e+00  1.39760e-07  2.23524e-04  0.00000e+00  6.27122e-11
8.850000000e+03  1.6385461e+00  1.63855e+00  1.16728e-03  1.63720e+00  0.00000e+00  1.82372e-08  1.76735e-04  0.00000e+00  5.01162e-11
8.860000000e+03  1.6028253e+00  1.60283e+00  1.14195e-03  1.60168e+00  0.00000e+00  7.69852e-09  1.91113e-06  0.00000e+00  2.14768e-11
8.870000000e+03  1.5774124e+00  1.57741e+00  1.12371e-03  1.57611e+00  0.00000e+00  1.58706e-09  1.79742e-04  0.00000e+00  1.86255e-11
8.880000000e+03  1.6298280e+00  1.62983e+00  1.16104e-03  1.62845e+00  0.00000e+00  0.00000e+00  2.11232e-04  0.00000e+00  5.15789e-11
8.890000000e+03  1.6427503e+00  1.64275e+00  1.17035e-03  1.64151e+00  0.00000e+00  1.52447e-08  6.41894e-05  0.00000e+00  8.42667e-11
8.900000000e+03  1.6466334e+00  1.64663e+00  1.17301e-03  1.64525e+00  0.00000e+00  1.49207e-07  2.05540e-04  0.00000e+00  7.21607e-11
8.910000000e+03  1.6543289e+00  1.65433e+00  1.17855e-03  1.65302e+00  0.00000e+00  4.57953e-08  1.32646e-04  0.00000e+00  7.20439e-11
8.920000000e+03  1.6329447e+00  1.63294e+00  1.16329e-03  1.63161e+00  0.00000e+00  1.59400e-07  1.68713e-04  0.00000e+00  7.19765e-11
8.930000000e+03  1.5974503e+00  1.59745e+00  1.13792e-03  1.59603e+00  0.00000e+00  2.47268e-06  2.86807e-04  0.00000e+00  1.67665e-10
8.940000000e+03  1.6535312e+00  1.65353e+00  1.17791e-03  1.65211e+00  0.00000e+00  8.15495e-06  2.30738e-04  0.00000e+00  1.16204e-10
8.950000000e+03  1.6024489e+00  1.60245e+00  1.14150e-03  1.60105e+00  0.00000e+00  8.99868e-05  1.72390e-04  0.00000e+00  1.49625e-11
8.960000000e+03  1.6614865e+00  1.66149e+00  1.18343e-03  1.65986e+00  0.00000e+00  7.14278e-05  3.70686e-04  0.00000e+00  1.77239e-10
8.970000000e+03  1.6321126e+00  1.63211e+00  1.16252e-03  1.63054e+00  0.00000e+00  2.83158e-05  3.85736e-04  0.00000e+00  4.15456e-11
8.980000000e+03  1.6331870e+00  1.63319e+00  1.16336e-03  1.63172e+00  0.00000e+00  2.29430e-05  2.78165e-04  0.00000e+00  6.62051e-11
8.990000000e+03  1.6428768e+00  1.64288e+00  1.17015e-03  1.64124e+00  0.00000e+00  1.00951e-04  3.67184e-04  0.00000e+00  1.02765e-10
9.000000000e+03  1.5984468e+00  1.59845e+00  1.13838e-03  1.59668e+00  0.00000e+00  6.33802e-05  5.67079e-04  0.00000e+00  5.09797e-11
9.010000000e+03  1.5816149e+00  1.58161e+00  1.12649e-03  1.58000e+00  0.00000e+00  3.39116e-05  4.54410e-04  0.00000e+00  1.28302e-10
9.020000000e+03  1.5504009e+00  1.55040e+00  1.10434e-03  1.54894e+00  0.00000e+00  8.39683e-06  3.52444e-04  0.00000e+00  1.81964e-10
9.030000000e+03  1.6306618e+00  1.63066e+00  1.16165e-03  1.62931e+00  0.00000e+00  5.04748e-06  1.85963e-04  0.00000e+00  2.82306e-12
9.040000000e+03  1.6547723e+00  1.65477e+00  1.17852e-03  1.65298e+00  0.00000e+00  1.22666e-06  6.10796e-04  0.00000e+00  0.00000e+00
9.050000000e+03  1.6526871e+00  1.65269e+00  1.17713e-03  1.65103e+00  0.00000e+00  4.77259e-07  4.79151e-04  0.00000e+00  3.81052e-12
9.060000000e+03  1.6116844e+00  1.61168e+00  1.14786e-03  1.60998e+00  0.00000e+00  2.00653e-07  5.62067e-04  0.00000e+00  1.54699e-12
9.070000000e+03  1.6557608e+00  1.65576e+00  1.17925e-03  1.65400e+00  0.00000e+00  9.11038e-08  5.86383e-04  0.00000e+00  3.02382e-10
9.080000000e+03  1.6145797e+00  1.61458e+00  1.14998e-03  1.61295e+00  0.00000e+00  6.62372e-09  4.83126e-04  0.00000e+00  0.00000e+00
9.090000000e+03  1.5785209e+00  1.57852e+00  1.12427e-03  1.57688e+00  0.00000e+00  1.67247e-09  5.13507e-04  0.00000e+00  5.83351e-13
9.100000000e+03  1.6115294e+00  1.61153e+00  1.14780e-03  1.60988e+00  0.00000e+00  0.00000e+00  4.98862e-04  0.00000e+00  2.00703e-12
9.110000000e+03  1.6214292e+00  1.62143e+00  1.15460e-03  1.61943e+00  0.00000e+00  4.58485e-04  3.86058e-04  0.00000e+00  1.33274e-10
9.120000000e+03  1.6458572e+00  1.64586e+00  1.14046e-03  1.59959e+00  0.00000e+00  4.44075e-02  7.24480e-04  0.00000e+00  2.75862e-10
9.130000000e+03  2.0307625e+00  2.03076e+00  1.18047e-03  1.65571e+00  0.00000e+00  3.73219e-01  6.50894e-04  0.00000e+00  0.00000e+00
9.140000000e+03  5.7368828e+00  5.73688e+00  1.17514e-03  1.64823e+00  0.00000e+00  4.08684e+00  6.35621e-04  0.00000e+00  2.60092e-12
9.150000000e+03  9.2492295e+00  9.24923e+00  1.15465e-03  1.61950e+00  0.00000e+00  7.62778e+00  7.77267e-04  0.00000e+00  2.23449e-10
9.160000000e+03  5.8744720e+00  5.87447e+00  1.17185e-03  1.64363e+00  0.00000e+00  4.22887e+00  8.18303e-04  0.00000e+00  1.11489e-10
9.170000000e+03  3.8779194e+00  3.87792e+00  1.15809e-03  1.62432e+00  0.00000e+00  2.25193e+00  5.01397e-04  0.00000e+00  1.77386e-10
9.180000000e+03  4.6192847e+00  4.61928e+00  1.15560e-03  1.62083e+00  0.00000e+00  2.99651e+00  7.88634e-04  0.00000e+00  0.00000e+00
9.190000000e+03  1.2605328e+01  1.26053e+01  1.17010e-03  1.64118e+00  0.00000e+00  1.09618e+01  1.20176e-03  0.00000e+00  2.51160e-10
9.200000000e+03  5.0979908e+00  5.09799e+00  1.16142e-03  1.62899e+00  0.00000e+00  3.46736e+00  4.86736e-04  0.00000e+00  1.79089e-10
9.210000000e+03  4.9111027e+00  4.91110e+00  1.13881e-03  1.59728e+00  0.00000e+00  3.31167e+00  1.01147e-03  0.00000e+00  2.31966e-10
9.220000000e+03  2.8112007e+00  2.81120e+00  1.13123e-03  1.58665e+00  0.00000e+00  1.22253e+00  8.89871e-04  0.00000e+00  3.38419e-10
9.230000000e+03  1.9018504e+00  1.90185e+00  1.09265e-03  1.53254e+00  0.00000e+00  3.67388e-01  8.27354e-04  0.00000e+00  2.47856e-10
9.240000000e+03  1.8246705e+00  1.82467e+00  1.13762e-03  1.59562e+00  0.00000e+00  2.26949e-01  9.63849e-04  0.00000e+00  6.55077e-10
9.250000000e+03  1.6558500e+00  1.65585e+00  1.14725e-03  1.60912e+00  0.00000e+00  4.45228e-02  1.05572e-03  0.00000e+00  0.00000e+00
9.260000000e+03  1.5865714e+00  1.58657e+00  1.11827e-03  1.56846e+00  0.00000e+00  1.56485e-02  1.34201e-03  0.00000e+00  1.76160e-10
9.270000000e+03  1.6340214e+00  1.63402e+00  1.15912e-03  1.62576e+00  0.00000e+00  5.73893e-03  1.36132e-03  0.00000e+00  2.27035e-10
9.280000000e+03  1.6465831e+00  1.64658e+00  1.17169e-03  1.64339e+00  0.00000e+00  1.85749e-03  1.61950e-04  0.00000e+00  2.78617e-10
9.290000000e+03  1.6231742e+00  1.62317e+00  1.15585e-03  1.62118e+00  0.00000e+00  4.84651e-04  3.59173e-04  0.00000e+00  3.43958e-11
9.300000000e+03  1.6286992e+00  1.62870e+00  1.15998e-03  1.62697e+00  0.00000e+00  1.32615e-04  4.39792e-04  0.00000e+00  0.00000e+00
9.310000000e+03  1.6372623e+00  1.63726e+00  1.16612e-03  1.63559e+00  0.00000e+00  2.98156e-05  4.75765e-04  0.00000e+00  6.20057e-11
9.320000000e+03  1.6313696e+00  1.63137e+00  1.16199e-03  1.62979e+00  0.00000e+00  5.80592e-06  4.09269e-04  0.00000e+00  8.12925e-11
9.330000000e+03  1.6401778e+00  1.64018e+00  1.16821e-03  1.63852e+00  0.00000e+00  1.03904e-06  4.91490e-04  0.00000e+00  4.26255e-11
9.340000000e+03  1.6422080e+00  1.64221e+00  1.16964e-03  1.64052e+00  0.00000e+00  1.50844e-07  5.14902e-04  0.00000e+00  3.62104e-10
9.350000000e+03  1.6196931e+00  1.61969e+00  1.15357e-03  1.61798e+00  0.00000e+00  1.16895e-04  4.43095e-04  0.00000e+00  1.90081e-11
9.360000000e+03  1.6288714e+00  1.62887e+00  1.15209e-03  1.61590e+00  0.00000e+00  1.13394e-02  4.79918e-04  0.00000e+00  0.00000e+00
9.370000000e+03  1.7340032e+00  1.73400e+00  1.16700e-03  1.63682e+00  0.00000e+00  9.55557e-02  4.55678e-04  0.00000e+00  0.00000e+00
9.380000000e+03  2.3074138e+00  2.30741e+00  1.16098e-03  1.62837e+00  0.00000e+00  6.77386e-01  4.96484e-04  0.00000e+00  0.00000e+00
9.390000000e+03  3.4993560e+00  3.49936e+00  1.16144e-03  1.62902e+00  0.00000e+00  1.86846e+00  7.15765e-04  0.00000e+00  0.00000e+00
9.400000000e+03  3.1262374e+00  3.12624e+00  1.15694e-03  1.62271e+00  0.00000e+00  1.50175e+00  6.18743e-04  0.00000e+00  0.00000e+00
9.410000000e+03  1.9185256e+00  1.91853e+00  1.12813e-03  1.58230e+00  0.00000e+00  3.34649e-01  4.49265e-04  0.00000e+00  0.00000e+00
9.420000000e+03  2.3138055e+00  2.31381e+00  1.10311e-03  1.54721e+00  0.00000e+00  7.64793e-01  7.03498e-04  0.00000e+00  0.00000e+00
9.430000000e+03  2.5086293e+00  2.50863e+00  1.15636e-03  1.62189e+00  0.00000e+00  8.85041e-01  5.36036e-04  0.00000e+00  0.00000e+00
9.440000000e+03  4.1712149e+00  4.17121e+00  1.13420e-03  1.59081e+00  0.00000e+00  2.57865e+00  6.19740e-04  0.00000e+00  6.24448e-13
9.450000000e+03  2.5860751e+00  2.58608e+00  1.14914e-03  1.61177e+00  0.00000e+00  9.72504e-01  6.53420e-04  0.00000e+00  5.76983e-13
9.460000000e+03  2.0089275e+00  2.00893e+00  1.15937e-03  1.62613e+00  0.00000e+00  3.80770e-01  8.74181e-04  0.00000e+00  4.91099e-13
9.470000000e+03  1.8326243e+00  1.83262e+00  1.15803e-03  1.62424e+00  0.00000e+00  2.06651e-01  5.75320e-04  0.00000e+00  0.00000e+00
9.480000000e+03  1.6896281e+00  1.68963e+00  1.16592e-03  1.63530e+00  0.00000e+00  5.19177e-02  1.24516e-03  0.00000e+00  0.00000e+00
9.490000000e+03  1.6623505e+00  1.66235e+00  1.16956e-03  1.64041e+00  0.00000e+00  2.04724e-02  3.07756e-04  0.00000e+00  0.00000e+00
9.500000000e+03  1.6464869e+00  1.64649e+00  1.16683e-03  1.63659e+00  0.00000e+00  8.57675e-03  1.57808e-04  0.00000e+00  0.00000e+00
9.510000000e+03  1.6292647e+00  1.62926e+00  1.15773e-03  1.62382e+00  0.00000e+00  4.00006e-03  2.82503e-04  0.00000e+00  0.00000e+00
9.520000000e+03  1.6344617e+00  1.63446e+00  1.16318e-03  1.63146e+00  0.00000e+00  1.76137e-03  7.95875e-05  0.00000e+00  0.00000e+00
9.530000000e+03  1.6296277e+00  1.62963e+00  1.16086e-03  1.62820e+00  0.00000e+00  1.34171e-04  1.33694e-04  0.00000e+00  0.00000e+00
9.540000000e+03  1.6132034e+00  1.61320e+00  1.14911e-03  1.61172e+00  0.00000e+00  3.66971e-07  3.32711e-04  0.00000e+00  0.00000e+00
9.550000000e+03  1.5122019e+00  1.51220e+00  1.07726e-03  1.51096e+00  0.00000e+00  3.33771e-05  1.39329e-04  0.00000e+00  0.00000e+00
9.560000000e+03  1.6188716e+00  1.61887e+00  1.15312e-03  1.61736e+00  0.00000e+00  7.64958e-06  3.54099e-04  0.00000e+00  0.00000e+00
9.570000000e+03  1.6150768e+00  1.61508e+00  1.15060e-03  1.61383e+00  0.00000e+00  1.53987e-06  9.75872e-05  0.00000e+00  0.00000e+00
9.580000000e+03  1.6285959e+00  1.62860e+00  1.16003e-03  1.62705e+00  0.00000e+00  2.64300e-07  3.90096e-04  0.00000e+00  0.00000e+00
9.590000000e+03  1.6392903e+00  1.63929e+00  1.16792e-03  1.63810e+00  0.00000e+00  2.30008e-09  2.02117e-05  0.00000e+00  0.00000e+00
