# 10 Jun 2021; convolved with Kurucz, unnormalized
# Wavelength(nm)  Flambda(ergs/cm^s/s/nm)
150.38 5.522122e-05
151.13 8.061487e-05
151.88 0.0001157854
152.64 0.0002128488
153.39 0.0003790294
154.15 0.0004883389
154.90 0.000566578
155.65 0.000703399
156.41 0.0008967065
157.16 0.00119896
157.92 0.001558963
158.67 0.001930149
159.42 0.002125883
160.18 0.002313588
160.93 0.002613506
161.69 0.00294665
162.44 0.003339255
163.19 0.003944758
163.95 0.004674145
164.70 0.005095989
165.46 0.005097853
166.21 0.005822194
166.96 0.007127115
167.72 0.009853329
168.47 0.01475231
169.23 0.02090164
169.98 0.02639773
170.73 0.03042949
171.49 0.0343786
172.24 0.04063408
173.00 0.04901158
173.75 0.06360894
174.50 0.08158434
175.26 0.09634257
176.01 0.1034818
176.77 0.1083569
177.52 0.1204755
178.27 0.1425791
179.03 0.1676674
179.78 0.1848284
180.54 0.1892894
181.29 0.193227
182.04 0.2056619
182.80 0.2223009
183.55 0.2231205
184.31 0.2234835
185.06 0.2502289
185.81 0.3007576
186.57 0.3583692
187.32 0.396732
188.08 0.4389531
188.83 0.4876846
189.58 0.5287598
190.34 0.553455
191.09 0.5789187
191.85 0.5733106
192.60 0.5547441
193.35 0.5660072
194.11 0.6540225
194.86 0.7995378
195.62 0.9325147
196.37 1.043466
197.12 1.12442
197.88 1.158758
198.63 1.204779
199.39 1.254747
200.14 1.303259
200.89 1.339534
201.65 1.359985
202.40 1.414092
203.16 1.519136
203.91 1.705238
204.66 1.847535
205.42 1.96404
206.17 2.077329
206.93 2.305426
207.68 2.667466
208.43 3.318699
209.19 4.386343
209.94 6.441175
210.70 8.299567
211.45 9.771596
212.20 10.23921
212.96 10.85261
213.71 11.70652
214.47 12.89067
215.22 13.21567
215.97 13.07447
216.73 12.66739
217.48 13.28545
218.24 14.50352
218.99 15.79034
219.74 16.1658
220.50 15.67935
221.25 15.46087
222.01 16.55754
222.76 19.04089
223.51 20.90198
224.27 21.00282
225.02 18.98793
225.78 17.19505
226.53 16.37129
227.28 17.43033
228.04 18.83603
228.79 20.35466
229.55 21.12672
230.30 21.68662
231.05 22.07482
231.81 20.77092
232.56 18.83303
233.32 16.34729
234.07 14.93682
234.82 14.12531
235.58 14.22167
236.33 13.70496
237.09 12.77292
237.84 11.84956
238.59 11.18386
239.35 10.83354
240.10 11.56778
240.86 13.13851
241.61 16.45328
242.36 19.62774
243.12 22.63595
243.87 24.10219
244.63 25.09193
245.38 25.49458
246.13 23.864
246.89 21.56125
247.64 18.29167
248.40 16.35263
249.15 15.49203
249.90 16.13267
250.66 16.40795
251.41 15.08089
252.17 14.61274
252.92 14.76643
253.67 19.52334
254.43 25.7777
255.18 35.45615
255.94 44.08487
256.69 51.7998
257.44 53.30252
258.20 52.83047
258.95 47.2962
259.71 42.58213
260.46 39.08623
261.21 42.49409
261.97 49.11527
262.72 73.5743
263.48 100.3664
264.23 131.8947
264.98 152.6571
265.74 160.4882
266.49 160.5485
267.25 157.2058
268.00 157.1353
268.75 156.2361
269.51 149.3396
270.26 139.309
271.02 123.851
271.77 108.9
272.52 94.30158
273.28 84.83334
274.03 76.89638
274.79 81.65978
275.54 87.63003
276.29 97.16598
277.05 100.4029
277.80 88.49385
278.56 75.48461
279.31 61.17184
280.06 66.08092
280.82 83.66537
281.57 109.3405
282.33 137.9434
283.08 136.4
283.83 130.5948
284.59 117.5475
285.34 108.5147
286.10 132.5042
286.85 158.6632
287.60 192.2668
288.36 225.8236
289.11 258.9231
289.87 288.0172
290.62 310.7045
291.37 322.1061
292.13 320.4463
292.88 315.0431
293.64 306.2807
294.39 302.051
295.14 301.0467
295.90 300.1653
296.65 299.3491
297.41 301.5199
298.16 305.2109
298.91 311.7851
299.67 319.6856
300.42 327.1021
301.18 334.342
301.93 345.3536
302.68 357.949
303.44 368.4357
304.19 378.0823
304.95 383.2875
305.70 386.5233
306.45 391.4148
307.21 397.1482
307.96 396.8069
308.72 392.9131
309.47 397.6287
310.22 408.427
310.98 419.8073
311.73 431.7079
312.49 436.0786
313.24 431.802
313.99 427.1192
314.75 421.8274
315.50 419.3124
316.26 423.1884
317.01 427.431
317.76 433.024
318.52 438.3841
319.27 441.489
320.03 444.6023
320.78 438.2236
321.53 431.636
322.29 432.0319
323.04 433.5992
323.80 460.8944
324.55 498.5182
325.30 535.6376
326.06 572.4205
326.81 597.4729
327.57 605.2119
328.32 611.084
329.07 610.7622
329.83 610.2369
330.58 606.3653
331.34 602.4542
332.09 600.0777
332.84 597.93
333.60 586.6482
334.35 570.4756
335.11 550.8853
335.86 526.9486
336.61 508.7724
337.37 512.3345
338.12 515.906
338.88 528.8547
339.63 542.0977
340.38 546.779
341.14 548.2227
341.89 552.3178
342.65 559.4657
343.40 569.9105
344.15 593.8217
344.91 617.8569
345.66 641.0182
346.42 664.2012
347.17 681.1297
347.92 694.1903
348.68 705.4066
349.43 712.4826
350.19 719.5831
350.94 721.0459
351.69 722.4795
352.45 728.858
353.20 737.7341
353.96 739.5176
354.71 726.5413
355.46 713.4812
356.22 675.3112
356.97 636.2418
357.73 623.8075
358.48 628.6002
359.23 638.5096
359.99 665.262
360.74 692.1409
361.50 707.0779
362.25 719.8565
363.00 737.0183
363.76 759.6556
364.51 782.5752
365.27 810.8856
366.02 839.3242
366.77 851.7875
367.53 853.9808
368.28 854.5202
369.04 847.1809
369.79 839.7912
370.54 821.5562
371.30 799.1236
372.05 775.4321
372.81 748.4355
373.56 721.2967
374.31 731.8997
375.07 752.5278
375.82 781.1653
376.58 827.9071
377.33 874.8559
378.08 882.5628
378.84 880.8777
379.59 866.1858
380.35 820.6172
381.10 774.8263
381.85 731.5379
382.61 688.8357
383.36 658.7543
384.12 669.5173
384.87 680.3189
385.62 698.7621
386.38 720.6854
387.13 744.2581
387.89 778.5295
388.64 812.941
389.39 840.0246
390.15 861.2313
390.90 882.5183
391.66 843.6798
392.41 802.6782
393.16 775.8422
393.92 773.5085
394.67 771.1544
395.43 800.6375
396.18 840.54
396.93 886.9982
397.69 976.5629
398.44 1066.488
399.20 1143.898
399.95 1208.222
400.70 1272.796
401.46 1291.371
402.21 1301.059
402.97 1308.027
403.72 1301.814
404.47 1295.56
405.23 1293.419
405.98 1295.527
406.74 1297.628
407.49 1312.523
408.24 1330.647
409.00 1348.79
409.75 1366.641
410.51 1384.546
411.26 1399.299
412.01 1408.746
412.77 1418.214
413.52 1424.258
414.28 1428.385
415.03 1432.51
415.78 1427.923
416.54 1422.28
417.29 1415.524
418.05 1401.76
418.80 1387.929
419.55 1377.187
420.31 1372.026
421.06 1366.831
421.82 1359.832
422.57 1351.464
423.32 1343.05
424.08 1331.86
424.83 1319.793
425.59 1307.669
426.34 1277.462
427.09 1246.229
427.85 1214.94
428.60 1184.025
429.36 1152.989
430.11 1139.892
430.86 1173.912
431.62 1208.039
432.37 1248.95
433.13 1299.314
433.88 1349.837
434.63 1385.002
435.39 1407.23
436.14 1429.521
436.90 1438.83
437.65 1441.32
438.40 1443.805
439.16 1458.161
439.91 1476.446
440.67 1494.778
441.42 1517.947
442.17 1542.113
442.93 1566.344
443.68 1581.159
444.44 1595.021
445.19 1608.912
445.94 1631.282
446.70 1654.072
447.45 1676.919
448.21 1702.69
448.96 1728.53
449.71 1753.941
450.47 1759.534
451.22 1763.111
451.98 1766.509
452.73 1764.365
453.48 1762.209
454.24 1760.385
454.99 1771.223
455.75 1782.083
456.50 1792.921
457.25 1795.339
458.01 1797.757
458.76 1800.175
459.52 1801.078
460.27 1801.929
461.02 1802.777
461.78 1804.2
462.53 1805.672
463.29 1807.142
464.04 1810.273
464.79 1813.697
465.55 1817.124
466.30 1820.189
467.06 1823.148
467.81 1826.108
468.56 1826.451
469.32 1825.511
470.07 1824.563
470.83 1828.27
471.58 1835.656
472.33 1843.054
473.09 1852.095
473.84 1863.306
474.60 1874.541
475.35 1884.141
476.10 1889.629
476.86 1895.125
477.61 1899.927
478.37 1899.914
479.12 1899.894
479.87 1899.868
480.63 1893.949
481.38 1887.704
482.14 1881.437
482.89 1861.242
483.64 1836.591
484.40 1811.871
485.15 1793.422
485.91 1780.078
486.66 1766.694
487.41 1762.366
488.17 1776.605
488.92 1790.874
489.68 1804.771
490.43 1814.562
491.18 1824.372
491.94 1834.2
492.69 1843.309
493.45 1852.285
494.20 1861.279
494.95 1862.767
495.71 1858.329
496.46 1853.873
497.22 1846.91
497.97 1833.201
498.72 1819.452
499.48 1805.663
500.23 1803.386
500.99 1801.412
501.74 1799.428
502.49 1806.148
503.25 1817.718
504.00 1829.309
504.76 1840.066
505.51 1848.886
506.26 1857.722
507.02 1866.573
507.77 1867.469
508.53 1867.939
509.28 1868.405
510.03 1864.497
510.79 1857.366
511.54 1850.213
512.30 1840.312
513.05 1818.615
513.80 1796.863
514.56 1775.056
515.31 1753.595
516.07 1732.192
516.82 1710.735
517.57 1700.96
518.33 1712.218
519.08 1723.498
519.84 1734.798
520.59 1755.039
521.34 1776.12
522.10 1797.245
522.85 1809.466
523.61 1811.206
524.36 1812.945
525.11 1814.683
525.87 1818.597
526.62 1822.548
527.38 1826.504
528.13 1834.284
528.88 1846.004
529.64 1857.745
530.39 1869.509
531.15 1867.044
531.90 1864.337
532.65 1861.62
533.41 1862.398
534.16 1867.354
534.92 1872.317
535.67 1877.286
536.42 1879.279
537.18 1880.981
537.93 1882.682
538.69 1882.779
539.44 1879.859
540.19 1876.927
540.95 1873.984
541.70 1878.237
542.46 1884.692
543.21 1891.157
543.96 1897.043
544.72 1900.028
545.47 1903.014
546.23 1906.003
546.98 1906.619
547.73 1905.3
548.49 1903.974
549.24 1902.64
550.00 1904.907
550.75 1906.789
551.50 1908.668
552.26 1910.051
553.01 1910.048
553.77 1910.044
554.52 1910.037
555.27 1906.882
556.03 1901.546
556.78 1896.2
557.54 1890.846
558.29 1890.844
559.04 1891.425
559.80 1892.005
560.55 1893.104
561.31 1896.375
562.06 1899.648
562.81 1902.924
563.57 1904.182
564.32 1903.13
565.08 1902.076
565.83 1901.018
566.58 1901.731
567.34 1903.132
568.09 1904.534
568.85 1905.935
569.60 1910.881
570.35 1915.994
571.11 1921.112
571.86 1925.825
572.62 1928.568
573.37 1931.312
574.12 1934.059
574.88 1935.058
575.63 1933.077
576.39 1931.091
577.14 1929.1
577.89 1928.73
578.65 1929.694
579.40 1930.658
580.16 1931.621
580.91 1932.22
581.66 1932.669
582.42 1933.117
583.17 1933.564
583.93 1927.484
584.68 1920.231
585.43 1912.966
586.19 1905.689
586.94 1897.732
587.70 1889.74
588.45 1881.736
589.20 1874.532
589.96 1877.855
590.71 1881.181
591.47 1884.509
592.22 1888.072
592.97 1892.924
593.73 1897.782
594.48 1902.644
595.24 1906.167
595.99 1904.777
596.74 1903.383
597.50 1901.986
598.25 1900.104
599.01 1896.829
599.76 1893.548
600.51 1890.094
601.27 1887.734
602.02 1888.405
602.78 1889.076
603.53 1889.746
604.28 1889.664
605.04 1887.669
605.79 1885.671
606.55 1883.67
607.30 1880.089
608.05 1872.132
608.81 1864.166
609.56 1856.189
610.32 1847.855
611.07 1838.33
611.82 1828.794
612.58 1819.247
613.33 1810.739
614.09 1807.363
614.84 1803.983
615.59 1800.598
616.35 1797.868
617.10 1801.69
617.86 1805.515
618.61 1809.343
619.36 1813.174
620.12 1811.491
620.87 1809.768
621.63 1808.042
622.38 1806.313
623.13 1803.726
623.89 1801.012
624.64 1798.293
625.40 1795.571
626.15 1795.868
626.90 1797.257
627.66 1798.645
628.41 1800.035
629.17 1799.204
629.92 1796.715
630.67 1794.222
631.43 1791.726
632.18 1789.481
632.94 1787.628
633.69 1785.772
634.44 1783.914
635.20 1782.24
635.95 1781.37
636.71 1780.497
637.46 1779.623
638.21 1778.746
638.97 1775.987
639.72 1773.158
640.48 1770.326
641.23 1767.49
641.98 1764.914
642.74 1762.436
643.49 1759.954
644.25 1757.469
645.00 1755.051
645.75 1752.716
646.51 1750.377
647.26 1748.035
648.02 1745.668
648.77 1743.196
649.52 1740.721
650.28 1738.162
651.03 1735.462
651.79 1727.551
652.54 1718.78
653.29 1710.001
654.05 1701.214
654.80 1695.032
655.56 1691.17
656.31 1687.303
657.06 1683.433
657.82 1681.584
658.57 1689.19
659.33 1696.802
660.08 1704.42
660.83 1712.043
661.59 1715.089
662.34 1717.008
663.10 1718.928
663.85 1720.849
664.60 1721.353
665.36 1719.791
666.11 1718.227
666.87 1716.661
667.62 1715.094
668.37 1712.864
669.13 1710.624
669.88 1708.382
670.64 1706.138
671.39 1703.973
672.14 1701.875
672.90 1699.774
673.65 1697.671
674.41 1695.555
675.16 1693.326
675.91 1691.094
676.67 1688.86
677.42 1686.624
678.18 1684.07
678.93 1681.306
679.68 1678.539
680.44 1675.769
681.19 1673.011
681.95 1670.386
682.70 1667.759
683.45 1665.129
684.21 1662.496
684.96 1660.627
685.72 1659.344
686.47 1658.06
687.22 1656.774
687.98 1655.483
688.73 1653.871
689.49 1652.257
690.24 1650.641
690.99 1649.023
691.75 1646.944
692.50 1644.271
693.26 1641.594
694.01 1638.915
694.76 1636.233
695.52 1633.063
696.27 1629.796
697.03 1626.525
697.78 1623.252
698.53 1619.994
699.29 1616.801
700.04 1613.55
700.80 1609.37
701.55 1605.192
702.30 1602.042
703.06 1599.66
703.81 1597.278
704.57 1594.897
705.32 1592.517
706.07 1589.556
706.83 1586.535
707.58 1583.515
708.34 1580.496
709.09 1577.135
709.84 1572.51
710.60 1567.886
711.35 1563.265
712.11 1558.646
712.86 1553.717
713.61 1548.478
714.37 1543.241
715.12 1538.006
715.88 1532.774
716.63 1528.779
717.38 1525.177
718.14 1521.575
718.89 1517.976
719.65 1514.377
720.40 1513.407
721.15 1512.44
721.91 1511.474
722.66 1510.507
723.42 1509.26
724.17 1506.967
724.92 1504.675
725.68 1502.385
726.43 1500.095
727.19 1497.405
727.94 1494.119
728.69 1490.834
729.45 1487.551
730.20 1484.269
730.96 1481.672
731.71 1479.596
732.46 1477.521
733.22 1475.446
733.97 1473.373
734.73 1469.761
735.48 1465.522
736.23 1461.285
736.99 1457.049
737.74 1452.814
738.50 1448.598
739.25 1444.386
740.00 1440.176
740.76 1435.968
741.51 1431.761
742.27 1430.455
743.02 1429.404
743.77 1428.353
744.53 1427.303
745.28 1426.253
746.04 1424.965
746.79 1423.676
747.54 1422.386
748.30 1421.098
749.05 1419.787
749.81 1417.776
750.56 1414.999
751.31 1411.96
752.07 1408.925
752.82 1405.872
753.58 1402.431
754.33 1398.993
755.08 1395.56
755.84 1392.13
756.59 1388.685
757.35 1384.797
758.10 1380.914
758.85 1377.036
759.61 1373.163
760.36 1369.289
761.12 1365.027
761.87 1360.769
762.62 1356.518
763.38 1352.272
764.13 1348.032
764.89 1343.811
765.64 1339.597
766.39 1335.388
767.15 1331.185
767.90 1326.988
768.66 1323.515
769.41 1320.151
770.16 1316.792
770.92 1313.436
771.67 1310.084
772.43 1307.27
773.18 1304.623
773.93 1301.979
774.69 1299.337
775.44 1296.698
776.20 1294.03
776.95 1291.346
777.70 1288.665
778.46 1285.987
779.21 1283.311
779.97 1280.244
780.72 1276.741
781.47 1273.241
782.23 1269.746
782.98 1266.256
783.74 1262.725
784.49 1259.088
785.24 1255.456
786.00 1251.829
786.75 1248.206
787.51 1244.505
788.26 1239.804
789.01 1235.111
789.77 1230.424
790.52 1225.745
791.28 1221.072
792.03 1217.197
792.78 1213.478
793.54 1209.764
794.29 1206.055
795.05 1202.351
795.80 1199.53
796.55 1197.356
797.31 1195.183
798.06 1193.012
798.82 1190.843
799.57 1188.341
800.32 1184.934
801.08 1181.432
801.83 1177.936
802.59 1174.444
803.34 1170.957
804.09 1167.281
804.85 1163.604
805.60 1159.933
806.36 1156.267
807.11 1152.607
807.86 1149.385
808.62 1146.424
809.37 1143.466
810.13 1140.513
810.88 1137.563
811.63 1134.432
812.39 1130.776
813.14 1127.126
813.90 1123.482
814.65 1119.843
815.40 1116.209
816.16 1111.449
816.91 1106.515
817.67 1101.591
818.42 1096.674
819.17 1091.767
819.93 1087.805
820.68 1085.046
821.44 1082.29
822.19 1079.538
822.94 1076.79
823.70 1074.045
824.45 1071.852
825.21 1069.667
825.96 1067.485
826.71 1065.305
827.47 1063.127
828.22 1060.126
828.98 1056.335
829.73 1052.549
830.48 1048.77
831.24 1044.997
831.99 1041.232
832.75 1038.116
833.50 1035.004
834.25 1031.897
835.01 1028.795
835.76 1025.697
836.52 1022.72
837.27 1019.881
838.02 1017.045
838.78 1014.213
839.53 1011.384
840.29 1008.56
841.04 1004.839
841.79 1001.035
842.55 997.2375
843.30 993.4461
844.06 989.6611
844.81 985.0873
845.56 978.8415
846.32 972.6082
847.07 966.3875
847.83 960.1792
848.58 953.9835
849.33 947.6541
850.09 941.3131
850.84 935.2602
851.60 929.217
852.35 923.1833
853.10 917.5199
853.86 917.544
854.61 917.5665
855.37 917.5873
856.12 917.6066
856.87 917.6242
857.63 917.4982
858.38 917.1452
859.14 916.7912
859.89 916.4363
860.64 916.0804
861.40 915.7236
862.15 912.317
862.91 907.5101
863.66 902.7106
864.41 897.9185
865.17 893.1338
865.92 888.3565
866.68 887.4246
867.43 886.6795
868.18 885.9343
868.94 885.1889
869.69 884.4433
870.45 883.8693
871.20 884.0035
871.95 884.1358
872.71 884.2663
873.46 884.395
874.22 884.5219
874.97 883.7218
875.72 881.5759
876.48 879.4325
877.23 877.2916
877.99 875.1532
878.74 873.0173
879.49 870.7351
880.25 868.3518
881.00 865.9716
881.76 863.5943
882.51 861.2199
883.26 858.8486
884.02 857.0881
884.77 855.54
885.53 853.9932
886.28 852.4478
887.03 850.9038
887.79 849.3612
888.54 847.7864
889.30 846.208
890.05 844.6311
890.80 843.0556
891.56 841.4816
892.31 839.909
893.07 837.3363
893.82 834.7285
894.57 832.1241
895.33 829.5232
896.08 826.9258
896.84 824.3241
897.59 821.4532
898.34 818.5863
899.10 815.7235
899.85 812.8647
900.61 810.3404
901.36 807.9544
902.11 806.3845
902.87 804.8157
903.62 803.2481
904.38 801.6816
905.13 800.1162
905.88 798.5552
906.64 797.0389
907.39 795.5237
908.15 794.0096
908.90 792.4966
909.65 790.9846
910.41 789.4831
911.16 788.1802
911.92 786.8782
912.67 785.5771
913.42 784.2769
914.18 782.9775
914.93 781.6791
915.69 779.0791
916.44 776.4692
917.19 773.8613
917.95 771.2556
918.70 768.652
919.46 766.0506
920.21 763.6411
920.96 761.2532
921.72 758.8672
922.47 756.4832
923.23 754.1011
923.98 751.721
924.73 750.8749
925.49 750.4352
926.24 749.9955
927.00 749.556
927.75 749.1165
928.50 748.6771
929.26 747.9612
930.01 747.0932
930.77 746.2257
931.52 745.3586
932.27 744.4921
933.03 743.626
933.78 742.1452
934.54 739.9668
935.29 737.7901
936.04 735.6152
936.80 733.4421
937.55 731.2708
938.31 729.1434
939.06 727.1381
939.81 725.1343
940.57 723.1322
941.32 721.1317
942.08 719.1327
942.83 717.1582
943.58 716.2378
944.34 715.3179
945.09 714.3986
945.85 713.4798
946.60 712.5616
947.35 711.644
948.11 710.1897
948.86 708.5581
949.62 706.9278
950.37 705.4559
951.12 704.1473
951.88 702.8389
952.63 701.4998
953.39 700.1232
954.14 698.7466
954.89 697.3701
955.65 695.9938
956.40 694.6175
957.16 693.3067
957.91 692.4977
958.66 691.6887
959.42 690.8798
960.17 690.071
960.93 689.2622
961.68 688.4534
962.43 687.536
963.19 686.5826
963.94 685.6292
964.70 684.6759
965.45 683.7226
966.20 682.7694
966.96 681.8442
967.71 680.9699
968.47 680.0957
969.22 679.2215
969.97 678.3473
970.73 677.4733
971.48 676.5993
972.24 675.5932
972.99 674.5763
973.74 673.5595
974.50 672.5428
975.25 671.5262
976.01 670.5096
976.76 669.5462
977.51 668.6444
978.27 667.7427
979.02 666.8411
979.78 665.9395
980.53 665.038
981.28 664.1365
982.04 663.1336
982.79 662.1275
983.55 661.1215
984.30 660.1155
985.05 659.1096
985.81 658.1038
986.56 657.1323
987.32 656.2038
988.07 655.2754
988.82 654.3471
989.58 653.4188
990.33 652.4906
991.09 651.5625
991.84 650.7022
992.59 649.8508
993.35 648.9994
994.10 648.1481
994.86 647.2969
995.61 646.4457
996.36 645.3964
997.12 643.8691
997.87 642.3419
998.63 640.8148
999.38 639.2879
1000.13 637.7987
1000.89 636.4833
1001.64 635.2192
1002.40 633.9803
1003.15 632.7406
1003.90 631.5001
1004.66 630.2587
1005.41 629.0165
1006.17 627.7805
1006.92 627.4326
1007.67 627.0843
1008.43 626.7357
1009.18 626.3868
1009.94 626.0376
1010.69 625.6881
1011.44 625.1786
1012.20 624.3349
1012.95 623.4906
1013.71 622.6457
1014.46 621.8002
1015.21 620.954
1015.97 620.1073
1016.72 619.3695
1017.48 618.7043
1018.23 618.0386
1018.98 617.3725
1019.74 616.7058
1020.49 616.0386
1021.25 615.371
1022.00 614.8824
1022.75 614.4287
1023.51 613.9747
1024.26 613.5203
1025.02 613.0655
1025.77 612.6104
1026.52 612.1328
1027.28 611.1888
1028.03 610.2441
1028.79 609.2988
1029.54 608.3527
1030.29 607.4061
1031.05 606.4587
1031.80 605.5116
1032.56 604.5673
1033.31 603.6224
1034.06 602.6767
1034.82 601.7305
1035.57 600.7835
1036.33 599.8359
1037.08 598.965
1037.83 598.2322
1038.59 597.4989
1039.34 596.7651
1040.10 596.0307
1040.85 595.2958
1041.60 594.5603
1042.36 593.8588
1043.11 593.1972
1043.87 592.535
1044.62 591.8724
1045.37 591.2092
1046.13 590.5456
1046.88 589.8815
1047.64 589.2368
1048.39 588.6097
1049.14 587.9821
1049.90 587.354
1050.65 586.8734
1051.41 586.415
1052.16 585.9557
1052.91 585.2837
1053.67 584.4456
1054.42 583.6061
1055.18 582.7653
1055.93 581.9231
1056.68 581.0795
1057.44 580.2346
1058.19 579.3714
1058.95 578.4934
1059.70 577.6141
1060.45 576.7334
1061.21 575.8513
1061.96 574.9677
1062.72 574.0828
1063.47 573.145
1064.22 572.1602
1064.98 571.1739
1065.73 570.1861
1066.49 569.1968
1067.24 568.2059
1067.99 567.2135
1068.75 566.3506
1069.50 565.6392
1070.26 564.9266
1071.01 564.2128
1071.76 563.4978
1072.52 562.7816
1073.27 562.0643
1074.03 561.3715
1074.78 560.7247
1075.53 560.0769
1076.29 559.428
1077.04 558.778
1077.80 558.1268
1078.55 557.4746
1079.30 556.7849
1080.06 555.9632
1080.81 555.1401
1081.57 554.3158
1082.32 553.4902
1083.07 552.6633
1083.83 551.8351
1084.58 551.0029
1085.34 550.1095
1086.09 549.2147
1086.84 548.3185
1087.60 547.4209
1088.35 546.522
1089.11 545.6217
1089.86 544.7201
1090.61 543.794
1091.37 542.8618
1092.12 541.9282
1092.88 540.9932
1093.63 540.0568
1094.38 539.119
1095.14 538.1798
1095.89 537.7941
1096.65 537.8214
1097.40 537.8485
1098.15 537.8752
1098.91 537.9017
1099.66 537.9278
1100.42 538.0075
1101.17 538.1612
1101.92 538.3886
1102.68 538.6159
1103.43 538.8428
1104.19 539.0695
1104.94 539.296
1105.69 539.5222
1106.45 539.7482
1107.20 539.5072
1107.96 539.2512
1108.71 538.9943
1109.46 538.7364
1110.22 538.4775
1110.97 538.2177
1111.73 537.9569
1112.48 537.5714
1113.23 537.1056
1113.99 536.6385
1114.74 536.1702
1115.50 535.7006
1116.25 535.2298
1117.00 534.7576
1117.76 534.2705
1118.51 533.73
1119.27 533.1881
1120.02 532.6449
1120.77 532.1003
1121.53 531.5544
1122.28 531.0071
1123.04 530.4584
1123.79 529.9393
1124.54 529.4274
1125.30 528.9142
1126.05 528.3997
1126.81 527.884
1127.56 527.3669
1128.31 526.8485
1129.07 526.3743
1129.82 525.9973
1130.58 525.6193
1131.33 525.2402
1132.08 524.86
1132.84 524.4788
1133.59 524.0964
1134.35 523.7129
1135.10 523.3569
1135.85 523.0071
1136.61 522.6564
1137.36 522.3045
1138.12 521.9517
1138.87 521.5978
1139.62 521.2428
1140.38 520.9787
1141.13 520.9717
1141.89 520.9642
1142.64 520.9561
1143.39 520.9475
1144.15 520.9384
1144.90 520.9287
1145.66 520.9184
1146.41 520.839
1147.16 520.7262
1147.92 520.6126
1148.67 520.4983
1149.43 520.3834
1150.18 520.2521
1150.93 520.0704
1151.69 519.862
1152.44 519.1627
1153.20 518.4622
1153.95 517.7605
1154.70 517.0577
1155.46 516.3537
1156.21 515.6485
1156.97 514.9422
1157.72 514.2374
1158.47 513.5357
1159.23 512.8328
1159.98 512.1287
1160.74 511.4235
1161.49 510.7172
1162.24 510.0097
1163.00 509.301
1163.75 508.9039
1164.51 508.6451
1165.26 508.3857
1166.01 508.1256
1166.77 507.8649
1167.52 507.6036
1168.28 507.3416
1169.03 507.079
1169.78 506.6861
1170.54 506.287
1171.29 505.8871
1172.05 505.4865
1172.80 505.085
1173.55 504.6828
1174.31 504.2798
1175.06 503.8377
1175.82 503.23
1176.57 502.6211
1177.32 502.0113
1178.08 501.4005
1178.83 500.7886
1179.59 500.1757
1180.34 499.5617
1181.09 499.0133
1181.85 498.5741
1182.60 498.1341
1183.36 497.6932
1184.11 497.2515
1184.86 496.809
1185.62 496.3657
1186.37 495.9215
1187.13 495.5152
1187.88 495.143
1188.63 494.77
1189.39 494.3964
1190.14 494.022
1190.90 493.6468
1191.65 493.2709
1192.40 492.8943
1193.16 492.3476
1193.91 491.6964
1194.67 491.0442
1195.42 490.391
1196.17 489.7367
1196.93 489.0813
1197.68 488.4249
1198.44 487.7675
1199.19 487.2781
1199.94 486.8639
1200.70 486.3808
1201.45 485.8916
1202.21 485.4019
1202.96 484.9116
1203.71 484.4208
1204.47 483.9293
1205.22 483.6864
1205.98 483.5406
1206.73 483.3945
1207.48 483.2481
1208.24 483.1014
1208.99 482.9545
1209.75 482.8073
1210.50 482.6598
1211.25 482.6587
1212.01 482.718
1212.76 482.7771
1213.52 482.8362
1214.27 482.8951
1215.02 482.9539
1215.78 483.0126
1216.53 483.0712
1217.29 482.8828
1218.04 482.5655
1218.79 482.2478
1219.55 481.9296
1220.30 481.6111
1221.06 481.2922
1221.81 480.9728
1222.56 480.653
1223.32 480.2374
1224.07 479.7485
1224.83 479.2591
1225.58 478.7691
1226.33 478.2786
1227.09 477.7875
1227.84 477.2959
1228.60 476.8037
1229.35 476.3278
1230.10 475.873
1230.86 475.4177
1231.61 474.9618
1232.37 474.5055
1233.12 474.0486
1233.87 473.5912
1234.63 473.1333
1235.38 472.6667
1236.14 472.1758
1236.89 471.6844
1237.64 471.1924
1238.40 470.6998
1239.15 470.2067
1239.91 469.7131
1240.66 469.2189
1241.41 468.7274
1242.17 468.3034
1242.92 467.8788
1243.68 467.4538
1244.43 467.0284
1245.18 466.6024
1245.94 466.1759
1246.69 465.7489
1247.45 465.3215
1248.20 464.8697
1248.95 464.4113
1249.71 463.9524
1250.46 463.4888
1251.22 463.022
1251.97 462.5548
1252.72 462.087
1253.48 461.6188
1254.23 461.1349
1254.99 460.6349
1255.74 460.1344
1256.49 459.6334
1257.25 459.1319
1258.00 458.6298
1258.76 458.1272
1259.51 457.6241
1260.26 457.1312
1261.02 456.6979
1261.77 456.264
1262.53 455.8297
1263.28 455.395
1264.03 454.9598
1264.79 454.5241
1265.54 454.0879
1266.30 453.6513
1267.05 453.1128
1267.80 452.5432
1268.56 451.973
1269.31 451.4023
1270.07 450.831
1270.82 450.2592
1271.57 449.6867
1272.33 449.1138
1273.08 448.3543
1273.84 447.245
1274.59 446.1347
1275.34 445.0234
1276.10 443.9111
1276.85 442.7979
1277.61 441.6837
1278.36 440.5685
1279.11 439.4523
1279.87 438.8775
1280.62 438.3719
1281.38 437.8658
1282.13 437.3592
1282.88 436.8521
1283.64 436.3445
1284.39 435.8364
1285.15 435.3277
1285.90 435.0935
1286.65 435.3246
1287.41 435.5557
1288.16 435.7868
1288.92 436.0181
1289.67 436.2493
1290.42 436.4806
1291.18 436.712
1291.93 436.9434
1292.69 436.8689
1293.44 436.7317
1294.19 436.5943
1294.95 436.4566
1295.70 436.3187
1296.46 436.1805
1297.21 436.0422
1297.96 435.9036
1298.72 435.6862
1299.47 435.2143
1300.23 434.7495
1300.98 434.3016
1301.73 433.8532
1302.49 433.4042
1303.24 432.9547
1304.00 432.5047
1304.75 432.0541
1305.50 431.5651
1306.26 431.0506
1307.01 430.5355
1307.77 430.0198
1308.52 429.5035
1309.27 428.9865
1310.03 428.469
1310.78 427.9509
1311.54 427.4321
1312.29 427.0674
1313.04 426.7165
1313.80 426.3652
1314.55 426.0134
1315.31 425.6612
1316.06 425.3085
1316.81 424.9553
1317.57 424.6017
1318.32 424.2617
1319.08 423.977
1319.83 423.6919
1320.58 423.4063
1321.34 423.1204
1322.09 422.8341
1322.85 422.5474
1323.60 422.2603
1324.35 421.9728
1325.11 421.6428
1325.86 421.2577
1326.62 420.8721
1327.37 420.486
1328.12 420.0994
1328.88 419.7123
1329.63 419.3248
1330.39 418.9368
1331.14 418.5483
1331.89 418.2217
1332.65 417.9337
1333.40 417.6453
1334.16 417.3564
1334.91 417.0672
1335.66 416.7776
1336.42 416.4877
1337.17 416.1973
1337.93 415.9065
1338.68 415.643
1339.43 415.3873
1340.19 415.1314
1340.94 414.875
1341.70 414.6183
1342.45 414.3613
1343.20 414.1038
1343.96 413.8461
1344.71 413.5879
1345.47 413.1877
1346.22 412.7659
1346.97 412.3435
1347.73 411.9207
1348.48 411.4973
1349.24 411.0735
1349.99 410.6491
1350.74 410.2299
1351.50 409.8103
1352.25 409.3614
1353.01 408.9093
1353.76 408.4567
1354.51 408.0036
1355.27 407.5499
1356.02 407.0957
1356.78 406.641
1357.53 406.1857
1358.28 405.7298
1359.04 405.3397
1359.79 404.9534
1360.55 404.5667
1361.30 404.1795
1362.05 403.7917
1362.81 403.4035
1363.56 403.0149
1364.32 402.6257
1365.07 402.236
1365.82 401.9359
1366.58 401.6461
1367.33 401.3559
1368.09 401.0653
1368.84 400.7743
1369.59 400.4829
1370.35 400.1911
1371.10 399.8988
1371.86 399.6062
1372.61 399.3426
1373.36 399.0849
1374.12 398.8268
1374.87 398.5683
1375.63 398.3095
1376.38 398.0504
1377.13 397.7908
1377.89 397.5309
1378.64 397.2706
1379.40 397.0117
1380.15 396.7532
1380.90 396.4943
1381.66 396.2351
1382.41 395.9754
1383.17 395.7155
1383.92 395.4551
1384.67 395.1944
1385.43 394.9333
1386.18 394.6558
1386.94 394.3629
1387.69 394.0697
1388.44 393.776
1389.20 393.482
1389.95 393.1876
1390.71 392.8928
1391.46 392.5976
1392.21 392.302
1392.97 391.9669
1393.72 391.541
1394.48 391.1145
1395.23 390.6876
1395.98 390.2602
1396.74 389.8323
1397.49 389.4039
1398.25 388.975
1399.00 388.5456
1399.75 388.1158
1400.51 387.6781
1401.26 387.2348
1402.02 386.7911
1402.77 386.3469
1403.52 385.9022
1404.28 385.4571
1405.03 385.0116
1405.79 384.5656
1406.54 384.1191
1407.29 383.6982
1408.05 383.2862
1408.80 382.8737
1409.56 382.4609
1410.31 382.0476
1411.06 381.6339
1411.82 381.2197
1412.57 380.8052
1413.33 380.3902
1414.08 379.9383
1414.83 379.4274
1415.59 378.9161
1416.34 378.4043
1417.10 377.8919
1417.85 377.3791
1418.60 376.8658
1419.36 376.3519
1420.11 375.8376
1420.87 375.3228
1421.62 374.9073
1422.37 374.4932
1423.13 374.0787
1423.88 373.6638
1424.64 373.2484
1425.39 372.8327
1426.14 372.4165
1426.90 371.9999
1427.65 371.5829
1428.41 371.2695
1429.16 371.0498
1429.91 370.8299
1430.67 370.6097
1431.42 370.3893
1432.18 370.1686
1432.93 369.9476
1433.68 369.7263
1434.44 369.5048
1435.19 369.2782
1435.95 368.8946
1436.70 368.5106
1437.45 368.1262
1438.21 367.7414
1438.96 367.3562
1439.72 366.9706
1440.47 366.5847
1441.22 366.1983
1441.98 365.8115
1442.73 365.4583
1443.49 365.1394
1444.24 364.8201
1444.99 364.5006
1445.75 364.1807
1446.50 363.8604
1447.26 363.5398
1448.01 363.2189
1448.76 362.8977
1449.52 362.5761
1450.27 362.3288
1451.03 362.0675
1451.78 361.8061
1452.53 361.5444
1453.29 361.2826
1454.04 361.0205
1454.80 360.7583
1455.55 360.4959
1456.30 360.2333
1457.06 359.9547
1457.81 359.6284
1458.57 359.3018
1459.32 358.9749
1460.07 358.6479
1460.83 358.3206
1461.58 357.9931
1462.34 357.6654
1463.09 357.3375
1463.84 357.0093
1464.60 356.6089
1465.35 356.1532
1466.11 355.6972
1466.86 355.241
1467.61 354.7844
1468.37 354.3276
1469.12 353.8704
1469.88 353.413
1470.63 352.9553
1471.38 352.4973
1472.14 352.0683
1472.89 351.645
1473.65 351.2214
1474.40 350.7975
1475.15 350.3734
1475.91 349.9489
1476.66 349.5243
1477.42 349.0993
1478.17 348.6741
1478.92 348.253
1479.68 347.9265
1480.43 347.5997
1481.19 347.2728
1481.94 346.9456
1482.69 346.6182
1483.45 346.2905
1484.20 345.9627
1484.96 345.6346
1485.71 345.3063
1486.46 344.9913
1487.22 344.7284
1487.97 344.4654
1488.73 344.2022
1489.48 343.9389
1490.23 343.6753
1490.99 343.4116
1491.74 343.1476
1492.50 342.8835
1493.25 342.6192
1494.00 342.2725
1494.76 341.7535
1495.51 341.2342
1496.27 340.7146
1497.02 340.1947
1497.77 339.6745
1498.53 339.154
1499.28 338.6331
1500.04 338.1102
1500.79 337.5535
1501.54 337.0975
1502.30 336.7991
1503.05 336.5005
1503.81 336.2019
1504.56 335.9031
1505.31 335.6042
1506.07 335.3052
1506.82 335.0061
1507.58 334.7069
1508.33 334.4076
1509.08 334.2243
1509.84 334.2129
1510.59 334.2014
1511.35 334.19
1512.10 334.1785
1512.85 334.167
1513.61 334.1554
1514.36 334.1439
1515.12 334.1323
1515.87 334.1207
1516.62 334.017
1517.38 333.7518
1518.13 333.4865
1518.89 333.2211
1519.64 332.9556
1520.39 332.69
1521.15 332.4243
1521.90 332.1585
1522.66 331.8926
1523.41 331.6266
1524.16 331.343
1524.92 331.0153
1525.67 330.6874
1526.43 330.3594
1527.18 330.0313
1527.93 329.7031
1528.69 329.3747
1529.44 329.0463
1530.20 328.7177
1530.95 328.389
1531.70 328.0652
1532.46 327.7698
1533.21 327.4742
1533.97 327.1785
1534.72 326.8827
1535.47 326.5868
1536.23 326.2908
1536.98 325.9947
1537.74 325.6985
1538.49 325.4022
1539.24 325.1058
1540.00 324.7382
1540.75 324.3681
1541.51 323.9978
1542.26 323.6273
1543.01 323.2567
1543.77 322.886
1544.52 322.5152
1545.28 322.1442
1546.03 321.7731
1546.78 321.4019
1547.54 320.9935
1548.29 320.571
1549.05 320.1484
1549.80 319.7256
1550.55 319.2755
1551.31 318.8154
1552.06 318.3554
1552.82 317.8952
1553.57 317.4351
1554.32 316.9749
1555.08 316.5236
1555.83 316.0839
1556.59 315.6441
1557.34 315.2043
1558.09 314.7645
1558.85 314.3246
1559.60 313.8847
1560.36 313.4447
1561.11 313.0048
1561.86 312.5647
1562.62 312.108
1563.37 311.5066
1564.13 310.9051
1564.88 310.3036
1565.63 309.7021
1566.39 309.1004
1567.14 308.4988
1567.90 307.8971
1568.65 307.2953
1569.40 306.6935
1570.16 306.0917
1570.91 305.474
1571.67 304.8497
1572.42 304.2254
1573.17 303.601
1573.93 302.9765
1574.68 302.352
1575.44 301.7275
1576.19 301.1029
1576.94 300.4782
1577.70 299.8535
1578.45 299.2718
1579.21 298.8075
1579.96 298.3433
1580.71 297.879
1581.47 297.4146
1582.22 296.9503
1582.98 296.4859
1583.73 296.0214
1584.48 295.5569
1585.24 295.0924
1585.99 294.6279
1586.75 294.3866
1587.50 294.2145
1588.25 294.0423
1589.01 293.87
1589.76 293.6978
1590.52 293.5256
1591.27 293.3533
1592.02 293.181
1592.78 293.0087
1593.53 292.8364
1594.29 292.6717
1595.04 292.534
1595.79 292.3963
1596.55 292.2585
1597.30 292.1208
1598.06 291.983
1598.81 291.8452
1599.56 291.7074
1600.32 291.5569
1601.07 291.3891
1601.83 291.2213
1602.58 290.8801
1603.33 290.4281
1604.09 289.9762
1604.84 289.5243
1605.60 289.0725
1606.35 288.6207
1607.10 288.169
1607.86 287.7173
1608.61 287.2657
1609.37 286.8142
1610.12 286.3627
1610.87 286.0377
1611.63 285.718
1612.38 285.3983
1613.14 285.0787
1613.89 284.7591
1614.64 284.4396
1615.40 284.1201
1616.15 283.8006
1616.91 283.4812
1617.66 283.1618
1618.41 282.8799
1619.17 282.7061
1619.92 282.5322
1620.68 282.3585
1621.43 282.1847
1622.18 282.0109
1622.94 281.8372
1623.69 281.6635
1624.45 281.4898
1625.20 281.3162
1625.95 281.1425
1626.71 280.7787
1627.46 280.2154
1628.22 279.6522
1628.97 279.089
1629.72 278.5259
1630.48 277.9629
1631.23 277.4
1631.99 276.8371
1632.74 276.2743
1633.49 275.7116
1634.25 275.1489
1635.00 274.5705
1635.76 273.9846
1636.51 273.3989
1637.26 272.8132
1638.02 272.2276
1638.77 271.6421
1639.53 271.0566
1640.28 270.4712
1641.03 269.8859
1641.79 269.3007
1642.54 268.7155
1643.30 268.4685
1644.05 268.304
1644.80 268.1396
1645.56 267.9751
1646.31 267.8107
1647.07 267.6463
1647.82 267.482
1648.57 267.3176
1649.33 267.1533
1650.08 266.9868
1650.84 266.8018
1651.59 266.5739
1652.34 266.34
1653.10 266.1062
1653.85 265.8724
1654.61 265.6386
1655.36 265.4049
1656.11 265.1713
1656.87 264.9377
1657.62 264.7042
1658.38 264.4708
1659.13 264.2374
1659.88 263.7216
1660.64 263.1724
1661.39 262.6234
1662.15 262.0745
1662.90 261.5258
1663.65 260.9772
1664.41 260.4288
1665.16 259.8805
1665.92 259.3324
1666.67 258.7844
1667.42 258.2365
1668.18 257.5544
1668.93 256.8504
1669.69 256.1467
1670.44 255.4431
1671.19 254.7397
1671.95 254.0365
1672.70 253.3335
1673.46 252.6307
1674.21 251.9281
1674.96 251.2256
1675.72 250.5234
1676.47 250.052
1677.23 249.6489
1677.98 249.2459
1678.73 248.843
1679.49 248.4403
1680.24 248.0376
1681.00 247.635
1681.75 247.2325
1682.50 246.8302
1683.26 246.4279
1684.01 246.0258
1684.77 245.7996
1685.52 245.6761
1686.27 245.5526
1687.03 245.4292
1687.78 245.3058
1688.54 245.1824
1689.29 245.0591
1690.04 244.9357
1690.80 244.8124
1691.55 244.6892
1692.31 244.5659
1693.06 244.3455
1693.81 243.9935
1694.57 243.6415
1695.32 243.2896
1696.08 242.9378
1696.83 242.5861
1697.58 242.2345
1698.34 241.883
1699.09 241.5316
1699.85 241.1802
1700.60 240.8315
1701.35 240.4661
1702.11 240.0128
1702.86 239.5595
1703.62 239.1064
1704.37 238.6534
1705.12 238.2005
1705.88 237.7477
1706.63 237.295
1707.39 236.8424
1708.14 236.3899
1708.89 235.9376
1709.65 235.4853
1710.40 235.0468
1711.16 234.6107
1711.91 234.1747
1712.66 233.7388
1713.42 233.3031
1714.17 232.8674
1714.93 232.4318
1715.68 231.9964
1716.43 231.561
1717.19 231.1258
1717.94 230.6907
1718.70 230.1867
1719.45 229.6098
1720.20 229.0331
1720.96 228.4565
1721.71 227.88
1722.47 227.3037
1723.22 226.7275
1723.97 226.1515
1724.73 225.5756
1725.48 224.9999
1726.24 224.4243
1726.99 223.8491
1727.74 223.2791
1728.50 222.7092
1729.25 222.1394
1730.01 221.5698
1730.76 221.0004
1731.51 220.4311
1732.27 219.8619
1733.02 219.2928
1733.78 218.7239
1734.53 218.1552
1735.28 217.5866
1736.04 217.225
1736.79 217.021
1737.55 216.817
1738.30 216.6132
1739.05 216.4093
1739.81 216.2055
1740.56 216.0018
1741.32 215.7981
1742.07 215.5944
1742.82 215.3908
1743.58 215.1872
1744.33 214.986
1745.09 214.8625
1745.84 214.739
1746.59 214.6155
1747.35 214.4921
1748.10 214.3686
1748.86 214.2452
1749.61 214.1218
1750.36 213.9998
1751.12 213.8793
1751.87 213.7588
1752.63 213.6384
1753.38 213.4641
1754.13 213.217
1754.89 212.9699
1755.64 212.7228
1756.40 212.4758
1757.15 212.2289
1757.90 211.982
1758.66 211.7352
1759.41 211.4884
1760.17 211.2416
1760.92 210.995
1761.67 210.7483
1762.43 210.4489
1763.18 210.1335
1763.94 209.8181
1764.69 209.5028
1765.44 209.1876
1766.20 208.8724
1766.95 208.5574
1767.71 208.2423
1768.46 207.9274
1769.21 207.6125
1769.97 207.2977
1770.72 206.9818
1771.48 206.6474
1772.23 206.3131
1772.98 205.9788
1773.74 205.6446
1774.49 205.3105
1775.25 204.9765
1776.00 204.6425
1776.75 204.3086
1777.51 203.9748
1778.26 203.641
1779.02 203.3074
1779.77 202.9846
1780.52 202.6899
1781.28 202.3953
1782.03 202.1008
1782.79 201.8063
1783.54 201.5119
1784.29 201.2175
1785.05 200.9233
1785.80 200.629
1786.56 200.3349
1787.31 200.0408
1788.06 199.7468
1788.82 199.4371
1789.57 199.1072
1790.33 198.7773
1791.08 198.4475
1791.83 198.1178
1792.59 197.7882
1793.34 197.4586
1794.10 197.1291
1794.85 196.7997
1795.60 196.4703
1796.36 196.141
1797.11 195.8118
1797.87 195.4332
1798.62 195.0146
1799.37 194.596
1800.13 194.1784
1800.88 193.7652
1801.64 193.352
1802.39 192.9389
1803.14 192.5259
1803.90 192.1129
1804.65 191.7001
1805.41 191.2873
1806.16 190.8745
1806.91 190.4108
1807.67 189.9114
1808.42 189.4122
1809.18 188.913
1809.93 188.4139
1810.68 187.9149
1811.44 187.416
1812.19 186.9172
1812.95 186.4185
1813.70 185.9199
1814.45 185.4213
1815.21 184.9229
1815.96 184.5696
1816.72 184.3246
1817.47 184.0796
1818.22 183.8347
1818.98 183.5898
1819.73 183.3449
1820.49 183.1001
1821.24 182.8554
1821.99 182.6106
1822.75 182.3659
1823.50 182.1213
1824.26 181.8767
1825.01 181.6859
1825.76 181.5481
1826.52 181.4103
1827.27 181.2726
1828.03 181.1348
1828.78 180.9971
1829.53 180.8594
1830.29 180.7217
1831.04 180.5841
1831.80 180.4464
1832.55 180.3088
1833.30 180.1712
1834.06 179.9849
1834.81 179.7151
1835.57 179.4454
1836.32 179.1758
1837.07 178.9061
1837.83 178.6366
1838.58 178.367
1839.34 178.0976
1840.09 177.8281
1840.84 177.5588
1841.60 177.2894
1842.35 177.0201
1843.11 176.7498
1843.86 176.4741
1844.61 176.1984
1845.37 175.9228
1846.12 175.6472
1846.88 175.3717
1847.63 175.0962
1848.38 174.8207
1849.14 174.5454
1849.89 174.27
1850.65 173.9987
1851.40 173.7281
1852.15 173.4575
1852.91 173.1073
1853.66 172.7494
1854.42 172.3916
1855.17 172.0338
1855.92 171.6761
1856.68 171.3184
1857.43 170.9608
1858.19 170.6032
1858.94 170.2457
1859.69 169.8882
1860.45 169.5308
1861.20 169.1734
1861.96 168.7461
1862.71 168.273
1863.46 167.8001
1864.22 167.3272
1864.97 166.8543
1865.73 166.3816
1866.48 165.9089
1867.23 165.4362
1867.99 164.9636
1868.74 164.4911
1869.50 164.0186
1870.25 163.5462
1871.00 163.121
1871.76 162.8654
1872.51 162.6099
1873.27 162.3543
1874.02 162.0988
1874.77 161.8434
1875.53 161.588
1876.28 161.3326
1877.04 161.0772
1877.79 160.8219
1878.54 160.5666
1879.30 160.3113
1880.05 160.0561
1880.81 159.9215
1881.56 159.8214
1882.31 159.7214
1883.07 159.6214
1883.82 159.5214
1884.58 159.4214
1885.33 159.3215
1886.08 159.2215
1886.84 159.1216
1887.59 159.0216
1888.35 158.9217
1889.10 158.8218
1889.85 158.7106
1890.61 158.5692
1891.36 158.4277
1892.12 158.2862
1892.87 158.1448
1893.62 158.0034
1894.38 157.862
1895.13 157.7206
1895.89 157.5793
1896.64 157.4379
1897.39 157.2966
1898.15 157.1553
1898.90 157.014
1899.66 156.8855
1900.41 156.7657
1901.16 156.6487
1901.92 156.5318
1902.67 156.4148
1903.43 156.2979
1904.18 156.1809
1904.93 156.064
1905.69 155.9471
1906.44 155.8302
1907.20 155.7133
1907.95 155.5964
1908.70 155.4732
1909.46 155.2689
1910.21 155.0647
1910.97 154.8604
1911.72 154.6562
1912.47 154.4519
1913.23 154.2477
1913.98 154.0435
1914.74 153.8393
1915.49 153.6351
1916.24 153.431
1917.00 153.2268
1917.75 153.0226
1918.51 152.7858
1919.26 152.4953
1920.01 152.2049
1920.77 151.9144
1921.52 151.624
1922.28 151.3336
1923.03 151.0433
1923.78 150.7529
1924.54 150.4625
1925.29 150.1722
1926.05 149.8819
1926.80 149.5916
1927.55 149.3013
1928.31 148.9655
1929.06 148.6019
1929.82 148.2384
1930.57 147.8748
1931.32 147.5113
1932.08 147.1478
1932.83 146.7843
1933.59 146.4208
1934.34 146.0573
1935.09 145.6939
1935.85 145.3305
1936.60 144.9671
1937.36 144.6037
1938.11 144.3161
1938.86 144.048
1939.62 143.7798
1940.37 143.5117
1941.13 143.2436
1941.88 142.9755
1942.63 142.7074
1943.39 142.4393
1944.14 142.1712
1944.90 141.9032
1945.65 141.6352
1946.40 141.3672
1947.16 141.0992
1947.91 141.043
1948.67 141.0058
1949.42 140.9686
1950.17 140.9318
1950.93 140.8965
1951.68 140.8612
1952.44 140.8259
1953.19 140.7906
1953.94 140.7553
1954.70 140.72
1955.45 140.6847
1956.21 140.6494
1956.96 140.6141
1957.71 140.5013
1958.47 140.3853
1959.22 140.2693
1959.98 140.1534
1960.73 140.0374
1961.48 139.9215
1962.24 139.8055
1962.99 139.6895
1963.75 139.5736
1964.50 139.4576
1965.25 139.3417
1966.01 139.2258
1966.76 139.1098
1967.52 138.9226
1968.27 138.7316
1969.02 138.5406
1969.78 138.3496
1970.53 138.1586
1971.29 137.9676
1972.04 137.7766
1972.79 137.5856
1973.55 137.3946
1974.30 137.2037
1975.06 137.0127
1975.81 136.8217
1976.56 136.6308
1977.32 136.4612
1978.07 136.2947
1978.83 136.1282
1979.58 135.9618
1980.33 135.7953
1981.09 135.6289
1981.84 135.4624
1982.60 135.296
1983.35 135.1295
1984.10 134.9631
1984.86 134.7967
1985.61 134.6302
1986.37 134.4638
1987.12 134.3117
1987.87 134.1648
1988.63 134.0179
1989.38 133.8711
1990.14 133.7242
1990.89 133.5773
1991.64 133.4305
1992.40 133.2836
1993.15 133.1368
1993.91 132.99
1994.66 132.8431
1995.41 132.6963
1996.17 132.5495
1996.92 132.4055
1997.68 132.2642
1998.43 132.1229
1999.18 131.9816
1999.94 131.8403
2000.69 131.7088
2001.45 131.5781
2002.20 131.4474
2002.95 131.3167
2003.71 131.1859
2004.46 131.0552
2005.22 130.9244
2005.97 130.7936
2006.72 130.6544
2007.48 130.487
2008.23 130.3196
2008.99 130.1522
2009.74 129.9848
2010.49 129.8173
2011.25 129.6499
2012.00 129.4824
2012.76 129.3148
2013.51 129.1473
2014.26 128.9797
2015.02 128.8121
2015.77 128.6445
2016.53 128.4769
2017.28 128.2833
2018.03 128.0865
2018.79 127.8896
2019.54 127.6927
2020.30 127.4958
2021.05 127.2989
2021.80 127.1019
2022.56 126.9049
2023.31 126.7079
2024.07 126.5109
2024.82 126.3138
2025.57 126.1167
2026.33 125.9196
2027.08 125.7405
2027.84 125.5812
2028.59 125.4217
2029.34 125.2623
2030.10 125.1029
2030.85 124.9434
2031.61 124.7839
2032.36 124.6243
2033.11 124.4648
2033.87 124.3052
2034.62 124.1456
2035.38 123.986
2036.13 123.8264
2036.88 123.6669
2037.64 123.5379
2038.39 123.4089
2039.15 123.2799
2039.90 123.1509
2040.65 123.0219
2041.41 122.8928
2042.16 122.7638
2042.92 122.6347
2043.67 122.5056
2044.42 122.3765
2045.18 122.2473
2045.93 122.1181
2046.69 121.989
2047.44 121.8456
2048.19 121.685
2048.95 121.5244
2049.70 121.3637
2050.46 121.206
2051.21 121.0501
2051.96 120.8942
2052.72 120.7383
2053.47 120.5824
2054.23 120.4264
2054.98 120.2703
2055.73 120.1143
2056.49 119.9582
2057.24 119.802
2058.00 119.6505
2058.75 119.4998
2059.50 119.3491
2060.26 119.1984
2061.01 119.0476
2061.77 118.8967
2062.52 118.7459
2063.27 118.595
2064.03 118.4441
2064.78 118.2931
2065.54 118.1421
2066.29 117.9911
2067.04 117.84
2067.80 117.6918
2068.55 117.5596
2069.31 117.4273
2070.06 117.295
2070.81 117.1627
2071.57 117.0303
2072.32 116.8979
2073.08 116.7655
2073.83 116.633
2074.58 116.5005
2075.34 116.368
2076.09 116.2354
2076.85 116.1028
2077.60 115.9702
2078.35 115.8306
2079.11 115.6805
2079.86 115.5305
2080.62 115.3804
2081.37 115.2302
2082.12 115.0801
2082.88 114.9299
2083.63 114.7796
2084.39 114.6294
2085.14 114.4791
2085.89 114.3287
2086.65 114.1784
2087.40 114.0279
2088.16 113.8775
2088.91 113.7406
2089.66 113.6133
2090.42 113.4861
2091.17 113.3587
2091.93 113.2314
2092.68 113.104
2093.43 112.9766
2094.19 112.8492
2094.94 112.7217
2095.70 112.5942
2096.45 112.4667
2097.20 112.3391
2097.96 112.2116
2098.71 112.084
2099.47 111.9631
2100.22 111.8461
2100.97 111.7311
2101.73 111.6161
2102.48 111.501
2103.24 111.3859
2103.99 111.2708
2104.74 111.1556
2105.50 111.0405
2106.25 110.9252
2107.01 110.81
2107.76 110.6947
2108.51 110.5794
2109.27 110.464
2110.02 110.3375
2110.78 110.2069
2111.53 110.0763
2112.28 109.9457
2113.04 109.815
2113.79 109.6842
2114.55 109.5535
2115.30 109.4227
2116.05 109.2918
2116.81 109.1609
2117.56 109.03
2118.32 108.899
2119.07 108.768
2119.82 108.637
2120.58 108.5177
2121.33 108.4031
2122.09 108.2885
2122.84 108.1738
2123.59 108.0591
2124.35 107.9444
2125.10 107.8296
2125.86 107.7148
2126.61 107.6
2127.36 107.4851
2128.12 107.3702
2128.87 107.2553
2129.63 107.1403
2130.38 107.0253
2131.13 106.9119
2131.89 106.7995
2132.64 106.6871
2133.40 106.5747
2134.15 106.4622
2134.90 106.3497
2135.66 106.2372
2136.41 106.1246
2137.17 106.012
2137.92 105.8994
2138.67 105.7867
2139.43 105.674
2140.18 105.5613
2140.94 105.4485
2141.69 105.3166
2142.44 105.1603
2143.20 105.0039
2143.95 104.8475
2144.71 104.691
2145.46 104.5344
2146.21 104.3779
2146.97 104.2212
2147.72 104.0646
2148.48 103.9079
2149.23 103.7511
2149.98 103.5943
2150.74 103.4401
2151.49 103.286
2152.25 103.1212
2153.00 102.9126
2153.75 102.7039
2154.51 102.4952
2155.26 102.2863
2156.02 102.0774
2156.77 101.8685
2157.52 101.6594
2158.28 101.4503
2159.03 101.2411
2159.79 101.0319
2160.54 100.8225
2161.29 100.6131
2162.05 100.4037
2162.80 100.1941
2163.56 100.0768
2164.31 99.97173
2165.06 99.86658
2165.82 99.76138
2166.57 99.65615
2167.33 99.55088
2168.08 99.44558
2168.83 99.34023
2169.59 99.23485
2170.34 99.12943
2171.10 99.02397
2171.85 98.91847
2172.60 98.81293
2173.36 98.70736
2174.11 98.63555
2174.87 98.59844
2175.62 98.56131
2176.37 98.52416
2177.13 98.487
2177.88 98.44981
2178.64 98.41262
2179.39 98.3754
2180.14 98.33817
2180.90 98.30093
2181.65 98.26366
2182.41 98.22638
2183.16 98.18908
2183.91 98.15177
2184.67 98.11307
2185.42 98.03878
2186.18 97.96445
2186.93 97.8901
2187.68 97.81573
2188.44 97.74132
2189.19 97.66689
2189.95 97.59242
2190.70 97.51793
2191.45 97.44342
2192.21 97.36887
2192.96 97.29429
2193.72 97.21969
2194.47 97.14506
2195.22 97.0704
2195.98 96.97914
2196.73 96.8722
2197.49 96.76522
2198.24 96.6582
2198.99 96.55115
2199.75 96.44406
2200.50 96.3386
2201.26 96.23394
2202.01 96.12923
2202.76 96.02448
2203.52 95.91968
2204.27 95.81484
2205.03 95.70996
2205.78 95.60503
2206.53 95.50005
2207.29 95.40754
2208.04 95.31619
2208.80 95.2248
2209.55 95.13337
2210.30 95.0419
2211.06 94.95039
2211.81 94.85885
2212.57 94.76726
2213.32 94.67563
2214.07 94.58396
2214.83 94.49226
2215.58 94.40051
2216.34 94.30872
2217.09 94.2169
2217.84 94.12515
2218.60 94.03373
2219.35 93.94228
2220.11 93.85078
2220.86 93.75925
2221.61 93.66768
2222.37 93.57607
2223.12 93.48442
2223.88 93.39272
2224.63 93.30099
2225.38 93.20923
2226.14 93.11742
2226.89 93.02557
2227.65 92.93368
2228.40 92.84175
2229.15 92.74479
2229.91 92.64244
2230.66 92.54004
2231.42 92.43761
2232.17 92.33512
2232.92 92.2326
2233.68 92.13003
2234.43 92.02742
2235.19 91.92476
2235.94 91.82207
2236.69 91.71933
2237.45 91.61654
2238.20 91.51371
2238.96 91.41084
2239.71 91.30793
2240.46 91.2054
2241.22 91.10304
2241.97 91.00063
2242.73 90.89819
2243.48 90.7957
2244.23 90.69316
2244.99 90.59059
2245.74 90.48797
2246.50 90.38531
2247.25 90.2826
2248.00 90.17985
2248.76 90.07706
2249.51 89.97423
2250.27 89.87013
2251.02 89.76374
2251.77 89.66449
2252.53 89.56729
2253.28 89.47006
2254.04 89.3728
2254.79 89.2755
2255.54 89.17818
2256.30 89.08082
2257.05 88.98344
2257.81 88.88602
2258.56 88.78857
2259.31 88.69109
2260.07 88.59358
2260.82 88.49604
2261.58 88.39847
2262.33 88.30086
2263.08 88.20542
2263.84 88.11048
2264.59 88.01552
2265.35 87.92052
2266.10 87.82549
2266.85 87.73044
2267.61 87.63535
2268.36 87.54023
2269.12 87.44508
2269.87 87.3499
2270.62 87.25469
2271.38 87.15946
2272.13 87.06419
2272.89 86.96889
2273.64 86.87356
2274.39 86.77053
2275.15 86.6649
2275.90 86.55923
2276.66 86.45353
2277.41 86.34779
2278.16 86.24203
2278.92 86.13622
2279.67 86.03039
2280.43 85.92452
2281.18 85.81862
2281.93 85.71268
2282.69 85.60672
2283.44 85.50072
2284.20 85.39468
2284.95 85.28861
2285.70 85.18559
2286.46 85.08435
2287.21 84.98307
2287.97 84.88177
2288.72 84.78043
2289.47 84.67906
2290.23 84.57766
2290.98 84.47622
2291.74 84.37476
2292.49 84.27326
2293.24 84.17173
2294.00 84.07017
2294.75 83.96858
2295.51 83.86695
2296.26 83.7653
2297.01 83.67027
2297.77 83.58405
2298.52 83.4978
2299.28 83.41152
2300.03 83.32531
2300.78 83.2411
2301.54 83.15686
2302.29 83.07259
2303.05 82.98828
2303.80 82.90395
2304.55 82.81958
2305.31 82.73518
2306.06 82.65074
2306.82 82.56628
2307.57 82.48178
2308.32 82.39378
2309.08 82.28625
2309.83 82.17869
2310.59 82.07109
2311.34 81.96344
2312.09 81.85576
2312.85 81.74804
2313.60 81.64027
2314.36 81.53247
2315.11 81.42463
2315.86 81.31674
2316.62 81.20882
2317.37 81.10086
2318.13 80.99285
2318.88 80.88481
2319.63 80.77672
2320.39 80.68107
2321.14 80.58838
2321.90 80.49565
2322.65 80.40288
2323.40 80.31009
2324.16 80.21725
2324.91 80.12438
2325.67 80.03148
2326.42 79.93854
2327.17 79.84557
2327.93 79.75256
2328.68 79.65952
2329.44 79.56644
2330.19 79.47332
2330.94 79.38017
2331.70 79.29528
2332.45 79.22375
2333.21 79.1522
2333.96 79.08062
2334.71 79.00901
2335.47 78.93737
2336.22 78.86571
2336.98 78.79401
2337.73 78.72229
2338.48 78.65054
2339.24 78.57877
2339.99 78.50696
2340.75 78.43513
2341.50 78.36327
2342.25 78.29139
2343.01 78.21947
2343.76 78.12939
2344.52 78.03676
2345.27 77.94409
2346.02 77.85138
2346.78 77.75864
2347.53 77.66587
2348.29 77.57306
2349.04 77.48022
2349.79 77.38734
2350.55 77.29443
2351.30 77.20148
2352.06 77.1085
2352.81 77.01548
2353.56 76.92243
2354.32 76.82935
2355.07 76.74072
2355.83 76.66283
2356.58 76.58491
2357.33 76.50696
2358.09 76.42899
2358.84 76.35098
2359.60 76.27294
2360.35 76.19487
2361.10 76.11677
2361.86 76.03865
2362.61 75.96049
2363.37 75.8823
2364.12 75.80409
2364.87 75.72584
2365.63 75.64757
2366.38 75.56926
2367.14 75.48459
2367.89 75.39619
2368.64 75.30776
2369.40 75.2193
2370.15 75.1308
2370.91 75.04226
2371.66 74.9537
2372.41 74.8651
2373.17 74.77647
2373.92 74.68781
2374.68 74.59911
2375.43 74.51038
2376.18 74.42162
2376.94 74.33283
2377.69 74.244
2378.45 74.15514
2379.20 74.07971
2379.95 74.00595
2380.71 73.93216
2381.46 73.85835
2382.22 73.7845
2382.97 73.71063
2383.72 73.63672
2384.48 73.5628
2385.23 73.48884
2385.99 73.41485
2386.74 73.34084
2387.49 73.2668
2388.25 73.19273
2389.00 73.11863
2389.76 73.04451
2390.51 72.97148
2391.26 72.91438
2392.02 72.85726
2392.77 72.80011
2393.53 72.74294
2394.28 72.68575
2395.03 72.62853
2395.79 72.5713
2396.54 72.51404
2397.30 72.45676
2398.05 72.39945
2398.80 72.34213
2399.56 72.28478
2400.31 72.22778
2401.07 72.17129
2401.82 72.11477
2402.57 72.05386
2403.33 71.97269
2404.08 71.89149
2404.84 71.81026
2405.59 71.729
2406.34 71.6477
2407.10 71.56637
2407.85 71.48501
2408.61 71.40362
2409.36 71.32219
2410.11 71.24073
2410.87 71.15924
2411.62 71.07771
2412.38 70.99616
2413.13 70.91457
2413.88 70.83294
2414.64 70.75383
2415.39 70.68508
2416.15 70.6163
2416.90 70.54749
2417.65 70.47866
2418.41 70.40979
2419.16 70.3409
2419.92 70.27198
2420.67 70.20304
2421.42 70.13406
2422.18 70.06506
2422.93 69.99602
2423.69 69.92696
2424.44 69.85787
2425.19 69.78876
2425.95 69.71961
2426.70 69.65105
2427.46 69.5864
2428.21 69.52172
2428.96 69.45702
2429.72 69.39229
2430.47 69.32753
2431.23 69.26274
2431.98 69.19793
2432.73 69.13309
2433.49 69.06823
2434.24 69.00333
2435.00 68.93842
2435.75 68.87347
2436.50 68.8085
2437.26 68.7435
2438.01 68.67847
2438.77 68.61342
2439.52 68.53431
2440.27 68.45509
2441.03 68.37583
2441.78 68.29655
2442.54 68.21723
2443.29 68.13788
2444.04 68.0585
2444.80 67.97909
2445.55 67.89965
2446.31 67.82018
2447.06 67.74067
2447.81 67.66113
2448.57 67.58156
2449.32 67.50196
