# 10 Jun 2021; convolved with Kurucz, unnormalized
# Wavelength(nm)  Flambda(ergs/cm^s/s/nm)
150.38 0.0001463252
151.13 0.0002070483
151.88 0.0002887558
152.64 0.0005162683
153.39 0.0008954684
154.15 0.001125289
154.90 0.001275005
155.65 0.001547622
156.41 0.001931028
157.16 0.002529578
157.92 0.003225396
158.67 0.003919347
159.42 0.004240183
160.18 0.004536046
160.93 0.005040389
161.69 0.005593745
162.44 0.006243445
163.19 0.007268534
163.95 0.008492135
164.70 0.009133866
165.46 0.009018528
166.21 0.01017083
166.96 0.01229968
167.72 0.01680553
168.47 0.02487644
169.23 0.0348601
169.98 0.04356004
170.73 0.04969761
171.49 0.0555888
172.24 0.06506991
173.00 0.07775094
173.75 0.09999147
174.50 0.1271174
175.26 0.1488264
176.01 0.158524
176.77 0.1646486
177.52 0.1816217
178.27 0.2132973
179.03 0.2489591
179.78 0.272448
180.54 0.2770506
181.29 0.280865
182.04 0.296932
182.80 0.3188534
183.55 0.3179849
184.31 0.3165176
185.06 0.3522417
185.81 0.4208566
186.57 0.4985669
187.32 0.5488127
188.08 0.6038599
188.83 0.6672725
189.58 0.7196507
190.34 0.74937
191.09 0.7798875
191.85 0.7685159
192.60 0.7400323
193.35 0.7514847
194.11 0.8643205
194.86 1.051835
195.62 1.221326
196.37 1.360696
197.12 1.460015
197.88 1.498322
198.63 1.551456
199.39 1.609324
200.14 1.664975
200.89 1.704723
201.65 1.724208
202.40 1.786159
203.16 1.911863
203.91 2.138418
204.66 2.30875
205.42 2.445904
206.17 2.57826
206.93 2.851884
207.68 3.289007
208.43 4.078914
209.19 5.374213
209.94 7.867506
210.70 10.10673
211.45 11.86389
212.20 12.39528
212.96 13.10011
213.71 14.09095
214.47 15.47322
215.22 15.82004
215.97 15.609
216.73 15.08309
217.48 15.77796
218.24 17.18058
218.99 18.65794
219.74 19.05438
220.50 18.43607
221.25 18.13569
222.01 19.37636
222.76 22.23084
223.51 24.34805
224.27 24.41058
225.02 22.01997
225.78 19.89739
226.53 18.90357
227.28 20.08393
228.04 21.65852
228.79 23.35678
229.55 24.19381
230.30 24.78565
231.05 25.17994
231.81 23.64693
232.56 21.39997
233.32 18.54064
234.07 16.90965
234.82 15.96188
235.58 16.04195
236.33 15.43179
237.09 14.35726
237.84 13.29649
238.59 12.52826
239.35 12.11556
240.10 12.9154
240.86 14.6453
241.61 18.31087
242.36 21.80923
243.12 25.11263
243.87 26.69823
244.63 27.75247
245.38 28.15567
246.13 26.31603
246.89 23.74209
247.64 20.1129
248.40 17.95534
249.15 16.98663
249.90 17.66469
250.66 17.94166
251.41 16.46841
252.17 15.93605
252.92 16.08259
253.67 21.23604
254.43 28.00335
255.18 38.46899
255.94 47.77154
256.69 56.06284
257.44 57.61941
258.20 57.0409
258.95 51.00533
259.71 45.86808
260.46 42.05399
261.21 45.66868
261.97 52.72532
262.72 78.89467
263.48 107.5065
264.23 141.1251
264.98 163.1663
265.74 171.3558
266.49 171.2418
267.25 167.5042
268.00 167.2591
268.75 166.1351
269.51 158.6444
270.26 147.844
271.02 131.3119
271.77 115.35
272.52 99.79268
273.28 89.68942
274.03 81.22327
274.79 86.17621
275.54 92.39354
276.29 102.3568
277.05 105.6738
277.80 93.05884
278.56 79.31049
279.31 64.21786
280.06 69.31334
280.82 87.68537
281.57 114.5005
282.33 144.3365
283.08 142.6078
283.83 136.4306
284.59 122.7046
285.34 113.1882
286.10 138.1057
286.85 165.2461
287.60 200.095
288.36 234.8452
289.11 269.0715
289.87 299.0909
290.62 322.4215
291.37 334.0186
292.13 332.0669
292.88 326.244
293.64 316.9552
294.39 312.3688
295.14 311.124
295.90 310.0101
296.65 308.9671
297.41 311.0087
298.16 314.6168
298.91 321.1928
299.67 329.1282
300.42 336.5583
301.18 343.7998
301.93 354.911
302.68 367.6381
303.44 378.188
304.19 387.8662
304.95 392.9821
305.70 396.0765
306.45 400.8656
307.21 406.5136
307.96 405.9432
308.72 401.7435
309.47 406.349
310.22 417.1647
310.98 428.5656
311.73 440.4882
312.49 444.7219
313.24 440.1395
313.99 435.1503
314.75 429.5482
315.50 426.7802
316.26 430.5189
317.01 434.629
317.76 440.11
318.52 445.3516
319.27 448.3007
320.03 451.2579
320.78 444.5849
321.53 437.7083
322.29 437.9184
323.04 439.3174
323.80 466.7734
324.55 504.6643
325.30 542.0154
326.06 578.9978
326.81 604.0921
327.57 611.6708
328.32 617.3601
329.07 616.7926
329.83 616.0229
330.58 611.8798
331.34 607.7027
332.09 605.0788
332.84 602.6901
333.60 591.1022
334.35 574.5992
335.11 554.6691
335.86 530.381
336.61 511.9078
337.37 515.3145
338.12 518.7302
338.88 531.5712
339.63 544.7014
340.38 549.2249
341.14 550.4968
341.89 554.4315
342.65 561.4293
343.40 571.7322
344.15 595.5363
344.91 619.4523
345.66 642.4802
346.42 665.5185
347.17 682.2805
347.92 695.162
348.68 706.1921
349.43 713.0747
350.19 719.9805
350.94 721.2458
351.69 722.4836
352.45 728.6668
353.20 737.3455
353.96 738.9352
354.71 725.782
355.46 712.5544
356.22 674.2647
356.97 635.0986
357.73 622.5345
358.48 627.1663
359.23 636.9015
359.99 663.4309
360.74 690.0762
361.50 704.8077
362.25 717.3838
363.00 734.3236
363.76 756.7125
364.51 779.375
365.27 807.3978
366.02 835.5388
366.77 847.7706
367.53 849.7803
368.28 850.1462
369.04 842.6776
369.79 835.1642
370.54 816.8726
371.30 794.4174
372.05 770.7217
372.81 743.7524
373.56 716.6537
374.31 727.0589
375.07 747.4194
375.82 775.7284
376.58 822.0052
377.33 868.4739
378.08 875.9803
378.84 874.1661
379.59 859.449
380.35 814.1072
381.10 768.5609
381.85 725.5125
382.61 683.0602
383.36 653.1352
384.12 663.7107
384.87 674.3231
385.62 692.5074
386.38 714.1368
387.13 737.3963
387.89 771.2501
388.64 805.2356
389.39 831.9567
390.15 852.8535
390.90 873.8265
391.66 835.2702
392.41 794.5838
393.16 767.9298
393.92 765.5334
394.67 763.119
395.43 792.2089
396.18 831.6028
396.93 877.4757
397.69 965.9805
398.44 1054.826
399.20 1131.279
399.95 1194.78
400.70 1258.518
401.46 1276.768
402.21 1286.233
402.97 1293.009
403.72 1286.759
404.47 1280.471
405.23 1278.252
405.98 1280.235
406.74 1282.214
407.49 1296.835
408.24 1314.647
409.00 1332.478
409.75 1350.022
410.51 1367.618
411.26 1382.101
412.01 1391.346
412.77 1400.612
413.52 1406.499
414.28 1410.494
415.03 1414.491
415.78 1409.887
416.54 1404.244
417.29 1397.505
418.05 1383.851
418.80 1370.135
419.55 1359.472
420.31 1354.321
421.06 1349.14
421.82 1342.181
422.57 1333.873
423.32 1325.524
424.08 1314.436
424.83 1302.487
425.59 1290.485
426.34 1260.641
427.09 1229.787
427.85 1198.884
428.60 1168.351
429.36 1137.703
430.11 1124.758
430.86 1158.308
431.62 1191.963
432.37 1232.313
433.13 1281.991
433.88 1331.827
434.63 1366.511
435.39 1388.434
436.14 1410.419
436.90 1419.599
437.65 1422.053
438.40 1424.505
439.16 1438.671
439.91 1456.716
440.67 1474.81
441.42 1497.678
442.17 1521.534
442.93 1545.456
443.68 1560.09
444.44 1573.787
445.19 1587.516
445.94 1609.613
446.70 1632.128
447.45 1654.703
448.21 1680.166
448.96 1705.701
449.71 1730.816
450.47 1734.859
451.22 1738.607
451.98 1742.178
452.73 1740.284
453.48 1738.376
454.24 1736.795
454.99 1747.706
455.75 1758.641
456.50 1769.557
457.25 1772.164
458.01 1774.77
458.76 1777.376
459.52 1778.487
460.27 1779.546
461.02 1780.6
461.78 1782.223
462.53 1783.895
463.29 1785.564
464.04 1788.874
464.79 1792.474
465.55 1796.076
466.30 1799.323
467.06 1802.463
467.81 1805.605
468.56 1806.159
469.32 1805.444
470.07 1804.719
470.83 1808.6
471.58 1816.12
472.33 1823.654
473.09 1832.814
473.84 1844.124
474.60 1855.458
475.35 1865.178
476.10 1870.827
476.86 1876.485
477.61 1881.456
478.37 1881.659
479.12 1881.855
479.87 1882.044
480.63 1876.395
481.38 1870.42
482.14 1864.422
482.89 1844.618
483.64 1820.392
484.40 1796.092
485.15 1778.003
485.91 1764.971
486.66 1751.896
487.41 1747.799
488.17 1762.116
488.92 1776.465
489.68 1790.448
490.43 1800.359
491.18 1810.29
491.94 1820.242
492.69 1829.481
493.45 1838.591
494.20 1847.718
494.95 1849.396
495.71 1845.189
496.46 1840.963
497.22 1834.245
497.97 1820.825
498.72 1807.362
499.48 1793.856
500.23 1791.784
500.99 1790.012
501.74 1788.229
502.49 1795.096
503.25 1806.784
504.00 1818.496
504.76 1829.379
505.51 1838.339
506.26 1847.317
507.02 1856.311
507.77 1857.394
508.53 1858.052
509.28 1858.706
510.03 1855.009
510.79 1848.103
511.54 1841.174
512.30 1831.508
513.05 1810.098
513.80 1788.629
514.56 1767.101
515.31 1745.912
516.07 1724.776
516.82 1703.582
517.57 1694.017
518.33 1705.4
519.08 1716.805
519.84 1728.234
520.59 1748.571
521.34 1769.75
522.10 1790.975
522.85 1803.332
523.61 1805.243
524.36 1807.153
525.11 1809.062
525.87 1813.142
526.62 1817.257
527.38 1821.378
528.13 1829.313
528.88 1841.179
529.64 1853.069
530.39 1864.982
531.15 1862.702
531.90 1860.18
532.65 1857.646
533.41 1858.599
534.16 1863.722
534.92 1868.853
535.67 1873.99
536.42 1876.157
537.18 1878.033
537.93 1879.907
538.69 1880.181
539.44 1877.44
540.19 1874.687
540.95 1871.921
541.70 1876.344
542.46 1882.968
543.21 1889.601
543.96 1895.657
544.72 1898.814
545.47 1901.973
546.23 1905.135
546.98 1905.925
547.73 1904.78
548.49 1903.627
549.24 1902.467
550.00 1904.906
550.75 1907.246
551.50 1909.585
552.26 1911.428
553.01 1911.884
553.77 1912.337
554.52 1912.788
555.27 1910.084
556.03 1905.193
556.78 1900.29
557.54 1895.373
558.29 1895.822
559.04 1896.853
559.80 1897.883
560.55 1899.434
561.31 1903.164
562.06 1906.897
562.81 1910.634
563.57 1912.345
564.32 1911.737
565.08 1911.124
565.83 1910.507
566.58 1911.668
567.34 1913.522
568.09 1915.376
568.85 1917.23
569.60 1922.649
570.35 1928.239
571.11 1933.836
571.86 1939.026
572.62 1942.234
573.37 1945.445
574.12 1948.658
574.88 1950.111
575.63 1948.56
576.39 1947.001
577.14 1945.437
577.89 1945.507
578.65 1946.921
579.40 1948.334
580.16 1949.747
580.91 1950.793
581.66 1951.686
582.42 1952.578
583.17 1953.468
583.93 1947.762
584.68 1940.868
585.43 1933.957
586.19 1927.031
586.94 1919.413
587.70 1911.756
588.45 1904.082
589.20 1897.213
589.96 1900.997
590.71 1904.785
591.47 1908.577
592.22 1912.607
592.97 1917.945
593.73 1923.289
594.48 1928.64
595.24 1932.635
595.99 1931.648
596.74 1930.656
597.50 1929.659
598.25 1928.17
599.01 1925.265
599.76 1922.352
600.51 1919.375
601.27 1917.561
602.02 1918.824
602.78 1920.086
603.53 1921.347
604.28 1921.843
605.04 1920.393
605.79 1918.938
606.55 1917.477
607.30 1914.406
608.05 1906.875
608.81 1899.329
609.56 1891.767
610.32 1883.835
611.07 1874.683
611.82 1865.514
612.58 1856.326
613.33 1848.193
614.09 1845.294
614.84 1842.388
615.59 1839.474
616.35 1837.228
617.10 1841.676
617.86 1846.129
618.61 1850.587
619.36 1855.049
620.12 1853.87
620.87 1852.649
621.63 1851.423
622.38 1850.193
623.13 1848.081
623.89 1845.837
624.64 1843.587
625.40 1841.33
626.15 1842.169
626.90 1844.127
627.66 1846.086
628.41 1848.045
629.17 1847.724
629.92 1845.7
630.67 1843.669
631.43 1841.632
632.18 1839.853
632.94 1838.474
633.69 1837.09
634.44 1835.702
635.20 1834.503
635.95 1834.129
636.71 1833.753
637.46 1833.373
638.21 1832.99
638.97 1830.664
639.72 1828.266
640.48 1825.861
641.23 1823.45
641.98 1821.306
642.74 1819.26
643.49 1817.209
644.25 1815.152
645.00 1813.164
645.75 1811.258
646.51 1809.346
647.26 1807.429
648.02 1805.485
648.77 1803.431
649.52 1801.37
650.28 1799.215
651.03 1796.903
651.79 1789.19
652.54 1780.583
653.29 1771.962
654.05 1763.328
654.80 1757.388
655.56 1753.85
656.31 1750.306
657.06 1746.756
657.82 1745.301
658.57 1753.66
659.33 1762.03
660.08 1770.409
660.83 1778.798
661.59 1782.433
662.34 1784.898
663.10 1787.365
663.85 1789.833
664.60 1790.828
665.36 1789.673
666.11 1788.515
666.87 1787.354
667.62 1786.19
668.37 1784.334
669.13 1782.467
669.88 1780.595
670.64 1778.72
671.39 1776.927
672.14 1775.2
672.90 1773.469
673.65 1771.735
674.41 1769.986
675.16 1768.117
675.91 1766.244
676.67 1764.367
677.42 1762.486
678.18 1760.271
678.93 1757.835
679.68 1755.394
680.44 1752.949
681.19 1750.513
681.95 1748.216
682.70 1745.913
683.45 1743.607
684.21 1741.296
684.96 1739.782
685.72 1738.882
686.47 1737.98
687.22 1737.075
687.98 1736.163
688.73 1734.913
689.49 1733.66
690.24 1732.404
690.99 1731.145
691.75 1729.401
692.50 1727.03
693.26 1724.654
694.01 1722.275
694.76 1719.89
695.52 1716.99
696.27 1713.986
697.03 1710.977
697.78 1707.962
698.53 1704.962
699.29 1702.028
700.04 1699.052
700.80 1695.453
701.55 1691.853
702.30 1689.333
703.06 1687.62
703.81 1685.906
704.57 1684.19
705.32 1682.473
706.07 1680.141
706.83 1677.742
707.58 1675.341
708.34 1672.939
709.09 1670.172
709.84 1666.063
710.60 1661.951
711.35 1657.837
712.11 1653.721
712.86 1649.273
713.61 1644.49
714.37 1639.704
715.12 1634.916
715.88 1630.125
716.63 1626.646
717.38 1623.581
718.14 1620.514
718.89 1617.446
719.65 1614.376
720.40 1614.105
721.15 1613.837
721.91 1613.569
722.66 1613.301
723.42 1612.731
724.17 1611.043
724.92 1609.355
725.68 1607.665
726.43 1605.974
727.19 1603.852
727.94 1601.09
728.69 1598.327
729.45 1595.561
730.20 1592.794
730.96 1590.759
731.71 1589.282
732.46 1587.804
733.22 1586.324
733.97 1584.844
734.73 1581.707
735.48 1577.891
736.23 1574.073
736.99 1570.252
737.74 1566.43
738.50 1562.622
739.25 1558.815
740.00 1555.007
740.76 1551.196
741.51 1547.383
742.27 1546.702
743.02 1546.297
743.77 1545.891
744.53 1545.484
745.28 1545.077
746.04 1544.413
746.79 1543.744
747.54 1543.076
748.30 1542.406
749.05 1541.712
749.81 1540.256
750.56 1538.061
751.31 1535.613
752.07 1533.166
752.82 1530.698
753.58 1527.805
754.33 1524.914
755.08 1522.024
755.84 1519.136
756.59 1516.228
757.35 1512.834
758.10 1509.443
758.85 1506.053
759.61 1502.666
760.36 1499.275
761.12 1495.455
761.87 1491.637
762.62 1487.822
763.38 1484.009
764.13 1480.199
764.89 1476.406
765.64 1472.617
766.39 1468.83
767.15 1465.046
767.90 1461.264
768.66 1458.277
769.41 1455.408
770.16 1452.54
770.92 1449.674
771.67 1446.81
772.43 1444.538
773.18 1442.448
773.93 1440.359
774.69 1438.271
775.44 1436.184
776.20 1434.064
776.95 1431.925
777.70 1429.786
778.46 1427.649
779.21 1425.513
779.97 1422.941
780.72 1419.88
781.47 1416.821
782.23 1413.764
782.98 1410.709
783.74 1407.606
784.49 1404.382
785.24 1401.16
786.00 1397.94
786.75 1394.722
787.51 1391.413
788.26 1386.984
789.01 1382.557
789.77 1378.134
790.52 1373.713
791.28 1369.296
792.03 1365.769
792.78 1362.414
793.54 1359.061
794.29 1355.71
795.05 1352.361
795.80 1350.003
796.55 1348.37
797.31 1346.739
798.06 1345.108
798.82 1343.477
799.57 1341.47
800.32 1338.366
801.08 1335.057
801.83 1331.751
802.59 1328.448
803.34 1325.149
804.09 1321.632
804.85 1318.113
805.60 1314.597
806.36 1311.084
807.11 1307.575
807.86 1304.562
808.62 1301.842
809.37 1299.125
810.13 1296.41
810.88 1293.698
811.63 1290.778
812.39 1287.259
813.14 1283.743
813.90 1280.231
814.65 1276.723
815.40 1273.218
816.16 1268.424
816.91 1263.43
817.67 1258.44
818.42 1253.457
819.17 1248.479
819.93 1244.579
820.68 1242.053
821.44 1239.529
822.19 1237.007
822.94 1234.488
823.70 1231.971
824.45 1230.085
825.21 1228.209
825.96 1226.334
826.71 1224.461
827.47 1222.588
828.22 1219.768
828.98 1216.036
829.73 1212.308
830.48 1208.583
831.24 1204.863
831.99 1201.15
832.75 1198.182
833.50 1195.217
834.25 1192.255
835.01 1189.296
835.76 1186.34
836.52 1183.523
837.27 1180.862
838.02 1178.203
838.78 1175.547
839.53 1172.893
840.29 1170.242
841.04 1166.548
841.79 1162.754
842.55 1158.965
843.30 1155.179
844.06 1151.398
844.81 1146.696
845.56 1140.042
846.32 1133.396
847.07 1126.758
847.83 1120.129
848.58 1113.508
849.33 1106.724
850.09 1099.914
850.84 1093.388
851.60 1086.867
852.35 1080.351
853.10 1074.263
853.86 1074.831
854.61 1075.398
855.37 1075.965
856.12 1076.531
856.87 1077.095
857.63 1077.493
858.38 1077.624
859.14 1077.755
859.89 1077.885
860.64 1078.015
861.40 1078.144
862.15 1074.681
862.91 1069.565
863.66 1064.453
864.41 1059.345
865.17 1054.241
865.92 1049.14
866.68 1048.579
867.43 1048.238
868.18 1047.898
868.94 1047.557
869.69 1047.216
870.45 1047.078
871.20 1047.781
871.95 1048.482
872.71 1049.182
873.46 1049.881
874.22 1050.579
874.97 1050.177
875.72 1048.175
876.48 1046.174
877.23 1044.175
877.99 1042.177
878.74 1040.18
879.49 1038.007
880.25 1035.712
881.00 1033.418
881.76 1031.126
882.51 1028.836
883.26 1026.547
884.02 1024.987
884.77 1023.68
885.53 1022.373
886.28 1021.067
887.03 1019.762
887.79 1018.458
888.54 1017.114
889.30 1015.764
890.05 1014.416
890.80 1013.068
891.56 1011.721
892.31 1010.375
893.07 1007.824
893.82 1005.229
894.57 1002.635
895.33 1000.043
896.08 997.4534
896.84 994.8558
897.59 991.9309
898.34 989.0082
899.10 986.0875
899.85 983.1691
900.61 980.6714
901.36 978.3427
902.11 977.0001
902.87 975.6573
903.62 974.3141
904.38 972.9707
905.13 971.627
905.88 970.287
906.64 968.9997
907.39 967.7122
908.15 966.4243
908.90 965.1362
909.65 963.8478
910.41 962.5706
911.16 961.5341
911.92 960.4974
912.67 959.4604
913.42 958.4233
914.18 957.3859
914.93 956.3483
915.69 953.7162
916.44 951.0687
917.19 948.4206
917.95 945.772
918.70 943.1228
919.46 940.4731
920.21 938.0559
920.96 935.6625
921.72 933.2686
922.47 930.8742
923.23 928.4793
923.98 926.0839
924.73 925.5765
925.49 925.5698
926.24 925.563
927.00 925.5562
927.75 925.5494
928.50 925.5425
929.26 925.1936
930.01 924.6558
930.77 924.118
931.52 923.58
932.27 923.0419
933.03 922.5037
933.78 921.2016
934.54 919.0315
935.29 916.861
936.04 914.6901
936.80 912.5187
937.55 910.3469
938.31 908.2273
939.06 906.2571
939.81 904.2866
940.57 902.3157
941.32 900.3443
942.08 898.3726
942.83 896.429
943.58 895.8013
944.34 895.1735
945.09 894.5456
945.85 893.9175
946.60 893.2893
947.35 892.6609
948.11 891.3582
948.86 889.8312
949.62 888.3039
950.37 886.9274
951.12 885.7065
951.88 884.4841
952.63 883.2216
953.39 881.9102
954.14 880.5973
954.89 879.2828
955.65 877.9669
956.40 876.6495
957.16 875.4131
957.91 874.809
958.66 874.2041
959.42 873.5983
960.17 872.9915
960.93 872.384
961.68 871.7755
962.43 871.0284
963.19 870.2346
963.94 869.4398
964.70 868.6439
965.45 867.8469
966.20 867.049
966.96 866.2854
967.71 865.5854
968.47 864.8846
969.22 864.1827
969.97 863.4799
970.73 862.7762
971.48 862.0715
972.24 861.1974
972.99 860.3084
973.74 859.4183
974.50 858.5271
975.25 857.6348
976.01 856.7413
976.76 855.9147
977.51 855.1657
978.27 854.4157
979.02 853.6648
979.78 852.9129
980.53 852.16
981.28 851.4061
982.04 850.521
982.79 849.6307
983.55 848.7392
984.30 847.8467
985.05 846.9531
985.81 846.0584
986.56 845.2066
987.32 844.409
988.07 843.6105
988.82 842.8109
989.58 842.0103
990.33 841.2087
991.09 840.4061
991.84 839.6899
992.59 838.9842
993.35 838.2776
994.10 837.5701
994.86 836.8616
995.61 836.1522
996.36 835.1854
997.12 833.5985
997.87 832.01
998.63 830.4198
999.38 828.8279
1000.13 827.2343
1000.89 825.639
1001.64 824.1096
1002.40 822.6126
1003.15 821.1139
1003.90 819.6137
1004.66 818.1119
1005.41 816.6085
1006.17 815.1127
1006.92 814.7696
1007.67 814.4259
1008.43 814.0816
1009.18 813.7367
1009.94 813.3912
1010.69 813.0451
1011.44 812.491
1012.20 811.5022
1012.95 810.5122
1013.71 809.5211
1014.46 808.5289
1015.21 807.5355
1015.97 806.541
1016.72 805.6878
1017.48 804.9288
1018.23 804.1689
1018.98 803.408
1019.74 802.6462
1020.49 801.8834
1021.25 801.1197
1022.00 800.5889
1022.75 800.1033
1023.51 799.6171
1024.26 799.1301
1025.02 798.6424
1025.77 798.154
1026.52 797.6363
1027.28 796.5103
1028.03 795.3832
1028.79 794.2547
1029.54 793.1251
1030.29 791.9941
1031.05 790.862
1031.80 789.7298
1032.56 788.6008
1033.31 787.4706
1034.06 786.3391
1034.82 785.2065
1035.57 784.0725
1036.33 782.9373
1037.08 781.9019
1037.83 781.0465
1038.59 780.19
1039.34 779.3325
1040.10 778.4741
1040.85 777.6146
1041.60 776.7541
1042.36 775.9378
1043.11 775.1731
1043.87 774.4075
1044.62 773.641
1045.37 772.8736
1046.13 772.1052
1046.88 771.336
1047.64 770.5918
1048.39 769.8704
1049.14 769.148
1049.90 768.4248
1050.65 767.7703
1051.41 767.1256
1052.16 766.4798
1052.91 765.5559
1053.67 764.415
1054.42 763.2724
1055.18 762.1283
1055.93 760.9825
1056.68 759.8351
1057.44 758.6861
1058.19 757.5134
1058.95 756.3216
1059.70 755.1282
1060.45 753.9332
1061.21 752.7365
1061.96 751.5381
1062.72 750.3381
1063.47 749.0692
1064.22 747.739
1064.98 746.4071
1065.73 745.0734
1066.49 743.7379
1067.24 742.4006
1067.99 741.0616
1068.75 739.8918
1069.50 738.9202
1070.26 737.9471
1071.01 736.9727
1071.76 735.9969
1072.52 735.0196
1073.27 734.041
1074.03 733.0946
1074.78 732.2085
1075.53 731.3211
1076.29 730.4324
1077.04 729.5424
1077.80 728.6512
1078.55 727.7586
1079.30 726.8172
1080.06 725.7037
1080.81 724.5887
1081.57 723.4721
1082.32 722.354
1083.07 721.2344
1083.83 720.1132
1084.58 718.9871
1085.34 717.7812
1086.09 716.5736
1086.84 715.3645
1087.60 714.1537
1088.35 712.9413
1089.11 711.7273
1089.86 710.5117
1090.61 709.2646
1091.37 708.0095
1092.12 706.7527
1092.88 705.4944
1093.63 704.2343
1094.38 702.9726
1095.14 701.7093
1095.89 701.1678
1096.65 701.1649
1097.40 701.1617
1098.15 701.1581
1098.91 701.1541
1099.66 701.1498
1100.42 701.1745
1101.17 701.2625
1101.92 701.4467
1102.68 701.6307
1103.43 701.8144
1104.19 701.9979
1104.94 702.1811
1105.69 702.364
1106.45 702.5467
1107.20 702.1218
1107.96 701.6776
1108.71 701.2325
1109.46 700.7864
1110.22 700.3393
1110.97 699.8912
1111.73 699.4421
1112.48 698.8312
1113.23 698.1162
1113.99 697.3999
1114.74 696.6823
1115.50 695.9635
1116.25 695.2433
1117.00 694.5219
1117.76 693.7813
1118.51 692.9717
1119.27 692.1608
1120.02 691.3485
1120.77 690.5348
1121.53 689.7197
1122.28 688.9032
1123.04 688.0854
1123.79 687.3061
1124.54 686.5367
1125.30 685.7659
1126.05 684.9939
1126.81 684.2204
1127.56 683.4457
1128.31 682.6696
1129.07 681.951
1129.82 681.3589
1130.58 680.7657
1131.33 680.1713
1132.08 679.5758
1132.84 678.9792
1133.59 678.3815
1134.35 677.7827
1135.10 677.2197
1135.85 676.6651
1136.61 676.1094
1137.36 675.5527
1138.12 674.9949
1138.87 674.436
1139.62 673.8761
1140.38 673.4338
1141.13 673.3242
1141.89 673.214
1142.64 673.1032
1143.39 672.9919
1144.15 672.88
1144.90 672.7676
1145.66 672.6547
1146.41 672.4525
1147.16 672.2073
1147.92 671.9615
1148.67 671.7149
1149.43 671.4676
1150.18 671.1981
1150.93 670.8594
1151.69 670.4867
1152.44 669.4809
1153.20 668.4741
1153.95 667.4662
1154.70 666.4571
1155.46 665.447
1156.21 664.4357
1156.97 663.4234
1157.72 662.4135
1158.47 661.4079
1159.23 660.4012
1159.98 659.3934
1160.74 658.3845
1161.49 657.3745
1162.24 656.3634
1163.00 655.3512
1163.75 654.7403
1164.51 654.3075
1165.26 653.8742
1166.01 653.4402
1166.77 653.0057
1167.52 652.5705
1168.28 652.1347
1169.03 651.6984
1169.78 651.0948
1170.54 650.4836
1171.29 649.8716
1172.05 649.2589
1172.80 648.6454
1173.55 648.0312
1174.31 647.4163
1175.06 646.7515
1175.82 645.8742
1176.57 644.996
1177.32 644.1169
1178.08 643.2367
1178.83 642.3556
1179.59 641.4736
1180.34 640.5905
1181.09 639.7918
1181.85 639.1334
1182.60 638.4742
1183.36 637.8143
1184.11 637.1535
1184.86 636.492
1185.62 635.8297
1186.37 635.1667
1187.13 634.5523
1187.88 633.9819
1188.63 633.4108
1189.39 632.839
1190.14 632.2665
1190.90 631.6933
1191.65 631.1195
1192.40 630.5449
1193.16 629.753
1193.91 628.8279
1194.67 627.9017
1195.42 626.9746
1196.17 626.0464
1196.93 625.1173
1197.68 624.1872
1198.44 623.2561
1199.19 622.54
1199.94 621.9204
1200.70 621.2318
1201.45 620.5372
1202.21 619.8421
1202.96 619.1464
1203.71 618.4503
1204.47 617.7536
1205.22 617.3743
1205.98 617.1191
1206.73 616.8635
1207.48 616.6078
1208.24 616.3517
1208.99 616.0955
1209.75 615.8389
1210.50 615.5821
1211.25 615.5122
1212.01 615.5192
1212.76 615.5261
1213.52 615.5329
1214.27 615.5396
1215.02 615.5462
1215.78 615.5527
1216.53 615.5591
1217.29 615.2508
1218.04 614.7784
1218.79 614.3057
1219.55 613.8326
1220.30 613.359
1221.06 612.8851
1221.81 612.4109
1222.56 611.9362
1223.32 611.3396
1224.07 610.6501
1224.83 609.96
1225.58 609.2694
1226.33 608.5783
1227.09 607.8866
1227.84 607.1945
1228.60 606.5018
1229.35 605.8301
1230.10 605.1854
1230.86 604.5402
1231.61 603.8945
1232.37 603.2483
1233.12 602.6016
1233.87 601.9545
1234.63 601.3069
1235.38 600.6484
1236.14 599.9592
1236.89 599.2696
1237.64 598.5794
1238.40 597.8887
1239.15 597.1975
1239.91 596.5058
1240.66 595.8136
1241.41 595.125
1242.17 594.5222
1242.92 593.919
1243.68 593.3153
1244.43 592.7112
1245.18 592.1066
1245.94 591.5016
1246.69 590.8961
1247.45 590.2902
1248.20 589.6535
1248.95 589.0087
1249.71 588.3634
1250.46 587.7218
1251.22 587.0823
1251.97 586.4424
1252.72 585.8019
1253.48 585.161
1254.23 584.5003
1254.99 583.8194
1255.74 583.138
1256.49 582.4561
1257.25 581.7736
1258.00 581.0907
1258.76 580.4072
1259.51 579.7232
1260.26 579.0522
1261.02 578.4568
1261.77 577.8609
1262.53 577.2646
1263.28 576.6678
1264.03 576.0705
1264.79 575.4728
1265.54 574.8746
1266.30 574.2759
1267.05 573.5483
1267.80 572.7816
1268.56 572.0143
1269.31 571.2464
1270.07 570.478
1270.82 569.7091
1271.57 568.9395
1272.33 568.1694
1273.08 567.1636
1273.84 565.7154
1274.59 564.2661
1275.34 562.816
1276.10 561.3648
1276.85 559.9127
1277.61 558.4596
1278.36 557.0055
1279.11 555.5505
1279.87 554.7799
1280.62 554.0971
1281.38 553.4137
1282.13 552.7299
1282.88 552.0455
1283.64 551.3607
1284.39 550.6753
1285.15 549.9894
1285.90 549.6503
1286.65 549.8991
1287.41 550.1478
1288.16 550.3967
1288.92 550.6456
1289.67 550.8945
1290.42 551.1435
1291.18 551.3925
1291.93 551.6416
1292.69 551.5045
1293.44 551.2883
1294.19 551.0718
1294.95 550.8551
1295.70 550.6381
1296.46 550.421
1297.21 550.2036
1297.96 549.986
1298.72 549.669
1299.47 549.0311
1300.23 548.4002
1300.98 547.7862
1301.73 547.1718
1302.49 546.5568
1303.24 545.9412
1304.00 545.3251
1304.75 544.7084
1305.50 544.0435
1306.26 543.3466
1307.01 542.6491
1307.77 541.9509
1308.52 541.2522
1309.27 540.5529
1310.03 539.8529
1310.78 539.1524
1311.54 538.4512
1312.29 537.9442
1313.04 537.4547
1313.80 536.9649
1314.55 536.4745
1315.31 535.9837
1316.06 535.4924
1316.81 535.0007
1317.57 534.5085
1318.32 534.0336
1319.08 533.6284
1319.83 533.2227
1320.58 532.8167
1321.34 532.4103
1322.09 532.0035
1322.85 531.5963
1323.60 531.1886
1324.35 530.7806
1325.11 530.3193
1325.86 529.7887
1326.62 529.2576
1327.37 528.7261
1328.12 528.194
1328.88 527.6615
1329.63 527.1285
1330.39 526.5951
1331.14 526.0611
1331.89 525.6051
1332.65 525.1976
1333.40 524.7898
1334.16 524.3816
1334.91 523.9729
1335.66 523.5639
1336.42 523.1545
1337.17 522.7447
1337.93 522.3345
1338.68 521.9586
1339.43 521.5928
1340.19 521.2266
1340.94 520.86
1341.70 520.493
1342.45 520.1258
1343.20 519.7581
1343.96 519.3901
1344.71 519.0217
1345.47 518.4751
1346.22 517.9016
1346.97 517.3275
1347.73 516.7529
1348.48 516.1778
1349.24 515.6023
1349.99 515.0262
1350.74 514.4156
1351.50 513.8042
1352.25 513.1564
1353.01 512.5049
1353.76 511.8529
1354.51 511.2006
1355.27 510.5478
1356.02 509.8946
1356.78 509.241
1357.53 508.5869
1358.28 507.9325
1359.04 507.3606
1359.79 506.7937
1360.55 506.2265
1361.30 505.6589
1362.05 505.0909
1362.81 504.5225
1363.56 503.9538
1364.32 503.3846
1365.07 502.8151
1365.82 502.3578
1366.58 501.9135
1367.33 501.4689
1368.09 501.024
1368.84 500.5788
1369.59 500.1333
1370.35 499.6874
1371.10 499.2413
1371.86 498.7948
1372.61 498.3847
1373.36 497.9821
1374.12 497.5793
1374.87 497.1762
1375.63 496.7728
1376.38 496.3691
1377.13 495.9652
1377.89 495.5609
1378.64 495.1564
1379.40 494.7538
1380.15 494.3518
1380.90 493.9495
1381.66 493.5469
1382.41 493.1441
1383.17 492.741
1383.92 492.3376
1384.67 491.9339
1385.43 491.5299
1386.18 491.1056
1386.94 490.6624
1387.69 490.219
1388.44 489.7752
1389.20 489.3311
1389.95 488.8867
1390.71 488.4421
1391.46 487.9971
1392.21 487.5518
1392.97 487.0576
1393.72 486.4508
1394.48 485.8436
1395.23 485.236
1395.98 484.628
1396.74 484.0196
1397.49 483.4109
1398.25 482.8017
1399.00 482.1922
1399.75 481.5825
1400.51 480.9622
1401.26 480.3346
1402.02 479.7068
1402.77 479.0786
1403.52 478.4502
1404.28 477.8214
1405.03 477.1922
1405.79 476.5628
1406.54 475.933
1407.29 475.3351
1408.05 474.7484
1408.80 474.1615
1409.56 473.5742
1410.31 472.9867
1411.06 472.3988
1411.82 471.8106
1412.57 471.2222
1413.33 470.6334
1414.08 469.9991
1414.83 469.2922
1415.59 468.585
1416.34 467.8774
1417.10 467.1694
1417.85 466.4611
1418.60 465.7524
1419.36 465.0434
1420.11 464.334
1420.87 463.6243
1421.62 463.0374
1422.37 462.4526
1423.13 461.8674
1423.88 461.282
1424.64 460.6962
1425.39 460.1102
1426.14 459.5239
1426.90 458.9372
1427.65 458.3503
1428.41 457.8913
1429.16 457.5482
1429.91 457.2048
1430.67 456.8613
1431.42 456.5176
1432.18 456.1736
1432.93 455.8295
1433.68 455.4852
1434.44 455.1407
1435.19 454.7902
1435.95 454.2464
1436.70 453.7023
1437.45 453.1579
1438.21 452.6132
1438.96 452.0683
1439.72 451.5231
1440.47 450.9776
1441.22 450.4318
1441.98 449.8858
1442.73 449.3811
1443.49 448.9188
1444.24 448.4564
1444.99 447.9937
1445.75 447.5307
1446.50 447.0675
1447.26 446.6041
1448.01 446.1404
1448.76 445.6765
1449.52 445.2124
1450.27 444.8428
1451.03 444.4617
1451.78 444.0806
1452.53 443.6993
1453.29 443.3179
1454.04 442.9365
1454.80 442.5548
1455.55 442.1731
1456.30 441.7913
1457.06 441.39
1457.81 440.9302
1458.57 440.4703
1459.32 440.0102
1460.07 439.55
1460.83 439.0897
1461.58 438.6293
1462.34 438.1687
1463.09 437.7079
1463.84 437.2471
1464.60 436.6978
1465.35 436.0811
1466.11 435.4642
1466.86 434.8471
1467.61 434.2299
1468.37 433.6125
1469.12 432.9949
1469.88 432.3772
1470.63 431.7592
1471.38 431.1411
1472.14 430.5588
1472.89 429.9834
1473.65 429.4079
1474.40 428.8322
1475.15 428.2564
1475.91 427.6803
1476.66 427.1042
1477.42 426.5278
1478.17 425.9513
1478.92 425.3801
1479.68 424.9245
1480.43 424.4688
1481.19 424.0129
1481.94 423.5569
1482.69 423.1008
1483.45 422.6445
1484.20 422.1881
1484.96 421.7315
1485.71 421.2749
1486.46 420.8345
1487.22 420.4579
1487.97 420.0813
1488.73 419.7045
1489.48 419.3276
1490.23 418.9506
1490.99 418.5735
1491.74 418.1963
1492.50 417.819
1493.25 417.4416
1494.00 416.9638
1494.76 416.2764
1495.51 415.5889
1496.27 414.9011
1497.02 414.2131
1497.77 413.525
1498.53 412.8367
1499.28 412.1481
1500.04 411.4578
1500.79 410.7337
1501.54 410.1322
1502.30 409.7226
1503.05 409.3129
1503.81 408.9033
1504.56 408.4935
1505.31 408.0838
1506.07 407.674
1506.82 407.2642
1507.58 406.8543
1508.33 406.4444
1509.08 406.1756
1509.84 406.1157
1510.59 406.0558
1511.35 405.9959
1512.10 405.936
1512.85 405.8761
1513.61 405.8161
1514.36 405.7562
1515.12 405.6963
1515.87 405.6363
1516.62 405.4645
1517.38 405.0968
1518.13 404.729
1518.89 404.3612
1519.64 403.9934
1520.39 403.6255
1521.15 403.2576
1521.90 402.8897
1522.66 402.5217
1523.41 402.1537
1524.16 401.7645
1524.92 401.3218
1525.67 400.8791
1526.43 400.4363
1527.18 399.9935
1527.93 399.5506
1528.69 399.1077
1529.44 398.6648
1530.20 398.2218
1530.95 397.7788
1531.70 397.3419
1532.46 396.9393
1533.21 396.5367
1533.97 396.1341
1534.72 395.7314
1535.47 395.3287
1536.23 394.926
1536.98 394.5232
1537.74 394.1204
1538.49 393.7176
1539.24 393.3147
1540.00 392.8259
1540.75 392.3341
1541.51 391.8421
1542.26 391.3502
1543.01 390.8582
1543.77 390.3661
1544.52 389.874
1545.28 389.3818
1546.03 388.8897
1546.78 388.3974
1547.54 387.8604
1548.29 387.3065
1549.05 386.7525
1549.80 386.1985
1550.55 385.6111
1551.31 385.0118
1552.06 384.4126
1552.82 383.8134
1553.57 383.2144
1554.32 382.6154
1555.08 382.0273
1555.83 381.4533
1556.59 380.8793
1557.34 380.3055
1558.09 379.7317
1558.85 379.158
1559.60 378.5844
1560.36 378.0108
1561.11 377.4374
1561.86 376.864
1562.62 376.2706
1563.37 375.5029
1564.13 374.7353
1564.88 373.9678
1565.63 373.2005
1566.39 372.4332
1567.14 371.6661
1567.90 370.8991
1568.65 370.1322
1569.40 369.3653
1570.16 368.5987
1570.91 367.8131
1571.67 367.0197
1572.42 366.2264
1573.17 365.4332
1573.93 364.6402
1574.68 363.8472
1575.44 363.0544
1576.19 362.2617
1576.94 361.4691
1577.70 360.6766
1578.45 359.936
1579.21 359.3369
1579.96 358.7378
1580.71 358.1388
1581.47 357.5399
1582.22 356.9411
1582.98 356.3424
1583.73 355.7437
1584.48 355.1452
1585.24 354.5467
1585.99 353.9483
1586.75 353.6183
1587.50 353.3713
1588.25 353.1244
1589.01 352.8774
1589.76 352.6305
1590.52 352.3837
1591.27 352.1368
1592.02 351.89
1592.78 351.6433
1593.53 351.3965
1594.29 351.159
1595.04 350.9538
1595.79 350.7487
1596.55 350.5436
1597.30 350.3385
1598.06 350.1334
1598.81 349.9284
1599.56 349.7234
1600.32 349.509
1601.07 349.2815
1601.83 349.0541
1602.58 348.619
1603.33 348.051
1604.09 347.4833
1604.84 346.9156
1605.60 346.3482
1606.35 345.7808
1607.10 345.2136
1607.86 344.6466
1608.61 344.0797
1609.37 343.513
1610.12 342.9463
1610.87 342.5313
1611.63 342.1227
1612.38 341.7141
1613.14 341.3057
1613.89 340.8973
1614.64 340.4891
1615.40 340.081
1616.15 339.6729
1616.91 339.265
1617.66 338.8572
1618.41 338.4942
1619.17 338.2606
1619.92 338.0271
1620.68 337.7937
1621.43 337.5602
1622.18 337.3269
1622.94 337.0936
1623.69 336.8603
1624.45 336.6271
1625.20 336.394
1625.95 336.1609
1626.71 335.7004
1627.46 335.0016
1628.22 334.3029
1628.97 333.6044
1629.72 332.9061
1630.48 332.208
1631.23 331.51
1631.99 330.8123
1632.74 330.1147
1633.49 329.4173
1634.25 328.7201
1635.00 328.0042
1635.76 327.2795
1636.51 326.555
1637.26 325.8307
1638.02 325.1066
1638.77 324.3826
1639.53 323.6589
1640.28 322.9354
1641.03 322.212
1641.79 321.4889
1642.54 320.7659
1643.30 320.4466
1644.05 320.226
1644.80 320.0053
1645.56 319.7848
1646.31 319.5642
1647.07 319.3438
1647.82 319.1234
1648.57 318.903
1649.33 318.6827
1650.08 318.4605
1650.84 318.2231
1651.59 317.9345
1652.34 317.6387
1653.10 317.343
1653.85 317.0474
1654.61 316.7519
1655.36 316.4565
1656.11 316.1612
1656.87 315.8659
1657.62 315.5708
1658.38 315.2757
1659.13 314.9808
1659.88 314.3493
1660.64 313.678
1661.39 313.007
1662.15 312.3363
1662.90 311.6657
1663.65 310.9954
1664.41 310.3254
1665.16 309.6556
1665.92 308.986
1666.67 308.3167
1667.42 307.6476
1668.18 306.8186
1668.93 305.9637
1669.69 305.1091
1670.44 304.2548
1671.19 303.4008
1671.95 302.5471
1672.70 301.6938
1673.46 300.8407
1674.21 299.988
1674.96 299.1356
1675.72 298.2835
1676.47 297.7063
1677.23 297.2105
1677.98 296.7148
1678.73 296.2193
1679.49 295.724
1680.24 295.2289
1681.00 294.7339
1681.75 294.2392
1682.50 293.7445
1683.26 293.2501
1684.01 292.7558
1684.77 292.4709
1685.52 292.3083
1686.27 292.1457
1687.03 291.9832
1687.78 291.8207
1688.54 291.6583
1689.29 291.4958
1690.04 291.3335
1690.80 291.1711
1691.55 291.0088
1692.31 290.8466
1693.06 290.5689
1693.81 290.1346
1694.57 289.7004
1695.32 289.2664
1696.08 288.8325
1696.83 288.3988
1697.58 287.9653
1698.34 287.5319
1699.09 287.0986
1699.85 286.6655
1700.60 286.2375
1701.35 285.7904
1702.11 285.2387
1702.86 284.6872
1703.62 284.1358
1704.37 283.5847
1705.12 283.0337
1705.88 282.4829
1706.63 281.9322
1707.39 281.3818
1708.14 280.8315
1708.89 280.2814
1709.65 279.7315
1710.40 279.1979
1711.16 278.6672
1711.91 278.1367
1712.66 277.6064
1713.42 277.0763
1714.17 276.5464
1714.93 276.0166
1715.68 275.4869
1716.43 274.9575
1717.19 274.4282
1717.94 273.8991
1718.70 273.2883
1719.45 272.591
1720.20 271.8939
1720.96 271.1971
1721.71 270.5004
1722.47 269.804
1723.22 269.1079
1723.97 268.4119
1724.73 267.7162
1725.48 267.0208
1726.24 266.3255
1726.99 265.6308
1727.74 264.9423
1728.50 264.254
1729.25 263.5659
1730.01 262.8781
1730.76 262.1905
1731.51 261.5031
1732.27 260.8159
1733.02 260.129
1733.78 259.4422
1734.53 258.7558
1735.28 258.0695
1736.04 257.6288
1736.79 257.3751
1737.55 257.1214
1738.30 256.8679
1739.05 256.6144
1739.81 256.361
1740.56 256.1076
1741.32 255.8543
1742.07 255.6011
1742.82 255.348
1743.58 255.095
1744.33 254.8448
1745.09 254.6866
1745.84 254.5285
1746.59 254.3704
1747.35 254.2124
1748.10 254.0544
1748.86 253.8965
1749.61 253.7386
1750.36 253.5848
1751.12 253.4354
1751.87 253.286
1752.63 253.1367
1753.38 252.9237
1754.13 252.6243
1754.89 252.325
1755.64 252.0257
1756.40 251.7266
1757.15 251.4275
1757.90 251.1285
1758.66 250.8295
1759.41 250.5306
1760.17 250.2319
1760.92 249.9331
1761.67 249.6345
1762.43 249.2734
1763.18 248.8932
1763.94 248.5132
1764.69 248.1333
1765.44 247.7535
1766.20 247.3738
1766.95 246.9942
1767.71 246.6147
1768.46 246.2353
1769.21 245.8559
1769.97 245.4767
1770.72 245.0963
1771.48 244.6939
1772.23 244.2916
1772.98 243.8895
1773.74 243.4874
1774.49 243.0854
1775.25 242.6836
1776.00 242.2819
1776.75 241.8802
1777.51 241.4787
1778.26 241.0773
1779.02 240.6759
1779.77 240.2875
1780.52 239.9324
1781.28 239.5774
1782.03 239.2225
1782.79 238.8677
1783.54 238.5129
1784.29 238.1583
1785.05 237.8037
1785.80 237.4493
1786.56 237.0949
1787.31 236.7407
1788.06 236.3865
1788.82 236.0138
1789.57 235.6172
1790.33 235.2207
1791.08 234.8242
1791.83 234.4279
1792.59 234.0317
1793.34 233.6355
1794.10 233.2395
1794.85 232.8436
1795.60 232.4478
1796.36 232.0521
1797.11 231.6565
1797.87 231.2026
1798.62 230.7012
1799.37 230.2
1800.13 229.7015
1800.88 229.2159
1801.64 228.7305
1802.39 228.2451
1803.14 227.7597
1803.90 227.2745
1804.65 226.7893
1805.41 226.3042
1806.16 225.8192
1806.91 225.2738
1807.67 224.6862
1808.42 224.0987
1809.18 223.5114
1809.93 222.9241
1810.68 222.3369
1811.44 221.7498
1812.19 221.1628
1812.95 220.5759
1813.70 219.989
1814.45 219.4023
1815.21 218.8157
1815.96 218.4008
1816.72 218.114
1817.47 217.8273
1818.22 217.5406
1818.98 217.2539
1819.73 216.9673
1820.49 216.6807
1821.24 216.3942
1821.99 216.1077
1822.75 215.8212
1823.50 215.5348
1824.26 215.2485
1825.01 215.0258
1825.76 214.8658
1826.52 214.7058
1827.27 214.5459
1828.03 214.3859
1828.78 214.226
1829.53 214.0661
1830.29 213.9063
1831.04 213.7464
1831.80 213.5866
1832.55 213.4268
1833.30 213.267
1834.06 213.0496
1834.81 212.7333
1835.57 212.4171
1836.32 212.101
1837.07 211.7849
1837.83 211.4688
1838.58 211.1528
1839.34 210.8369
1840.09 210.521
1840.84 210.2051
1841.60 209.8893
1842.35 209.5735
1843.11 209.2565
1843.86 208.9331
1844.61 208.6097
1845.37 208.2864
1846.12 207.9632
1846.88 207.64
1847.63 207.3168
1848.38 206.9937
1849.14 206.6706
1849.89 206.3476
1850.65 206.0286
1851.40 205.7103
1852.15 205.3921
1852.91 204.9795
1853.66 204.5578
1854.42 204.1363
1855.17 203.7147
1855.92 203.2933
1856.68 202.8718
1857.43 202.4504
1858.19 202.0291
1858.94 201.6078
1859.69 201.1865
1860.45 200.7653
1861.20 200.3442
1861.96 199.8402
1862.71 199.2821
1863.46 198.724
1864.22 198.166
1864.97 197.6081
1865.73 197.0502
1866.48 196.4924
1867.23 195.9347
1867.99 195.377
1868.74 194.8194
1869.50 194.2618
1870.25 193.7043
1871.00 193.2027
1871.76 192.902
1872.51 192.6013
1873.27 192.3007
1874.02 192.0001
1874.77 191.6995
1875.53 191.3989
1876.28 191.0984
1877.04 190.7979
1877.79 190.4975
1878.54 190.197
1879.30 189.8967
1880.05 189.5963
1880.81 189.4388
1881.56 189.3223
1882.31 189.2058
1883.07 189.0893
1883.82 188.9728
1884.58 188.8563
1885.33 188.7399
1886.08 188.6234
1886.84 188.507
1887.59 188.3906
1888.35 188.2741
1889.10 188.1577
1889.85 188.028
1890.61 187.8624
1891.36 187.6967
1892.12 187.5311
1892.87 187.3655
1893.62 187.1999
1894.38 187.0344
1895.13 186.8688
1895.89 186.7033
1896.64 186.5378
1897.39 186.3723
1898.15 186.2068
1898.90 186.0413
1899.66 185.891
1900.41 185.7503
1901.16 185.6125
1901.92 185.4747
1902.67 185.3369
1903.43 185.1991
1904.18 185.0614
1904.93 184.9236
1905.69 184.7858
1906.44 184.648
1907.20 184.5103
1907.95 184.3725
1908.70 184.2274
1909.46 183.9861
1910.21 183.7448
1910.97 183.5036
1911.72 183.2623
1912.47 183.0211
1913.23 182.7798
1913.98 182.5386
1914.74 182.2974
1915.49 182.0562
1916.24 181.815
1917.00 181.5739
1917.75 181.3327
1918.51 181.0527
1919.26 180.7093
1920.01 180.3659
1920.77 180.0225
1921.52 179.6791
1922.28 179.3357
1923.03 178.9924
1923.78 178.649
1924.54 178.3057
1925.29 177.9624
1926.05 177.6191
1926.80 177.2758
1927.55 176.9325
1928.31 176.5353
1929.06 176.1052
1929.82 175.6751
1930.57 175.245
1931.32 174.8149
1932.08 174.3848
1932.83 173.9548
1933.59 173.5247
1934.34 173.0947
1935.09 172.6648
1935.85 172.2348
1936.60 171.8048
1937.36 171.3749
1938.11 171.0348
1938.86 170.7177
1939.62 170.4006
1940.37 170.0835
1941.13 169.7665
1941.88 169.4495
1942.63 169.1324
1943.39 168.8154
1944.14 168.4985
1944.90 168.1815
1945.65 167.8645
1946.40 167.5476
1947.16 167.2306
1947.91 167.1647
1948.67 167.1214
1949.42 167.078
1950.17 167.0363
1950.93 167.0005
1951.68 166.9647
1952.44 166.9288
1953.19 166.893
1953.94 166.8572
1954.70 166.8214
1955.45 166.7855
1956.21 166.7497
1956.96 166.7139
1957.71 166.5862
1958.47 166.4547
1959.22 166.3232
1959.98 166.1917
1960.73 166.0601
1961.48 165.9286
1962.24 165.7971
1962.99 165.6656
1963.75 165.534
1964.50 165.4025
1965.25 165.2709
1966.01 165.1394
1966.76 165.0078
1967.52 164.7917
1968.27 164.571
1969.02 164.3504
1969.78 164.1297
1970.53 163.909
1971.29 163.6883
1972.04 163.4676
1972.79 163.2469
1973.55 163.0262
1974.30 162.8055
1975.06 162.5848
1975.81 162.364
1976.56 162.1433
1977.32 161.9478
1978.07 161.7561
1978.83 161.5644
1979.58 161.3726
1980.33 161.1809
1981.09 160.9891
1981.84 160.7973
1982.60 160.6056
1983.35 160.4138
1984.10 160.222
1984.86 160.0302
1985.61 159.8383
1986.37 159.6465
1987.12 159.4716
1987.87 159.303
1988.63 159.1343
1989.38 158.9657
1990.14 158.797
1990.89 158.6284
1991.64 158.4597
1992.40 158.291
1993.15 158.1223
1993.91 157.9536
1994.66 157.7849
1995.41 157.6162
1996.17 157.4475
1996.92 157.2821
1997.68 157.12
1998.43 156.9578
1999.18 156.7956
1999.94 156.6334
2000.69 156.4809
2001.45 156.3293
2002.20 156.1776
2002.95 156.026
2003.71 155.8742
2004.46 155.7225
2005.22 155.5707
2005.97 155.4189
2006.72 155.2571
2007.48 155.0618
2008.23 154.8665
2008.99 154.6712
2009.74 154.4758
2010.49 154.2804
2011.25 154.0849
2012.00 153.8894
2012.76 153.6939
2013.51 153.4983
2014.26 153.3027
2015.02 153.1071
2015.77 152.9114
2016.53 152.7157
2017.28 152.4892
2018.03 152.2587
2018.79 152.0282
2019.54 151.7977
2020.30 151.5672
2021.05 151.3366
2021.80 151.1059
2022.56 150.8752
2023.31 150.6445
2024.07 150.4137
2024.82 150.1828
2025.57 149.952
2026.33 149.7211
2027.08 149.5117
2027.84 149.3256
2028.59 149.1395
2029.34 148.9534
2030.10 148.7672
2030.85 148.581
2031.61 148.3948
2032.36 148.2085
2033.11 148.0222
2033.87 147.8358
2034.62 147.6494
2035.38 147.463
2036.13 147.2765
2036.88 147.0902
2037.64 146.9402
2038.39 146.7902
2039.15 146.6402
2039.90 146.4901
2040.65 146.34
2041.41 146.1899
2042.16 146.0397
2042.92 145.8895
2043.67 145.7393
2044.42 145.589
2045.18 145.4387
2045.93 145.2884
2046.69 145.1381
2047.44 144.9709
2048.19 144.7831
2048.95 144.5953
2049.70 144.4075
2050.46 144.2236
2051.21 144.0421
2051.96 143.8606
2052.72 143.6791
2053.47 143.4975
2054.23 143.3159
2054.98 143.1342
2055.73 142.9524
2056.49 142.7706
2057.24 142.5888
2058.00 142.4124
2058.75 142.237
2059.50 142.0616
2060.26 141.8861
2061.01 141.7105
2061.77 141.5349
2062.52 141.3592
2063.27 141.1835
2064.03 141.0078
2064.78 140.832
2065.54 140.6561
2066.29 140.4802
2067.04 140.3042
2067.80 140.1317
2068.55 139.9781
2069.31 139.8245
2070.06 139.6708
2070.81 139.5171
2071.57 139.3633
2072.32 139.2095
2073.08 139.0557
2073.83 138.9018
2074.58 138.7478
2075.34 138.5938
2076.09 138.4398
2076.85 138.2857
2077.60 138.1315
2078.35 137.969
2079.11 137.7941
2079.86 137.6192
2080.62 137.4442
2081.37 137.2691
2082.12 137.094
2082.88 136.9189
2083.63 136.7437
2084.39 136.5684
2085.14 136.3931
2085.89 136.2178
2086.65 136.0423
2087.40 135.8669
2088.16 135.6914
2088.91 135.532
2089.66 135.3841
2090.42 135.2361
2091.17 135.0881
2091.93 134.9401
2092.68 134.792
2093.43 134.6439
2094.19 134.4957
2094.94 134.3475
2095.70 134.1992
2096.45 134.0509
2097.20 133.9025
2097.96 133.7541
2098.71 133.6057
2099.47 133.4653
2100.22 133.3284
2100.97 133.1915
2101.73 133.0545
2102.48 132.9174
2103.24 132.7804
2103.99 132.6433
2104.74 132.5061
2105.50 132.3689
2106.25 132.2317
2107.01 132.0944
2107.76 131.9571
2108.51 131.8197
2109.27 131.6823
2110.02 131.5316
2110.78 131.3761
2111.53 131.2205
2112.28 131.0649
2113.04 130.9092
2113.79 130.7534
2114.55 130.5977
2115.30 130.4418
2116.05 130.286
2116.81 130.1301
2117.56 129.9741
2118.32 129.8181
2119.07 129.662
2119.82 129.5059
2120.58 129.3639
2121.33 129.2274
2122.09 129.0908
2122.84 128.9542
2123.59 128.8176
2124.35 128.681
2125.10 128.5443
2125.86 128.4075
2126.61 128.2707
2127.36 128.1339
2128.12 127.9971
2128.87 127.8602
2129.63 127.7232
2130.38 127.5862
2131.13 127.4511
2131.89 127.3173
2132.64 127.1834
2133.40 127.0495
2134.15 126.9155
2134.90 126.7815
2135.66 126.6475
2136.41 126.5134
2137.17 126.3792
2137.92 126.2451
2138.67 126.1109
2139.43 125.9766
2140.18 125.8423
2140.94 125.708
2141.69 125.5509
2142.44 125.3647
2143.20 125.1783
2143.95 124.9919
2144.71 124.8055
2145.46 124.619
2146.21 124.4325
2146.97 124.2459
2147.72 124.0592
2148.48 123.8725
2149.23 123.6857
2149.98 123.4989
2150.74 123.3067
2151.49 123.1143
2152.25 122.9094
2153.00 122.6522
2153.75 122.395
2154.51 122.1377
2155.26 121.8804
2156.02 121.623
2156.77 121.3656
2157.52 121.1081
2158.28 120.8506
2159.03 120.593
2159.79 120.3354
2160.54 120.0778
2161.29 119.8201
2162.05 119.5623
2162.80 119.3045
2163.56 119.1566
2164.31 119.0232
2165.06 118.8897
2165.82 118.7563
2166.57 118.6228
2167.33 118.4893
2168.08 118.3557
2168.83 118.2222
2169.59 118.0886
2170.34 117.955
2171.10 117.8213
2171.85 117.6877
2172.60 117.554
2173.36 117.4203
2174.11 117.3267
2174.87 117.2745
2175.62 117.2222
2176.37 117.1699
2177.13 117.1177
2177.88 117.0654
2178.64 117.013
2179.39 116.9607
2180.14 116.9084
2180.90 116.8561
2181.65 116.8037
2182.41 116.7513
2183.16 116.699
2183.91 116.6466
2184.67 116.5926
2185.42 116.4962
2186.18 116.3999
2186.93 116.3036
2187.68 116.2072
2188.44 116.1108
2189.19 116.0144
2189.95 115.918
2190.70 115.8215
2191.45 115.7251
2192.21 115.6286
2192.96 115.5321
2193.72 115.4356
2194.47 115.3391
2195.22 115.2425
2195.98 115.1263
2196.73 114.9914
2197.49 114.8565
2198.24 114.7217
2198.99 114.5867
2199.75 114.4518
2200.50 114.316
2201.26 114.1797
2202.01 114.0435
2202.76 113.9072
2203.52 113.7709
2204.27 113.6345
2205.03 113.4982
2205.78 113.3618
2206.53 113.2254
2207.29 113.1038
2208.04 112.9836
2208.80 112.8634
2209.55 112.7432
2210.30 112.6229
2211.06 112.5026
2211.81 112.3823
2212.57 112.262
2213.32 112.1417
2214.07 112.0213
2214.83 111.901
2215.58 111.7806
2216.34 111.6602
2217.09 111.5397
2217.84 111.4194
2218.60 111.2995
2219.35 111.1796
2220.11 111.0597
2220.86 110.9397
2221.61 110.8198
2222.37 110.6998
2223.12 110.5798
2223.88 110.4598
2224.63 110.3397
2225.38 110.2196
2226.14 110.0996
2226.89 109.9794
2227.65 109.8593
2228.40 109.7392
2229.15 109.6131
2229.91 109.4807
2230.66 109.3483
2231.42 109.2158
2232.17 109.0833
2232.92 108.9508
2233.68 108.8183
2234.43 108.6858
2235.19 108.5532
2235.94 108.4206
2236.69 108.288
2237.45 108.1554
2238.20 108.0227
2238.96 107.8901
2239.71 107.7574
2240.46 107.6252
2241.22 107.4932
2241.97 107.3612
2242.73 107.2291
2243.48 107.0971
2244.23 106.965
2244.99 106.8329
2245.74 106.7008
2246.50 106.5687
2247.25 106.4365
2248.00 106.3044
2248.76 106.1722
2249.51 106.0399
2250.27 105.9069
2251.02 105.7723
2251.77 105.6462
2252.53 105.5225
2253.28 105.3988
2254.04 105.275
2254.79 105.1513
2255.54 105.0275
2256.30 104.9037
2257.05 104.78
2257.81 104.6562
2258.56 104.5323
2259.31 104.4085
2260.07 104.2847
2260.82 104.1608
2261.58 104.0369
2262.33 103.9131
2263.08 103.7917
2263.84 103.671
2264.59 103.5503
2265.35 103.4296
2266.10 103.3088
2266.85 103.1881
2267.61 103.0673
2268.36 102.9465
2269.12 102.8257
2269.87 102.7049
2270.62 102.5841
2271.38 102.4633
2272.13 102.3424
2272.89 102.2215
2273.64 102.1007
2274.39 101.9708
2275.15 101.8378
2275.90 101.7049
2276.66 101.5719
2277.41 101.4389
2278.16 101.3059
2278.92 101.1729
2279.67 101.0398
2280.43 100.9068
2281.18 100.7737
2281.93 100.6406
2282.69 100.5075
2283.44 100.3744
2284.20 100.2413
2284.95 100.1081
2285.70 99.9786
2286.46 99.85117
2287.21 99.72372
2287.97 99.59626
2288.72 99.46878
2289.47 99.34129
2290.23 99.21379
2290.98 99.08627
2291.74 98.95874
2292.49 98.83119
2293.24 98.70363
2294.00 98.57605
2294.75 98.44846
2295.51 98.32085
2296.26 98.19323
2297.01 98.0734
2297.77 97.96392
2298.52 97.85442
2299.28 97.74492
2300.03 97.6354
2300.78 97.52586
2301.54 97.41632
2302.29 97.30676
2303.05 97.19719
2303.80 97.0876
2304.55 96.97801
2305.31 96.8684
2306.06 96.75878
2306.82 96.64915
2307.57 96.5395
2308.32 96.42578
2309.08 96.28925
2309.83 96.1527
2310.59 96.01613
2311.34 95.87955
2312.09 95.74295
2312.85 95.60634
2313.60 95.46971
2314.36 95.33307
2315.11 95.19641
2315.86 95.05973
2316.62 94.92304
2317.37 94.78634
2318.13 94.64962
2318.88 94.51288
2319.63 94.37613
2320.39 94.25393
2321.14 94.13522
2321.90 94.01649
2322.65 93.89775
2323.40 93.779
2324.16 93.66023
2324.91 93.54145
2325.67 93.42266
2326.42 93.30385
2327.17 93.18503
2327.93 93.0662
2328.68 92.94735
2329.44 92.82849
2330.19 92.70962
2330.94 92.59073
2331.70 92.48149
2332.45 92.38787
2333.21 92.29424
2333.96 92.20061
2334.71 92.10696
2335.47 92.0133
2336.22 91.91962
2336.98 91.82594
2337.73 91.73225
2338.48 91.63855
2339.24 91.54483
2339.99 91.45111
2340.75 91.35737
2341.50 91.26363
2342.25 91.16987
2343.01 91.0761
2343.76 90.96121
2344.52 90.84337
2345.27 90.72551
2346.02 90.60764
2346.78 90.48976
2347.53 90.37187
2348.29 90.25396
2349.04 90.13604
2349.79 90.0181
2350.55 89.90086
2351.30 89.78387
2352.06 89.66687
2352.81 89.54985
2353.56 89.43281
2354.32 89.31576
2355.07 89.20391
2355.83 89.10457
2356.58 89.00521
2357.33 88.90584
2358.09 88.80646
2358.84 88.70706
2359.60 88.60765
2360.35 88.50823
2361.10 88.40879
2361.86 88.30933
2362.61 88.20987
2363.37 88.11039
2364.12 88.0109
2364.87 87.91139
2365.63 87.81187
2366.38 87.71233
2367.14 87.60543
2367.89 87.49423
2368.64 87.383
2369.40 87.27177
2370.15 87.16051
2370.91 87.04924
2371.66 86.93796
2372.41 86.82666
2373.17 86.71535
2373.92 86.60402
2374.68 86.49267
2375.43 86.38132
2376.18 86.26994
2376.94 86.15855
2377.69 86.04715
2378.45 85.93573
2379.20 85.8399
2379.95 85.74602
2380.71 85.65213
2381.46 85.55822
2382.22 85.4643
2382.97 85.37037
2383.72 85.27642
2384.48 85.18246
2385.23 85.08849
2385.99 84.99451
2386.74 84.90051
2387.49 84.8065
2388.25 84.71248
2389.00 84.61844
2389.76 84.52439
2390.51 84.43164
2391.26 84.35732
2392.02 84.283
2392.77 84.20866
2393.53 84.13431
2394.28 84.05996
2395.03 83.98559
2395.79 83.91121
2396.54 83.83682
2397.30 83.76243
2398.05 83.68802
2398.80 83.6136
2399.56 83.53917
2400.31 83.46398
2401.07 83.38773
2401.82 83.31147
2402.57 83.23016
2403.33 83.12548
2404.08 83.02079
2404.84 82.91609
2405.59 82.81138
2406.34 82.70666
2407.10 82.60193
2407.85 82.49719
2408.61 82.39244
2409.36 82.28769
2410.11 82.18292
2410.87 82.07815
2411.62 81.97336
2412.38 81.86857
2413.13 81.76376
2413.88 81.65895
2414.64 81.55706
2415.39 81.46714
2416.15 81.37721
2416.90 81.28727
2417.65 81.19733
2418.41 81.10738
2419.16 81.01742
2419.92 80.92745
2420.67 80.83748
2421.42 80.74749
2422.18 80.6575
2422.93 80.5675
2423.69 80.47749
2424.44 80.38748
2425.19 80.29745
2425.95 80.20742
2426.70 80.11809
2427.46 80.03327
2428.21 79.94845
2428.96 79.86362
2429.72 79.77878
2430.47 79.69393
2431.23 79.60908
2431.98 79.52422
2432.73 79.43935
2433.49 79.35447
2434.24 79.26959
2435.00 79.1847
2435.75 79.0998
2436.50 79.01489
2437.26 78.92997
2438.01 78.84505
2438.77 78.76012
2439.52 78.65907
2440.27 78.55793
2441.03 78.45678
2441.78 78.35562
2442.54 78.25445
2443.29 78.15327
2444.04 78.05208
2444.80 77.95088
2445.55 77.84968
2446.31 77.74846
2447.06 77.64724
2447.81 77.54601
2448.57 77.44476
2449.32 77.34351
