# 10 Jun 2021; convolved with Kurucz, unnormalized
# Wavelength(nm)  Flambda(ergs/cm^s/s/nm)
150.38 3.228039e-05
151.13 4.820208e-05
151.88 7.064881e-05
152.64 0.000132269
153.39 0.0002394721
154.15 0.0003132267
154.90 0.0003684647
155.65 0.0004632863
156.41 0.0005975588
157.16 0.0008076775
157.92 0.001060801
158.67 0.001325721
159.42 0.001472967
160.18 0.001616174
160.93 0.001839726
161.69 0.002089228
162.44 0.002383706
163.19 0.002834021
163.95 0.003378411
164.70 0.003704478
165.46 0.003726026
166.21 0.004277471
166.96 0.005261951
167.72 0.007308826
168.47 0.01099165
169.23 0.01563989
169.98 0.01983306
170.73 0.02295155
171.49 0.0260273
172.24 0.03087372
173.00 0.0373674
173.75 0.04865753
174.50 0.06260687
175.26 0.07415926
176.01 0.07989046
176.77 0.08389301
177.52 0.09353268
178.27 0.1109878
179.03 0.1308532
179.78 0.1446055
180.54 0.1484526
181.29 0.1518946
182.04 0.1620356
182.80 0.1755296
183.55 0.1765522
184.31 0.1772054
185.06 0.1988115
185.81 0.2394247
186.57 0.2858302
187.32 0.3170134
188.08 0.3513829
188.83 0.391078
189.58 0.4247421
190.34 0.4453211
191.09 0.466568
191.85 0.4627824
192.60 0.44849
193.35 0.4582892
194.11 0.5303384
194.86 0.6492734
195.62 0.758331
196.37 0.8497329
197.12 0.9168983
197.88 0.9461533
198.63 0.9850091
199.39 1.027169
200.14 1.068214
200.89 1.099291
201.65 1.117414
202.40 1.163239
203.16 1.251092
203.91 1.40595
204.66 1.524969
205.42 1.622907
206.17 1.718364
206.93 1.90906
207.68 2.211149
208.43 2.753786
209.19 3.64335
209.94 5.355405
210.70 6.907243
211.45 8.140108
212.20 8.537682
212.96 9.057551
213.71 9.779143
214.47 10.77803
215.22 11.05957
215.97 10.95097
216.73 10.61916
217.48 11.14675
218.24 12.17894
218.99 13.27048
219.74 13.5971
220.50 13.19857
221.25 13.02501
222.01 13.95985
222.76 16.06602
223.51 17.64984
224.27 17.7484
225.02 16.0577
225.78 14.55224
226.53 13.86519
227.28 14.77276
228.04 15.97551
228.79 17.27568
229.55 17.94345
230.30 18.43169
231.05 18.77442
231.81 17.67739
232.56 16.03882
233.32 13.93109
234.07 12.73742
234.82 12.05321
235.58 12.14321
236.33 11.70945
237.09 10.91998
237.84 10.13688
238.59 9.573308
239.35 9.279108
240.10 9.914
240.86 11.26694
241.61 14.11792
242.36 16.85173
243.12 19.44586
243.87 20.71748
244.63 21.58064
245.38 21.93945
246.13 20.54787
246.89 18.57553
247.64 15.76749
248.40 14.10382
249.15 13.3689
249.90 13.92932
250.66 14.17465
251.41 13.03521
252.17 12.63729
252.92 12.77695
253.67 16.90182
254.43 22.32801
255.18 30.72714
255.94 38.22464
256.69 44.93696
257.44 46.26404
258.20 45.87744
258.95 41.0921
259.71 37.01482
260.46 33.99278
261.21 36.97471
261.97 42.75677
262.72 64.08043
263.48 87.45752
264.23 114.9859
264.98 133.1501
265.74 140.0469
266.49 140.1657
267.25 137.3117
268.00 137.3142
268.75 136.5918
269.51 130.6227
270.26 121.9052
271.02 108.4279
271.77 95.38211
272.52 82.63318
273.28 74.36995
274.03 67.44214
274.79 71.65182
275.54 76.9245
276.29 85.33313
277.05 88.21462
277.80 77.7853
278.56 66.3792
279.31 53.81625
280.06 58.16016
280.82 73.66851
281.57 96.31708
282.33 121.5649
283.08 120.2558
283.83 115.1864
284.59 103.7222
285.34 95.79193
286.10 117.0177
286.85 140.1777
287.60 169.9367
288.36 199.6786
289.11 229.0403
289.87 254.8811
290.62 275.0707
291.37 285.2808
292.13 283.926
292.88 279.2516
293.64 271.5941
294.39 267.9511
295.14 267.1671
295.90 266.4913
296.65 265.8724
297.41 267.9067
298.16 271.2935
298.91 277.2464
299.67 284.3835
300.42 291.0951
301.18 297.6543
301.93 307.5774
302.68 318.919
303.44 328.3895
304.19 337.1178
304.95 341.8908
305.70 344.9096
306.45 349.4084
307.21 354.6621
307.96 354.4925
308.72 351.1474
309.47 355.4967
310.22 365.2891
310.98 375.6092
311.73 386.4025
312.49 390.4613
313.24 386.777
313.99 382.7258
314.75 378.1251
315.50 376.0108
316.26 379.6276
317.01 383.5757
317.76 388.7387
318.52 393.6961
319.27 396.6308
320.03 399.5747
320.78 393.9867
321.53 388.2064
322.29 388.7046
323.04 390.2572
323.80 414.9752
324.55 449.014
325.30 482.6226
326.06 515.9519
326.81 538.7279
327.57 545.9033
328.32 551.3988
329.07 551.3069
329.83 551.0309
330.58 547.7315
331.34 544.3938
332.09 542.4405
332.84 540.6923
333.60 530.6797
334.35 516.2341
335.11 498.6838
335.86 477.185
336.61 460.8888
337.37 464.2802
338.12 467.6822
338.88 479.5901
339.63 491.7731
340.38 496.1947
341.14 497.6801
341.89 501.5741
342.65 508.2439
343.40 517.9141
344.15 539.833
344.91 561.8797
345.66 583.1465
346.42 604.4477
347.17 620.0697
347.92 632.18
348.68 642.6182
349.43 649.2903
350.19 655.9891
350.94 657.551
351.69 659.0871
352.45 665.1365
353.20 673.4699
353.96 675.3318
354.71 663.7112
355.46 652.0059
356.22 617.3379
356.97 581.8232
357.73 570.6492
358.48 575.2316
359.23 584.5008
359.99 609.1999
360.74 634.0318
361.50 647.9373
362.25 659.8736
363.00 675.8372
363.76 696.8343
364.51 718.1047
365.27 744.3377
366.02 770.7062
366.77 782.4183
367.53 784.7013
368.28 785.4654
369.04 778.9852
369.79 772.4541
370.54 755.9392
371.30 735.5492
372.05 713.9859
372.81 689.3634
373.56 664.5931
374.31 674.5923
375.07 693.8414
375.82 720.4908
376.58 763.8619
377.33 807.4534
378.08 814.8436
378.84 813.5643
379.59 800.2669
380.35 758.4238
381.10 716.3466
381.85 676.555
382.61 637.2787
383.36 609.6556
384.12 619.8267
384.87 630.0403
385.62 647.34
386.38 667.8764
387.13 689.9557
387.89 721.9714
388.64 754.1386
389.39 779.5273
390.15 799.4777
390.90 819.516
391.66 783.7156
392.41 745.8809
393.16 721.1881
393.92 719.2624
394.67 717.3164
395.43 744.9934
396.18 782.3877
396.93 825.9114
397.69 909.616
398.44 993.7134
399.20 1066.202
399.95 1126.539
400.70 1187.149
401.46 1204.882
402.21 1214.333
402.97 1221.25
403.72 1215.861
404.47 1210.43
405.23 1208.84
405.98 1211.221
406.74 1213.596
407.49 1227.943
408.24 1245.321
409.00 1262.729
409.75 1279.876
410.51 1297.084
411.26 1311.35
412.01 1320.652
412.77 1329.979
413.52 1336.101
414.28 1340.427
415.03 1344.756
415.78 1340.905
416.54 1336.06
417.29 1330.166
418.05 1317.68
418.80 1305.122
419.55 1295.462
420.31 1291.047
421.06 1286.597
421.82 1280.445
422.57 1272.999
423.32 1265.505
424.08 1255.389
424.83 1244.439
425.59 1233.428
426.34 1205.348
427.09 1176.279
427.85 1147.139
428.60 1118.331
429.36 1089.389
430.11 1077.383
430.86 1109.918
431.62 1142.575
432.37 1181.674
433.13 1229.746
433.88 1278.002
434.63 1311.745
435.39 1333.256
436.14 1354.839
436.90 1364.13
437.65 1366.961
438.40 1369.788
439.16 1383.884
439.91 1401.72
440.67 1419.613
441.42 1442.114
442.17 1465.578
442.93 1489.119
443.68 1503.723
444.44 1517.429
445.19 1531.174
445.94 1552.999
446.70 1575.24
447.45 1597.551
448.21 1622.663
448.96 1647.86
449.71 1672.664
450.47 1677.286
451.22 1681.431
451.98 1685.407
452.73 1684.094
453.48 1682.765
454.24 1681.751
454.99 1692.833
455.75 1703.944
456.50 1715.041
457.25 1718.087
458.01 1721.133
458.76 1724.179
459.52 1725.774
460.27 1727.317
461.02 1728.856
461.78 1730.945
462.53 1733.082
463.29 1735.215
464.04 1738.943
464.79 1742.953
465.55 1746.966
466.30 1750.633
467.06 1754.198
467.81 1757.764
468.56 1758.811
469.32 1758.62
470.07 1758.418
470.83 1762.703
471.58 1770.536
472.33 1778.386
473.09 1787.825
473.84 1799.364
474.60 1810.933
475.35 1820.93
476.10 1826.956
476.86 1832.992
477.61 1838.358
478.37 1839.066
479.12 1839.765
479.87 1840.457
480.63 1835.435
481.38 1830.092
482.14 1824.72
482.89 1805.829
483.64 1782.596
484.40 1759.275
485.15 1742.026
485.91 1729.722
486.66 1717.368
487.41 1713.809
488.17 1728.307
488.92 1742.843
489.68 1757.026
490.43 1767.218
491.18 1777.434
491.94 1787.674
492.69 1797.217
493.45 1806.636
494.20 1816.077
494.95 1818.197
495.71 1814.528
496.46 1810.839
497.22 1804.694
497.97 1791.949
498.72 1779.154
499.48 1766.307
500.23 1764.714
500.99 1763.412
501.74 1762.098
502.49 1769.307
503.25 1781.271
504.00 1793.264
504.76 1804.444
505.51 1813.731
506.26 1823.038
507.02 1832.364
507.77 1833.883
508.53 1834.983
509.28 1836.077
510.03 1832.87
510.79 1826.49
511.54 1820.083
512.30 1810.964
513.05 1790.225
513.80 1769.417
514.56 1748.538
515.31 1727.984
516.07 1707.472
516.82 1686.891
517.57 1677.817
518.33 1689.49
519.08 1701.19
519.84 1712.917
520.59 1733.479
521.34 1754.885
522.10 1776.346
522.85 1789.018
523.61 1791.328
524.36 1793.638
525.11 1795.948
525.87 1800.411
526.62 1804.912
527.38 1809.418
528.13 1817.715
528.88 1829.923
529.64 1842.157
530.39 1854.42
531.15 1852.57
531.90 1850.478
532.65 1848.373
533.41 1849.735
534.16 1855.248
534.92 1860.769
535.67 1866.299
536.42 1868.871
537.18 1871.152
537.93 1873.433
538.69 1874.117
539.44 1871.795
540.19 1869.459
540.95 1867.109
541.70 1871.928
542.46 1878.943
543.21 1885.97
543.96 1892.423
544.72 1895.982
545.47 1899.545
546.23 1903.11
546.98 1904.305
547.73 1903.567
548.49 1902.819
549.24 1902.062
550.00 1904.904
550.75 1907.646
551.50 1910.388
552.26 1912.633
553.01 1913.49
553.77 1914.344
554.52 1915.195
555.27 1912.886
556.03 1908.385
556.78 1903.868
557.54 1899.335
558.29 1900.177
559.04 1901.602
559.80 1903.026
560.55 1904.972
561.31 1909.104
562.06 1913.24
562.81 1917.38
563.57 1919.488
564.32 1919.267
565.08 1919.041
565.83 1918.809
566.58 1920.363
567.34 1922.613
568.09 1924.862
568.85 1927.112
569.60 1932.947
570.35 1938.954
571.11 1944.969
571.86 1950.577
572.62 1954.193
573.37 1957.811
574.12 1961.433
574.88 1963.283
575.63 1962.107
576.39 1960.923
577.14 1959.732
577.89 1960.186
578.65 1961.994
579.40 1963.801
580.16 1965.607
580.91 1967.043
581.66 1968.326
582.42 1969.606
583.17 1970.884
583.93 1965.506
584.68 1958.925
585.43 1952.325
586.19 1945.706
586.94 1938.384
587.70 1931.019
588.45 1923.634
589.20 1917.058
589.96 1921.246
590.71 1925.439
591.47 1929.636
592.22 1934.075
592.97 1939.837
593.73 1945.608
594.48 1951.386
595.24 1955.794
595.99 1955.159
596.74 1954.519
597.50 1953.873
598.25 1952.727
599.01 1950.146
599.76 1947.555
600.51 1944.88
601.27 1943.373
602.02 1944.984
602.78 1946.594
603.53 1948.204
604.28 1949.037
605.04 1947.895
605.79 1946.747
606.55 1945.593
607.30 1942.803
608.05 1935.485
608.81 1928.149
609.56 1920.793
610.32 1913.058
611.07 1904.082
611.82 1895.083
612.58 1886.063
613.33 1878.111
614.09 1875.475
614.84 1872.83
615.59 1870.176
616.35 1868.199
617.10 1873.03
617.86 1877.866
618.61 1882.708
619.36 1887.556
620.12 1886.664
620.87 1885.727
621.63 1884.785
622.38 1883.838
623.13 1881.992
623.89 1880.011
624.64 1878.021
625.40 1876.024
626.15 1877.18
626.90 1879.476
627.66 1881.773
628.41 1884.071
629.17 1884.045
629.92 1882.28
630.67 1880.507
631.43 1878.728
632.18 1877.209
632.94 1876.099
633.69 1874.982
634.44 1873.86
635.20 1872.931
635.95 1872.843
636.71 1872.751
637.46 1872.655
638.21 1872.556
638.97 1870.472
639.72 1868.312
640.48 1866.144
641.23 1863.968
641.98 1862.064
642.74 1860.26
643.49 1858.448
644.25 1856.63
645.00 1854.881
645.75 1853.215
646.51 1851.542
647.26 1849.863
648.02 1848.155
648.77 1846.333
649.52 1844.504
650.28 1842.57
651.03 1840.462
651.79 1832.821
652.54 1824.26
653.29 1815.684
654.05 1807.091
654.80 1801.257
655.56 1797.883
656.31 1794.501
657.06 1791.111
657.82 1789.868
658.57 1798.692
659.33 1807.528
660.08 1816.376
660.83 1825.235
661.59 1829.219
662.34 1832.002
663.10 1834.788
663.85 1837.575
664.60 1838.849
665.36 1837.916
666.11 1836.979
666.87 1836.038
667.62 1835.094
668.37 1833.438
669.13 1831.769
669.88 1830.095
670.64 1828.416
671.39 1826.821
672.14 1825.294
672.90 1823.762
673.65 1822.225
674.41 1820.672
675.16 1818.995
675.91 1817.313
676.67 1815.625
677.42 1813.933
678.18 1811.898
678.93 1809.632
679.68 1807.361
680.44 1805.084
681.19 1802.817
681.95 1800.69
682.70 1798.558
683.45 1796.421
684.21 1794.277
684.96 1792.955
685.72 1792.265
686.47 1791.571
687.22 1790.874
687.98 1790.17
688.73 1789.116
689.49 1788.059
690.24 1786.998
690.99 1785.933
691.75 1784.367
692.50 1782.153
693.26 1779.934
694.01 1777.709
694.76 1775.479
695.52 1772.715
696.27 1769.843
697.03 1766.964
697.78 1764.079
698.53 1761.208
699.29 1758.403
700.04 1755.507
700.80 1751.165
701.55 1746.823
702.30 1743.6
703.06 1741.211
703.81 1738.822
704.57 1736.433
705.32 1734.046
706.07 1731.025
706.83 1727.937
707.58 1724.851
708.34 1721.765
709.09 1718.305
709.84 1713.467
710.60 1708.63
711.35 1703.795
712.11 1698.96
712.86 1693.787
713.61 1688.274
714.37 1682.763
715.12 1677.252
715.88 1671.743
716.63 1667.582
717.38 1663.849
718.14 1660.116
718.89 1656.384
719.65 1652.653
720.40 1651.788
721.15 1650.928
721.91 1650.068
722.66 1649.208
723.42 1648.041
724.17 1645.732
724.92 1643.423
725.68 1641.115
726.43 1638.808
727.19 1636.063
727.94 1632.666
728.69 1629.27
729.45 1625.875
730.20 1622.48
730.96 1619.833
731.71 1617.755
732.46 1615.678
733.22 1613.601
733.97 1611.524
734.73 1607.765
735.48 1603.318
736.23 1598.872
736.99 1594.427
737.74 1589.983
738.50 1585.557
739.25 1581.135
740.00 1576.714
740.76 1572.294
741.51 1567.875
742.27 1566.631
743.02 1565.666
743.77 1564.702
744.53 1563.737
745.28 1562.773
746.04 1561.549
746.79 1560.322
747.54 1559.096
748.30 1557.869
749.05 1556.618
749.81 1554.599
750.56 1550.615
751.31 1545.956
752.07 1541.305
752.82 1536.638
753.58 1531.549
754.33 1526.469
755.08 1521.397
755.84 1516.334
756.59 1511.257
757.35 1505.703
758.10 1500.16
758.85 1494.626
759.61 1489.103
760.36 1483.585
761.12 1477.65
761.87 1471.726
762.62 1465.815
763.38 1459.915
764.13 1454.027
764.89 1448.166
765.64 1442.318
766.39 1436.481
767.15 1430.656
767.90 1424.843
768.66 1419.813
769.41 1414.904
770.16 1410.003
770.92 1405.111
771.67 1400.227
772.43 1395.922
773.18 1391.797
773.93 1387.678
774.69 1383.565
775.44 1379.457
776.20 1375.321
776.95 1371.172
777.70 1367.028
778.46 1362.89
779.21 1358.758
779.97 1354.214
780.72 1349.213
781.47 1344.221
782.23 1339.238
782.98 1334.264
783.74 1329.252
784.49 1324.134
785.24 1319.026
786.00 1313.927
786.75 1308.838
787.51 1303.672
788.26 1297.465
789.01 1291.273
789.77 1285.095
790.52 1278.931
791.28 1272.782
792.03 1267.471
792.78 1262.328
793.54 1257.195
794.29 1252.072
795.05 1246.96
795.80 1242.768
796.55 1239.249
797.31 1235.733
798.06 1232.221
798.82 1228.714
799.57 1224.865
800.32 1219.88
801.08 1214.529
801.83 1209.19
802.59 1203.862
803.34 1198.546
804.09 1193.042
804.85 1187.544
805.60 1182.059
806.36 1176.587
807.11 1171.127
807.86 1166.119
808.62 1161.38
809.37 1156.65
810.13 1151.929
810.88 1147.217
811.63 1142.328
812.39 1136.916
813.14 1131.517
813.90 1126.131
814.65 1120.757
815.40 1115.396
816.16 1108.917
816.91 1102.277
817.67 1095.657
818.42 1089.057
819.17 1082.476
819.93 1076.843
820.68 1072.408
821.44 1067.98
822.19 1063.56
822.94 1059.148
823.70 1054.745
824.45 1050.887
825.21 1047.04
825.96 1043.199
826.71 1039.362
827.47 1035.531
828.22 1030.901
828.98 1025.511
829.73 1020.134
830.48 1014.771
831.24 1009.422
831.99 1004.089
832.75 999.3891
833.50 994.6994
834.25 990.0201
835.01 985.3511
835.76 980.6926
836.52 976.1566
837.27 971.7561
838.02 967.3646
838.78 962.982
839.53 958.6084
840.29 954.2438
841.04 949.0376
841.79 943.7614
842.55 938.4998
843.30 933.2528
844.06 928.0204
844.81 922.0583
845.56 914.5456
846.32 907.0616
847.07 899.6064
847.83 892.18
848.58 884.7824
849.33 877.2785
850.09 869.8661
850.84 863.3751
851.60 856.9028
852.35 850.4493
853.10 844.3466
853.86 843.4816
854.61 842.6134
855.37 841.7421
856.12 840.8675
856.87 839.9898
857.63 838.9791
858.38 837.7595
859.14 836.5382
859.89 835.3149
860.64 834.0899
861.40 832.863
862.15 828.8643
862.91 823.5998
863.66 818.3499
864.41 813.1145
865.17 807.8937
865.92 802.6874
866.68 800.9597
867.43 799.4006
868.18 797.8412
868.94 796.2814
869.69 794.7214
870.45 793.3151
871.20 792.5433
871.95 791.7678
872.71 790.9887
873.46 790.206
874.22 789.4198
874.97 787.8052
875.72 784.9922
876.48 782.1841
877.23 779.3809
877.99 776.5826
878.74 773.7891
879.49 770.8689
880.25 767.8622
881.00 764.8615
881.76 761.8665
882.51 758.8774
883.26 755.8941
884.02 753.4511
884.77 751.1965
885.53 748.9445
886.28 746.6953
887.03 744.4489
887.79 742.2051
888.54 739.9349
889.30 737.663
890.05 735.3941
890.80 733.128
891.56 730.8648
892.31 728.6045
893.07 725.4793
893.82 722.3273
894.57 719.1823
895.33 716.0441
896.08 712.9128
896.84 709.7816
897.59 706.4227
898.34 703.0719
899.10 699.7289
899.85 696.3939
900.61 694.3996
901.36 692.7787
902.11 691.8559
902.87 690.9328
903.62 690.0094
904.38 689.0858
905.13 688.1618
905.88 687.2405
906.64 686.3563
907.39 685.4719
908.15 684.5872
908.90 683.7023
909.65 682.817
910.41 681.9396
911.16 681.2327
911.92 680.5255
912.67 679.8182
913.42 679.1106
914.18 678.4028
914.93 677.6948
915.69 675.8567
916.44 674.0076
917.19 672.1579
917.95 670.3076
918.70 668.4569
919.46 666.6056
920.21 664.9189
920.96 663.249
921.72 661.5786
922.47 659.9076
923.23 658.2362
923.98 656.5643
924.73 656.2309
925.49 656.2524
926.24 656.2738
927.00 656.2953
927.75 656.3167
928.50 656.3381
929.26 656.1168
930.01 655.7617
930.77 655.4064
931.52 655.0511
932.27 654.6956
933.03 654.3399
933.78 653.4424
934.54 651.9291
935.29 650.4154
936.04 648.9013
936.80 647.3866
937.55 645.8716
938.31 644.3935
939.06 643.0213
939.81 641.6487
940.57 640.2756
941.32 638.9022
942.08 637.5284
942.83 636.1745
943.58 635.7543
944.34 635.3341
945.09 634.9137
945.85 634.4931
946.60 634.0724
947.35 633.6516
948.11 632.752
948.86 631.6931
949.62 630.634
950.37 630.3781
951.12 630.9515
951.88 631.5186
952.63 632.0517
953.39 632.5444
954.14 633.0305
954.89 633.5099
955.65 633.9828
956.40 634.4491
957.16 634.9686
957.91 635.9426
958.66 636.9127
959.42 637.879
960.17 638.8414
960.93 639.8
961.68 640.7548
962.43 641.6043
963.19 642.4156
963.94 643.2224
964.70 644.0246
965.45 644.8223
966.20 645.6155
966.96 646.4305
967.71 647.2895
968.47 648.1443
969.22 648.995
969.97 649.8415
970.73 650.6839
971.48 651.522
972.24 652.2285
972.99 652.9197
973.74 653.606
974.50 654.2874
975.25 654.964
976.01 655.6358
976.76 656.3547
977.51 657.1295
978.27 657.9001
979.02 658.6663
979.78 659.4282
980.53 660.1859
981.28 660.9392
982.04 661.587
982.79 662.2267
983.55 662.8616
984.30 663.4918
985.05 664.1171
985.81 664.7376
986.56 665.3879
987.32 666.0772
988.07 666.7621
988.82 667.4426
989.58 668.1186
990.33 668.7902
991.09 669.4573
991.84 670.1899
992.59 670.9274
993.35 671.6609
994.10 672.3904
994.86 673.1158
995.61 673.8371
996.36 674.3473
997.12 674.3518
997.87 674.3489
998.63 674.3386
999.38 674.321
1000.13 674.4269
1000.89 675.1289
1001.64 675.8754
1002.40 676.6395
1003.15 677.3932
1003.90 678.1367
1004.66 678.8698
1005.41 679.5927
1006.17 680.3131
1006.92 681.9894
1007.67 683.6618
1008.43 685.3304
1009.18 686.9951
1009.94 688.656
1010.69 690.3131
1011.44 691.7897
1012.20 692.8908
1012.95 693.9846
1013.71 695.071
1014.46 696.15
1015.21 697.2216
1015.97 698.2858
1016.72 699.4664
1017.48 700.7232
1018.23 701.974
1018.98 703.2188
1019.74 704.4574
1020.49 705.69
1021.25 706.9165
1022.00 708.3438
1022.75 709.8071
1023.51 711.266
1024.26 712.7202
1025.02 714.17
1025.77 715.6152
1026.52 717.0301
1027.28 717.8928
1028.03 718.7474
1028.79 719.5941
1029.54 720.4328
1030.29 721.2634
1031.05 722.086
1031.80 722.9017
1032.56 723.7136
1033.31 724.5174
1034.06 725.3132
1034.82 726.1011
1035.57 726.8809
1036.33 727.6528
1037.08 728.5108
1037.83 729.5305
1038.59 730.5438
1039.34 731.5506
1040.10 732.551
1040.85 733.5449
1041.60 734.5324
1042.36 735.5561
1043.11 736.6238
1043.87 737.6855
1044.62 738.7412
1045.37 739.7911
1046.13 740.835
1046.88 741.873
1047.64 742.9302
1048.39 744.0044
1049.14 745.073
1049.90 746.1359
1050.65 746.8798
1051.41 747.5701
1052.16 748.2556
1052.91 748.6657
1053.67 748.8585
1054.42 749.0445
1055.18 749.2236
1055.93 749.3959
1056.68 749.5613
1057.44 749.7198
1058.19 749.8496
1058.95 749.9553
1059.70 750.0539
1060.45 750.1454
1061.21 750.23
1061.96 750.3075
1062.72 750.3779
1063.47 750.374
1064.22 750.3031
1064.98 750.2245
1065.73 750.1384
1066.49 750.0447
1067.24 749.9433
1067.99 749.8344
1068.75 749.8914
1069.50 750.1442
1070.26 750.3911
1071.01 750.632
1071.76 750.867
1072.52 751.096
1073.27 751.319
1074.03 751.5706
1074.78 751.8797
1075.53 752.1833
1076.29 752.4813
1077.04 752.7738
1077.80 753.0608
1078.55 753.3422
1079.30 753.5689
1080.06 753.6124
1080.81 753.6495
1081.57 753.68
1082.32 753.7041
1083.07 753.7217
1083.83 753.7327
1084.58 753.7337
1085.34 753.646
1086.09 753.5514
1086.84 753.45
1087.60 753.3417
1088.35 753.2266
1089.11 753.1046
1089.86 752.9758
1090.61 752.8083
1091.37 752.6271
1092.12 752.439
1092.88 752.2439
1093.63 752.0417
1094.38 751.8326
1095.14 751.6164
1095.89 752.1694
1096.65 753.2981
1097.40 754.4252
1098.15 755.5508
1098.91 756.6749
1099.66 757.7974
1100.42 758.5998
1101.17 759.1854
1101.92 759.8748
1102.68 760.5636
1103.43 761.2518
1104.19 761.9394
1104.94 762.6265
1105.69 763.3129
1106.45 763.9987
1107.20 764.0231
1107.96 764.0254
1108.71 764.0254
1109.46 764.0231
1110.22 764.0186
1110.97 764.0119
1111.73 764.0029
1112.48 763.8158
1113.23 763.5136
1113.99 763.2084
1114.74 762.9002
1115.50 762.5891
1116.25 762.2751
1117.00 761.9581
1117.76 761.6185
1118.51 761.2017
1119.27 760.7817
1120.02 760.3585
1120.77 759.9321
1121.53 759.5026
1122.28 759.0699
1123.04 758.6341
1123.79 758.2392
1124.54 757.8536
1125.30 757.4649
1126.05 757.0732
1126.81 756.6785
1127.56 756.2807
1128.31 755.8799
1129.07 755.5413
1129.82 755.3413
1130.58 755.1388
1131.33 754.9337
1132.08 754.7261
1132.84 754.5159
1133.59 754.3032
1134.35 754.0879
1135.10 753.9112
1135.85 753.7426
1136.61 753.5715
1137.36 753.3981
1138.12 753.2222
1138.87 753.0439
1139.62 752.8631
1140.38 752.8126
1141.13 753.1331
1141.89 753.4524
1142.64 753.7703
1143.39 754.087
1144.15 754.4025
1144.90 754.7166
1145.66 755.0295
1146.41 755.2417
1147.16 755.4047
1147.92 755.5661
1148.67 755.7258
1149.43 755.884
1150.18 755.9585
1150.93 755.77
1151.69 755.5427
1152.44 754.6015
1153.20 753.6584
1153.95 752.7133
1154.70 751.7662
1155.46 750.8171
1156.21 749.8661
1156.97 748.913
1157.72 747.962
1158.47 747.0151
1159.23 746.0662
1159.98 745.1153
1160.74 744.1625
1161.49 743.2077
1162.24 742.2509
1163.00 741.2922
1163.75 740.7867
1164.51 740.4824
1165.26 740.177
1166.01 739.8704
1166.77 739.5629
1167.52 739.2542
1168.28 738.9444
1169.03 738.6336
1169.78 738.1328
1170.54 737.6228
1171.29 737.1115
1172.05 736.5988
1172.80 736.0848
1173.55 735.5695
1174.31 735.0527
1175.06 734.4789
1175.82 733.6633
1176.57 732.8459
1177.32 732.0268
1178.08 731.206
1178.83 730.3834
1179.59 729.559
1180.34 728.733
1181.09 728.0022
1181.85 727.4305
1182.60 726.8574
1183.36 726.283
1184.11 725.7071
1184.86 725.1298
1185.62 724.5512
1186.37 723.9711
1187.13 723.446
1187.88 722.9706
1188.63 722.494
1189.39 722.0161
1190.14 721.5369
1190.90 721.0565
1191.65 720.5748
1192.40 720.0919
1193.16 719.3603
1193.91 718.4758
1194.67 717.5895
1195.42 716.7015
1196.17 715.8117
1196.93 714.92
1197.68 714.0267
1198.44 713.1315
1199.19 712.4818
1199.94 711.9419
1200.70 711.3393
1201.45 710.7307
1202.21 710.1209
1202.96 709.51
1203.71 708.898
1204.47 708.2849
1205.22 708.0352
1205.98 707.9275
1206.73 707.8192
1207.48 707.7104
1208.24 707.601
1208.99 707.4911
1209.75 707.3805
1210.50 707.2695
1211.25 707.3729
1212.01 707.5646
1212.76 707.7561
1213.52 707.9474
1214.27 708.1385
1215.02 708.3293
1215.78 708.52
1216.53 708.7104
1217.29 708.5382
1218.04 708.1768
1218.79 707.8146
1219.55 707.4515
1220.30 707.0876
1221.06 706.7229
1221.81 706.3574
1222.56 705.991
1223.32 705.4836
1224.07 704.8683
1224.83 704.2519
1225.58 703.6344
1226.33 703.0159
1227.09 702.3962
1227.84 701.7754
1228.60 701.1535
1229.35 700.5553
1230.10 699.9878
1230.86 699.4193
1231.61 698.8497
1232.37 698.2791
1233.12 697.7074
1233.87 697.1347
1234.63 696.561
1235.38 695.9743
1236.14 695.3514
1236.89 694.7275
1237.64 694.1024
1238.40 693.4763
1239.15 692.8491
1239.91 692.2207
1240.66 691.5913
1241.41 690.9655
1242.17 690.439
1242.92 689.9115
1243.68 689.383
1244.43 688.8535
1245.18 688.323
1245.94 687.7916
1246.69 687.2592
1247.45 686.7258
1248.20 686.1562
1248.95 685.5766
1249.71 684.996
1250.46 684.4059
1251.22 683.8096
1251.97 683.2123
1252.72 682.614
1253.48 682.0147
1254.23 681.392
1254.99 680.7453
1255.74 680.0975
1256.49 679.4488
1257.25 678.7989
1258.00 678.1481
1258.76 677.4962
1259.51 676.8432
1260.26 676.2051
1261.02 675.6548
1261.77 675.1035
1262.53 674.5514
1263.28 673.9983
1264.03 673.4442
1264.79 672.8893
1265.54 672.3334
1266.30 671.7766
1267.05 671.0685
1267.80 670.3143
1268.56 669.5588
1269.31 668.8023
1270.07 668.0446
1270.82 667.2858
1271.57 666.5259
1272.33 665.7649
1273.08 664.7271
1273.84 663.1701
1274.59 661.6111
1275.34 660.0502
1276.10 658.4874
1276.85 656.9227
1277.61 655.3559
1278.36 653.7873
1279.11 652.2167
1279.87 651.4491
1280.62 650.784
1281.38 650.1179
1282.13 649.4508
1282.88 648.7827
1283.64 648.1135
1284.39 647.4434
1285.15 646.7722
1285.90 646.5085
1286.65 646.9362
1287.41 647.3639
1288.16 647.7917
1288.92 648.2196
1289.67 648.6477
1290.42 649.0758
1291.18 649.504
1291.93 649.9324
1292.69 649.9057
1293.44 649.7855
1294.19 649.6649
1294.95 649.5438
1295.70 649.4223
1296.46 649.3003
1297.21 649.1779
1297.96 649.055
1298.72 648.8147
1299.47 648.1952
1300.23 647.5409
1300.98 646.8071
1301.73 646.0727
1302.49 645.3377
1303.24 644.602
1304.00 643.8657
1304.75 643.1288
1305.50 642.335
1306.26 641.5034
1307.01 640.6711
1307.77 639.8381
1308.52 639.0045
1309.27 638.1701
1310.03 637.3351
1310.78 636.4993
1311.54 635.6629
1312.29 635.0557
1313.04 634.4693
1313.80 633.8824
1314.55 633.2949
1315.31 632.7069
1316.06 632.1185
1316.81 631.5294
1317.57 630.9399
1318.32 630.3708
1319.08 629.8839
1319.83 629.3966
1320.58 628.9089
1321.34 628.4207
1322.09 627.932
1322.85 627.4429
1323.60 626.9533
1324.35 626.4633
1325.11 625.9104
1325.86 625.2758
1326.62 624.6406
1327.37 624.0049
1328.12 623.3686
1328.88 622.7318
1329.63 622.0944
1330.39 621.4565
1331.14 620.8181
1331.89 620.2716
1332.65 619.7825
1333.40 619.2929
1334.16 618.8029
1334.91 618.3125
1335.66 617.8216
1336.42 617.3302
1337.17 616.8384
1337.93 616.3462
1338.68 615.8944
1339.43 615.4546
1340.19 615.0143
1340.94 614.5736
1341.70 614.1325
1342.45 613.691
1343.20 613.2491
1343.96 612.8068
1344.71 612.364
1345.47 611.7111
1346.22 611.0263
1346.97 610.341
1347.73 609.655
1348.48 608.9686
1349.24 608.2815
1349.99 607.5939
1350.74 606.7472
1351.50 605.8983
1352.25 605.0067
1353.01 604.1113
1353.76 603.2158
1354.51 602.3201
1355.27 601.4243
1356.02 600.5285
1356.78 599.6325
1357.53 598.7364
1358.28 597.8403
1359.04 597.0416
1359.79 596.2493
1360.55 595.4568
1361.30 594.6643
1362.05 593.8716
1362.81 593.0789
1363.56 592.2861
1364.32 591.4931
1365.07 590.7001
1365.82 590.0392
1366.58 589.3938
1367.33 588.7484
1368.09 588.1029
1368.84 587.4574
1369.59 586.8117
1370.35 586.166
1371.10 585.5202
1371.86 584.8744
1372.61 584.2713
1373.36 583.6775
1374.12 583.0835
1374.87 582.4895
1375.63 581.8955
1376.38 581.3014
1377.13 580.7071
1377.89 580.1129
1378.64 579.5185
1379.40 578.9266
1380.15 578.3358
1380.90 577.7448
1381.66 577.1538
1382.41 576.5628
1383.17 575.9716
1383.92 575.3804
1384.67 574.7891
1385.43 574.1978
1386.18 573.5829
1386.94 572.9463
1387.69 572.3096
1388.44 571.6729
1389.20 571.0361
1389.95 570.3992
1390.71 569.7622
1391.46 569.1252
1392.21 568.488
1392.97 567.7941
1393.72 566.9693
1394.48 566.1444
1395.23 565.3193
1395.98 564.4942
1396.74 563.669
1397.49 562.8437
1398.25 562.0183
1399.00 561.1928
1399.75 560.3674
1400.51 559.4578
1401.26 558.5054
1402.02 557.5534
1402.77 556.6017
1403.52 555.6503
1404.28 554.6992
1405.03 553.7483
1405.79 552.7978
1406.54 551.8476
1407.29 550.935
1408.05 550.0361
1408.80 549.1375
1409.56 548.2391
1410.31 547.3411
1411.06 546.4433
1411.82 545.5459
1412.57 544.6487
1413.33 543.7518
1414.08 542.803
1414.83 541.771
1415.59 540.7393
1416.34 539.708
1417.10 538.677
1417.85 537.6464
1418.60 536.6161
1419.36 535.5861
1420.11 534.5565
1420.87 533.5272
1421.62 532.6399
1422.37 531.7556
1423.13 530.8716
1423.88 529.9879
1424.64 529.1045
1425.39 528.2214
1426.14 527.3385
1426.90 526.4559
1427.65 525.5736
1428.41 524.8387
1429.16 524.2369
1429.91 523.6353
1430.67 523.0339
1431.42 522.4326
1432.18 521.8316
1432.93 521.2307
1433.68 520.63
1434.44 520.0295
1435.19 519.4225
1435.95 518.5953
1436.70 517.7683
1437.45 516.9416
1438.21 516.1151
1438.96 515.2889
1439.72 514.463
1440.47 513.6373
1441.22 512.8119
1441.98 511.9868
1442.73 511.2093
1443.49 510.4806
1444.24 509.7522
1444.99 509.024
1445.75 508.296
1446.50 507.5683
1447.26 506.8408
1448.01 506.1135
1448.76 505.3864
1449.52 504.6596
1450.27 504.0007
1451.03 503.2589
1451.78 502.5176
1452.53 501.7768
1453.29 501.0364
1454.04 500.2965
1454.80 499.5572
1455.55 498.8183
1456.30 498.0799
1457.06 497.3201
1457.81 496.4952
1458.57 495.6708
1459.32 494.847
1460.07 494.0237
1460.83 493.2011
1461.58 492.3789
1462.34 491.5574
1463.09 490.7364
1463.84 489.916
1464.60 488.9973
1465.35 488.004
1466.11 487.0115
1466.86 486.0196
1467.61 485.0285
1468.37 484.0382
1469.12 483.0486
1469.88 482.0597
1470.63 481.0716
1471.38 480.0842
1472.14 479.1375
1472.89 478.1994
1473.65 477.2621
1474.40 476.3255
1475.15 475.3896
1475.91 474.4543
1476.66 473.5198
1477.42 472.5859
1478.17 471.6528
1478.92 470.7263
1479.68 469.9286
1480.43 469.1314
1481.19 468.3348
1481.94 467.5387
1482.69 466.7432
1483.45 465.9483
1484.20 465.1539
1484.96 464.3601
1485.71 463.5668
1486.46 462.7922
1487.22 462.0884
1487.97 461.385
1488.73 460.6822
1489.48 459.9798
1490.23 459.2778
1490.99 458.5764
1491.74 457.8754
1492.50 457.1749
1493.25 456.4749
1494.00 455.6658
1494.76 454.6285
1495.51 453.592
1496.27 452.5564
1497.02 451.5215
1497.77 450.4875
1498.53 449.4542
1499.28 448.4218
1500.04 447.3852
1500.79 446.2488
1501.54 445.2468
1502.30 444.454
1503.05 443.6619
1503.81 442.8705
1504.56 442.0797
1505.31 441.2897
1506.07 440.5003
1506.82 439.7116
1507.58 438.9236
1508.33 438.1363
1509.08 437.5017
1509.84 437.0924
1510.59 436.6833
1511.35 436.2742
1512.10 435.8653
1512.85 435.4565
1513.61 435.0479
1514.36 434.6393
1515.12 434.2309
1515.87 433.8226
1516.62 433.2949
1517.38 432.5583
1518.13 431.8224
1518.89 431.087
1519.64 430.3523
1520.39 429.6182
1521.15 428.8847
1521.90 428.1518
1522.66 427.4196
1523.41 426.6879
1524.16 425.9344
1524.92 425.125
1525.67 424.3163
1526.43 423.5083
1527.18 422.7011
1527.93 421.8946
1528.69 421.0888
1529.44 420.2838
1530.20 419.4795
1530.95 418.676
1531.70 417.8796
1532.46 417.1202
1533.21 416.3614
1533.97 415.6032
1534.72 414.8458
1535.47 414.089
1536.23 413.3329
1536.98 412.5775
1537.74 411.8227
1538.49 411.0686
1539.24 410.3152
1540.00 409.4729
1540.75 408.6283
1541.51 407.7845
1542.26 406.9415
1543.01 406.0993
1543.77 405.2579
1544.52 404.4174
1545.28 403.5777
1546.03 402.7387
1546.78 401.9006
1547.54 401.017
1548.29 400.117
1549.05 399.2178
1549.80 398.3195
1550.55 397.3738
1551.31 396.4116
1552.06 395.4506
1552.82 394.4907
1553.57 393.5318
1554.32 392.5741
1555.08 391.6285
1555.83 390.6984
1556.59 389.7693
1557.34 388.8413
1558.09 387.9143
1558.85 386.9884
1559.60 386.0636
1560.36 385.1398
1561.11 384.2171
1561.86 383.2954
1562.62 382.3544
1563.37 381.2374
1564.13 380.1219
1564.88 379.0078
1565.63 377.8952
1566.39 376.784
1567.14 375.6742
1567.90 374.5659
1568.65 373.459
1569.40 372.3536
1570.16 371.2496
1570.91 370.1279
1571.67 368.9997
1572.42 367.873
1573.17 366.7478
1573.93 365.6241
1574.68 364.5019
1575.44 363.3812
1576.19 362.2619
1576.94 361.1442
1577.70 360.0279
1578.45 358.9648
1579.21 358.0439
1579.96 357.1241
1580.71 356.2054
1581.47 355.2878
1582.22 354.3714
1582.98 353.456
1583.73 352.5418
1584.48 351.6287
1585.24 350.7167
1585.99 349.8058
1586.75 349.161
1587.50 348.5986
1588.25 348.0366
1589.01 347.4751
1589.76 346.9139
1590.52 346.3532
1591.27 345.793
1592.02 345.2331
1592.78 344.6737
1593.53 344.1147
1594.29 343.5651
1595.04 343.0476
1595.79 342.5304
1596.55 342.0135
1597.30 341.497
1598.06 340.9809
1598.81 340.4651
1599.56 339.9496
1600.32 339.4345
1601.07 338.9198
1601.83 338.4054
1602.58 337.69
1603.33 336.8468
1604.09 336.0046
1604.84 335.1634
1605.60 334.3233
1606.35 333.4842
1607.10 332.646
1607.86 331.8089
1608.61 330.9728
1609.37 330.1378
1610.12 329.3037
1610.87 328.6159
1611.63 327.9349
1612.38 327.2546
1613.14 326.575
1613.89 325.8961
1614.64 325.2179
1615.40 324.5404
1616.15 323.8636
1616.91 323.1875
1617.66 322.5122
1618.41 321.8801
1619.17 321.3715
1619.92 320.8632
1620.68 320.3553
1621.43 319.8478
1622.18 319.3406
1622.94 318.8338
1623.69 318.3274
1624.45 317.8213
1625.20 317.3156
1625.95 316.8103
1626.71 316.0912
1627.46 315.1485
1628.22 314.2071
1628.97 313.267
1629.72 312.3282
1630.48 311.3906
1631.23 310.4544
1631.99 309.5194
1632.74 308.5857
1633.49 307.6532
1634.25 306.7221
1635.00 305.7746
1635.76 304.8201
1636.51 303.8669
1637.26 302.9151
1638.02 301.9646
1638.77 301.0154
1639.53 300.0676
1640.28 299.1211
1641.03 298.1759
1641.79 297.2321
1642.54 296.2896
1643.30 295.7208
1644.05 295.2434
1644.80 294.7664
1645.56 294.2897
1646.31 293.8133
1647.07 293.3373
1647.82 292.8616
1648.57 292.3862
1649.33 291.9113
1650.08 291.4385
1650.84 290.9814
1651.59 290.478
1652.34 289.9682
1653.10 289.4589
1653.85 288.9501
1654.61 288.4417
1655.36 287.9337
1656.11 287.4261
1656.87 286.919
1657.62 286.4124
1658.38 285.9061
1659.13 285.4003
1659.88 284.5902
1660.64 283.745
1661.39 282.9009
1662.15 282.0579
1662.90 281.2161
1663.65 280.3755
1664.41 279.536
1665.16 278.6976
1665.92 277.8604
1666.67 277.0242
1667.42 276.1893
1668.18 275.2118
1668.93 274.2123
1669.69 273.2142
1670.44 272.2177
1671.19 271.2226
1671.95 270.2291
1672.70 269.237
1673.46 268.2464
1674.21 267.2573
1674.96 266.2697
1675.72 265.2835
1676.47 264.5429
1677.23 263.8753
1677.98 263.2086
1678.73 262.5426
1679.49 261.8775
1680.24 261.2132
1681.00 260.5497
1681.75 259.8871
1682.50 259.2252
1683.26 258.5642
1684.01 257.904
1684.77 257.4288
1685.52 257.0614
1686.27 256.6943
1687.03 256.3273
1687.78 255.9605
1688.54 255.594
1689.29 255.2276
1690.04 254.8614
1690.80 254.4954
1691.55 254.1297
1692.31 253.7641
1693.06 253.298
1693.81 252.6959
1694.57 252.0945
1695.32 251.4938
1696.08 250.8938
1696.83 250.2945
1697.58 249.6959
1698.34 249.0981
1699.09 248.5009
1699.85 247.9045
1700.60 247.3438
1701.35 246.7749
1702.11 246.1163
1702.86 245.4584
1703.62 244.8014
1704.37 244.1452
1705.12 243.4897
1705.88 242.8351
1706.63 242.1812
1707.39 241.5282
1708.14 240.8759
1708.89 240.2244
1709.65 239.5737
1710.40 238.9376
1711.16 238.3047
1711.91 237.6726
1712.66 237.0412
1713.42 236.4106
1714.17 235.7807
1714.93 235.1516
1715.68 234.5233
1716.43 233.8957
1717.19 233.2689
1717.94 232.6428
1718.70 231.9481
1719.45 231.1807
1720.20 230.4143
1720.96 229.649
1721.71 228.8846
1722.47 228.1214
1723.22 227.3591
1723.97 226.5979
1724.73 225.8377
1725.48 225.0785
1726.24 224.3204
1726.99 223.5636
1727.74 222.8128
1728.50 222.063
1729.25 221.3143
1730.01 220.5665
1730.76 219.8198
1731.51 219.0741
1732.27 218.3294
1733.02 217.5858
1733.78 216.8431
1734.53 216.1015
1735.28 215.3609
1736.04 214.8259
1736.79 214.4473
1737.55 214.0689
1738.30 213.6909
1739.05 213.3132
1739.81 212.9358
1740.56 212.5588
1741.32 212.1821
1742.07 211.8057
1742.82 211.4297
1743.58 211.054
1744.33 210.6809
1745.09 210.3841
1745.84 210.0875
1746.59 209.7911
1747.35 209.4949
1748.10 209.1988
1748.86 208.903
1749.61 208.6073
1750.36 208.3308
1751.12 208.0749
1751.87 207.8191
1752.63 207.5635
1753.38 207.2558
1754.13 206.8775
1754.89 206.4996
1755.64 206.122
1756.40 205.7447
1757.15 205.3678
1757.90 204.9912
1758.66 204.615
1759.41 204.2391
1760.17 203.8636
1760.92 203.4884
1761.67 203.1135
1762.43 202.688
1763.18 202.2475
1763.94 201.8075
1764.69 201.3679
1765.44 200.9287
1766.20 200.49
1766.95 200.0517
1767.71 199.6139
1768.46 199.1765
1769.21 198.7396
1769.97 198.3031
1770.72 197.866
1771.48 197.4115
1772.23 196.9575
1772.98 196.504
1773.74 196.051
1774.49 195.5984
1775.25 195.1464
1776.00 194.6947
1776.75 194.2436
1777.51 193.7929
1778.26 193.3428
1779.02 192.893
1779.77 192.4541
1780.52 192.0421
1781.28 191.6306
1782.03 191.2195
1782.79 190.8088
1783.54 190.3985
1784.29 189.9886
1785.05 189.5791
1785.80 189.1701
1786.56 188.7614
1787.31 188.3532
1788.06 187.9454
1788.82 187.5233
1789.57 187.0825
1790.33 186.6421
1791.08 186.2022
1791.83 185.7628
1792.59 185.3238
1793.34 184.8853
1794.10 184.4473
1794.85 184.0098
1795.60 183.5727
1796.36 183.1361
1797.11 182.7
1797.87 182.2182
1798.62 181.6996
1799.37 181.1816
1800.13 180.672
1800.88 180.2015
1801.64 179.7313
1802.39 179.2616
1803.14 178.7923
1803.90 178.3234
1804.65 177.8549
1805.41 177.3869
1806.16 176.9193
1806.91 176.4047
1807.67 175.8576
1808.42 175.311
1809.18 174.7649
1809.93 174.2193
1810.68 173.6743
1811.44 173.1297
1812.19 172.5856
1812.95 172.0421
1813.70 171.4991
1814.45 170.9566
1815.21 170.4146
1815.96 170.0068
1816.72 169.6989
1817.47 169.3912
1818.22 169.0838
1818.98 168.7767
1819.73 168.4698
1820.49 168.1631
1821.24 167.8567
1821.99 167.5505
1822.75 167.2445
1823.50 166.9388
1824.26 166.6334
1825.01 166.3774
1825.76 166.1701
1826.52 165.9629
1827.27 165.7558
1828.03 165.5488
1828.78 165.342
1829.53 165.1353
1830.29 164.9287
1831.04 164.7223
1831.80 164.516
1832.55 164.3098
1833.30 164.1038
1834.06 163.8534
1834.81 163.5274
1835.57 163.2016
1836.32 162.876
1837.07 162.5507
1837.83 162.2257
1838.58 161.901
1839.34 161.5765
1840.09 161.2523
1840.84 160.9284
1841.60 160.6048
1842.35 160.2814
1843.11 159.9573
1843.86 159.6285
1844.61 159.3
1845.37 158.9718
1846.12 158.6439
1846.88 158.3163
1847.63 157.9889
1848.38 157.6618
1849.14 157.335
1849.89 157.0085
1850.65 156.714
1851.40 156.4251
1852.15 156.1363
1852.91 155.776
1853.66 155.409
1854.42 155.0422
1855.17 154.6757
1855.92 154.3093
1856.68 153.9432
1857.43 153.5773
1858.19 153.2117
1858.94 152.8462
1859.69 152.481
1860.45 152.116
1861.20 151.7512
1861.96 151.3239
1862.71 150.8558
1863.46 150.3881
1864.22 149.9206
1864.97 149.4534
1865.73 148.9866
1866.48 148.52
1867.23 148.0537
1867.99 147.5877
1868.74 147.122
1869.50 146.6566
1870.25 146.1915
1871.00 145.7688
1871.76 145.4979
1872.51 145.2271
1873.27 144.9565
1874.02 144.686
1874.77 144.4157
1875.53 144.1456
1876.28 143.8756
1877.04 143.6058
1877.79 143.3361
1878.54 143.0666
1879.30 142.7972
1880.05 142.528
1880.81 142.3663
1881.56 142.2354
1882.31 142.1046
1883.07 141.9739
1883.82 141.8432
1884.58 141.7125
1885.33 141.582
1886.08 141.4514
1886.84 141.321
1887.59 141.1906
1888.35 141.0602
1889.10 140.93
1889.85 140.7897
1890.61 140.6227
1891.36 140.4557
1892.12 140.2888
1892.87 140.122
1893.62 139.9553
1894.38 139.7887
1895.13 139.6221
1895.89 139.4556
1896.64 139.2893
1897.39 139.123
1898.15 138.9567
1898.90 138.7906
1899.66 138.6359
1900.41 138.5041
1901.16 138.3876
1901.92 138.2712
1902.67 138.1549
1903.43 138.0385
1904.18 137.9222
1904.93 137.8059
1905.69 137.6896
1906.44 137.5734
1907.20 137.4571
1907.95 137.3409
1908.70 137.2192
1909.46 137.0259
1910.21 136.8327
1910.97 136.6395
1911.72 136.4464
1912.47 136.2533
1913.23 136.0602
1913.98 135.8672
1914.74 135.6743
1915.49 135.4813
1916.24 135.2884
1917.00 135.0956
1917.75 134.9028
1918.51 134.6812
1919.26 134.4124
1920.01 134.1437
1920.77 133.875
1921.52 133.6064
1922.28 133.3378
1923.03 133.0693
1923.78 132.8009
1924.54 132.5326
1925.29 132.2642
1926.05 131.996
1926.80 131.7278
1927.55 131.4597
1928.31 131.1516
1929.06 130.819
1929.82 130.4866
1930.57 130.1542
1931.32 129.8218
1932.08 129.4896
1932.83 129.1574
1933.59 128.8253
1934.34 128.4933
1935.09 128.1614
1935.85 127.8296
1936.60 127.4978
1937.36 127.1661
1938.11 126.9011
1938.86 126.6532
1939.62 126.4054
1940.37 126.1576
1941.13 125.9099
1941.88 125.6623
1942.63 125.4147
1943.39 125.1672
1944.14 124.9197
1944.90 124.6723
1945.65 124.4249
1946.40 124.1776
1947.16 123.9304
1947.91 123.8692
1948.67 123.8247
1949.42 123.7802
1950.17 123.7441
1950.93 123.7355
1951.68 123.727
1952.44 123.7184
1953.19 123.7099
1953.94 123.7013
1954.70 123.6927
1955.45 123.6842
1956.21 123.6756
1956.96 123.6669
1957.71 123.5902
1958.47 123.5106
1959.22 123.4309
1959.98 123.3512
1960.73 123.2715
1961.48 123.1918
1962.24 123.112
1962.99 123.0322
1963.75 122.9523
1964.50 122.8724
1965.25 122.7925
1966.01 122.7126
1966.76 122.6326
1967.52 122.4897
1968.27 122.3434
1969.02 122.1971
1969.78 122.0507
1970.53 121.9043
1971.29 121.7578
1972.04 121.6112
1972.79 121.4646
1973.55 121.3179
1974.30 121.1712
1975.06 121.0244
1975.81 120.8776
1976.56 120.7307
1977.32 120.6026
1978.07 120.4773
1978.83 120.3518
1979.58 120.2264
1980.33 120.1009
1981.09 119.9753
1981.84 119.8497
1982.60 119.724
1983.35 119.5983
1984.10 119.4726
1984.86 119.3468
1985.61 119.2209
1986.37 119.095
1987.12 118.9817
1987.87 118.873
1988.63 118.7643
1989.38 118.6555
1990.14 118.5467
1990.89 118.4379
1991.64 118.329
1992.40 118.2201
1993.15 118.1111
1993.91 118.0021
1994.66 117.893
1995.41 117.7839
1996.17 117.6747
1996.92 117.5681
1997.68 117.4638
1998.43 117.3594
1999.18 117.255
1999.94 117.1505
2000.69 117.0801
2001.45 117.0127
2002.20 116.9451
2002.95 116.8774
2003.71 116.8096
2004.46 116.7417
2005.22 116.6737
2005.97 116.6055
2006.72 116.5297
2007.48 116.4287
2008.23 116.3275
2008.99 116.2262
2009.74 116.1248
2010.49 116.0232
2011.25 115.9214
2012.00 115.8195
2012.76 115.7175
2013.51 115.6153
2014.26 115.5129
2015.02 115.4104
2015.77 115.3077
2016.53 115.2049
2017.28 115.0787
2018.03 114.9494
2018.79 114.82
2019.54 114.6904
2020.30 114.5605
2021.05 114.4306
2021.80 114.3004
2022.56 114.1701
2023.31 114.0396
2024.07 113.9089
2024.82 113.778
2025.57 113.647
2026.33 113.5158
2027.08 113.4007
2027.84 113.3033
2028.59 113.2057
2029.34 113.1079
2030.10 113.01
2030.85 112.912
2031.61 112.8138
2032.36 112.7155
2033.11 112.617
2033.87 112.5184
2034.62 112.4196
2035.38 112.3207
2036.13 112.2217
2036.88 112.1226
2037.64 112.0512
2038.39 111.9796
2039.15 111.9079
2039.90 111.836
2040.65 111.7641
2041.41 111.692
2042.16 111.6199
2042.92 111.5476
2043.67 111.4752
2044.42 111.4026
2045.18 111.33
2045.93 111.2572
2046.69 111.1843
2047.44 111.0984
2048.19 110.9967
2048.95 110.8948
2049.70 110.7927
2050.46 110.7072
2051.21 110.6324
2051.96 110.5573
2052.72 110.4821
2053.47 110.4066
2054.23 110.3309
2054.98 110.2549
2055.73 110.1788
2056.49 110.1024
2057.24 110.0258
2058.00 109.9532
2058.75 109.8813
2059.50 109.8091
2060.26 109.7367
2061.01 109.6641
2061.77 109.5913
2062.52 109.5183
2063.27 109.445
2064.03 109.3716
2064.78 109.2979
2065.54 109.224
2066.29 109.1499
2067.04 109.0756
2067.80 109.0038
2068.55 108.9466
2069.31 108.8891
2070.06 108.8315
2070.81 108.7737
2071.57 108.7157
2072.32 108.6576
2073.08 108.5992
2073.83 108.5406
2074.58 108.4819
2075.34 108.4229
2076.09 108.3638
2076.85 108.3045
2077.60 108.245
2078.35 108.1788
2079.11 108.1027
2079.86 108.0263
2080.62 107.9498
2081.37 107.8731
2082.12 107.7961
2082.88 107.719
2083.63 107.6416
2084.39 107.564
2085.14 107.4862
2085.89 107.4082
2086.65 107.33
2087.40 107.2516
2088.16 107.1729
2088.91 107.1068
2089.66 107.0497
2090.42 106.9924
2091.17 106.9348
2091.93 106.8772
2092.68 106.8193
2093.43 106.7612
2094.19 106.703
2094.94 106.6446
2095.70 106.586
2096.45 106.5272
2097.20 106.4682
2097.96 106.4091
2098.71 106.3497
2099.47 106.2967
2100.22 106.2527
2100.97 106.2244
2101.73 106.1958
2102.48 106.1671
2103.24 106.1381
2103.99 106.1088
2104.74 106.0794
2105.50 106.0497
2106.25 106.0198
2107.01 105.9897
2107.76 105.9594
2108.51 105.9289
2109.27 105.8981
2110.02 105.8565
2110.78 105.8107
2111.53 105.7647
2112.28 105.7184
2113.04 105.6719
2113.79 105.6252
2114.55 105.5782
2115.30 105.5309
2116.05 105.4835
2116.81 105.4357
2117.56 105.3877
2118.32 105.3395
2119.07 105.291
2119.82 105.2423
2120.58 105.2048
2121.33 105.1716
2122.09 105.1382
2122.84 105.1046
2123.59 105.0708
2124.35 105.0367
2125.10 105.0025
2125.86 104.968
2126.61 104.9333
2127.36 104.8984
2128.12 104.8632
2128.87 104.8279
2129.63 104.7923
2130.38 104.7565
2131.13 104.7221
2131.89 104.6885
2132.64 104.6547
2133.40 104.6207
2134.15 104.5864
2134.90 104.552
2135.66 104.5174
2136.41 104.4825
2137.17 104.4474
2137.92 104.4121
2138.67 104.3766
2139.43 104.3409
2140.18 104.305
2140.94 104.2688
2141.69 104.2136
2142.44 104.1339
2143.20 104.054
2143.95 103.9737
2144.71 103.8932
2145.46 103.8123
2146.21 103.7312
2146.97 103.6498
2147.72 103.5681
2148.48 103.4861
2149.23 103.4039
2149.98 103.3213
2150.74 103.2465
2151.49 103.1715
2152.25 103.0857
2153.00 102.9557
2153.75 102.8253
2154.51 102.6945
2155.26 102.5633
2156.02 102.4317
2156.77 102.2996
2157.52 102.1672
2158.28 102.0343
2159.03 101.901
2159.79 101.7673
2160.54 101.6332
2161.29 101.4986
2162.05 101.3637
2162.80 101.2283
2163.56 101.1859
2164.31 101.1556
2165.06 101.125
2165.82 101.0943
2166.57 101.0633
2167.33 101.0321
2168.08 101.0007
2168.83 100.969
2169.59 100.9371
2170.34 100.905
2171.10 100.8727
2171.85 100.8402
2172.60 100.8074
2173.36 100.7744
2174.11 100.7758
2174.87 100.8124
2175.62 100.849
2176.37 100.8855
2177.13 100.9219
2177.88 100.9581
2178.64 100.9943
2179.39 101.0304
2180.14 101.0664
2180.90 101.1023
2181.65 101.1381
2182.41 101.1738
2183.16 101.2094
2183.91 101.2449
2184.67 101.2789
2185.42 101.2761
2186.18 101.2731
2186.93 101.2699
2187.68 101.2666
2188.44 101.2631
2189.19 101.2594
2189.95 101.2556
2190.70 101.2516
2191.45 101.2474
2192.21 101.2431
2192.96 101.2386
2193.72 101.2339
2194.47 101.2291
2195.22 101.2241
2195.98 101.2017
2196.73 101.1627
2197.49 101.1235
2198.24 101.0841
2198.99 101.0444
2199.75 101.0046
2200.50 100.9645
2201.26 100.9242
2202.01 100.8836
2202.76 100.8429
2203.52 100.8019
2204.27 100.7607
2205.03 100.7193
2205.78 100.6776
2206.53 100.6357
2207.29 100.6068
2208.04 100.579
2208.80 100.551
2209.55 100.5227
2210.30 100.4943
2211.06 100.4657
2211.81 100.4368
2212.57 100.4078
2213.32 100.3786
2214.07 100.3491
2214.83 100.3195
2215.58 100.2897
2216.34 100.2597
2217.09 100.2295
2217.84 100.1992
2218.60 100.1691
2219.35 100.1388
2220.11 100.1083
2220.86 100.0776
2221.61 100.0468
2222.37 100.0157
2223.12 99.98441
2223.88 99.95294
2224.63 99.92127
2225.38 99.88941
2226.14 99.85735
2226.89 99.82509
2227.65 99.79264
2228.40 99.75998
2229.15 99.72177
2229.91 99.67758
2230.66 99.63319
2231.42 99.58857
2232.17 99.54374
2232.92 99.4987
2233.68 99.45344
2234.43 99.40796
2235.19 99.36227
2235.94 99.31636
2236.69 99.27023
2237.45 99.22389
2238.20 99.17733
2238.96 99.13056
2239.71 99.08357
2240.46 99.03683
2241.22 98.99011
2241.97 98.94317
2242.73 98.89601
2243.48 98.84864
2244.23 98.80106
2244.99 98.75326
2245.74 98.70524
2246.50 98.65701
2247.25 98.60857
2248.00 98.55991
2248.76 98.51104
2249.51 98.46195
2250.27 98.41101
2251.02 98.35688
2251.77 98.31039
2252.53 98.26601
2253.28 98.22143
2254.04 98.17668
2254.79 98.13173
2255.54 98.0866
2256.30 98.04128
2257.05 97.99577
2257.81 97.95008
2258.56 97.9042
2259.31 97.85813
2260.07 97.81188
2260.82 97.76544
2261.58 97.71881
2262.33 97.672
2263.08 97.62742
2263.84 97.58326
2264.59 97.53892
2265.35 97.49439
2266.10 97.44969
2266.85 97.4048
2267.61 97.35972
2268.36 97.31447
2269.12 97.26904
2269.87 97.22342
2270.62 97.17762
2271.38 97.13164
2272.13 97.08547
2272.89 97.03913
2273.64 96.9926
2274.39 96.93733
2275.15 96.87898
2275.90 96.82043
2276.66 96.76168
2277.41 96.70273
2278.16 96.64359
2278.92 96.58424
2279.67 96.52469
2280.43 96.46495
2281.18 96.405
2281.93 96.34486
2282.69 96.28451
2283.44 96.22397
2284.20 96.16323
2284.95 96.10229
2285.70 96.04461
2286.46 95.98879
2287.21 95.93278
2287.97 95.87658
2288.72 95.82018
2289.47 95.7636
2290.23 95.70682
2290.98 95.64985
2291.74 95.5927
2292.49 95.53535
2293.24 95.47781
2294.00 95.42007
2294.75 95.36215
2295.51 95.30404
2296.26 95.24573
2297.01 95.19481
2297.77 95.15377
2298.52 95.11257
2299.28 95.0712
2300.03 95.02959
2300.78 94.98577
2301.54 94.94178
2302.29 94.89764
2303.05 94.85334
2303.80 94.80888
2304.55 94.76426
2305.31 94.71948
2306.06 94.67453
2306.82 94.62943
2307.57 94.58417
2308.32 94.53477
2309.08 94.46283
2309.83 94.39069
2310.59 94.31836
2311.34 94.24582
2312.09 94.17309
2312.85 94.10017
2313.60 94.02704
2314.36 93.95372
2315.11 93.8802
2315.86 93.80648
2316.62 93.73257
2317.37 93.65846
2318.13 93.58415
2318.88 93.50964
2319.63 93.43494
2320.39 93.37447
2321.14 93.31729
2321.90 93.25994
2322.65 93.20242
2323.40 93.14473
2324.16 93.08686
2324.91 93.02882
2325.67 92.97061
2326.42 92.91223
2327.17 92.85367
2327.93 92.79494
2328.68 92.73604
2329.44 92.67697
2330.19 92.61772
2330.94 92.55831
2331.70 92.50838
2332.45 92.47395
2333.21 92.43937
2333.96 92.40466
2334.71 92.36982
2335.47 92.33483
2336.22 92.29971
2336.98 92.26445
2337.73 92.22906
2338.48 92.19353
2339.24 92.15786
2339.99 92.12205
2340.75 92.08611
2341.50 92.05002
2342.25 92.01381
2343.01 91.97745
2343.76 91.91962
2344.52 91.85866
2345.27 91.79752
2346.02 91.73621
2346.78 91.67474
2347.53 91.61309
2348.29 91.55127
2349.04 91.48929
2349.79 91.42713
2350.55 91.36338
2351.30 91.29893
2352.06 91.23432
2352.81 91.16955
2353.56 91.10461
2354.32 91.0395
2355.07 90.97955
2355.83 90.93223
2356.58 90.88476
2357.33 90.83714
2358.09 90.78939
2358.84 90.7415
2359.60 90.69346
2360.35 90.64529
2361.10 90.59697
2361.86 90.54851
2362.61 90.49991
2363.37 90.45117
2364.12 90.40228
2364.87 90.35326
2365.63 90.30409
2366.38 90.25478
2367.14 90.19777
2367.89 90.13617
2368.64 90.07442
2369.40 90.01252
2370.15 89.95045
2370.91 89.88823
2371.66 89.82586
2372.41 89.76332
2373.17 89.70063
2373.92 89.63778
2374.68 89.57478
2375.43 89.51161
2376.18 89.44829
2376.94 89.38482
2377.69 89.32118
2378.45 89.25739
2379.20 89.20967
2379.95 89.16384
2380.71 89.11788
2381.46 89.07179
2382.22 89.02557
2382.97 88.97921
2383.72 88.93272
2384.48 88.88609
2385.23 88.83933
2385.99 88.79244
2386.74 88.74541
2387.49 88.69825
2388.25 88.65096
2389.00 88.60353
2389.76 88.55597
2390.51 88.50965
2391.26 88.48255
2392.02 88.45534
2392.77 88.42803
2393.53 88.40061
2394.28 88.37308
2395.03 88.34544
2395.79 88.3177
2396.54 88.28985
2397.30 88.26189
2398.05 88.23383
2398.80 88.20566
2399.56 88.17738
2400.31 88.14564
2401.07 88.10905
2401.82 88.07236
2402.57 88.03024
2403.33 87.96331
2404.08 87.89625
2404.84 87.82906
2405.59 87.76176
2406.34 87.69433
2407.10 87.62677
2407.85 87.55909
2408.61 87.49129
2409.36 87.42336
2410.11 87.35531
2410.87 87.28714
2411.62 87.21884
2412.38 87.15041
2413.13 87.08187
2413.88 87.0132
2414.64 86.94752
2415.39 86.89451
2416.15 86.84139
2416.90 86.78817
2417.65 86.73484
2418.41 86.6814
2419.16 86.62785
2419.92 86.5742
2420.67 86.52044
2421.42 86.46657
2422.18 86.4126
2422.93 86.35852
2423.69 86.30433
2424.44 86.25004
2425.19 86.19564
2425.95 86.14113
2426.70 86.08728
2427.46 86.03818
2428.21 85.98898
2428.96 85.93969
2429.72 85.89029
2430.47 85.84079
2431.23 85.79119
2431.98 85.74148
2432.73 85.69168
2433.49 85.64178
2434.24 85.59177
2435.00 85.54167
2435.75 85.49146
2436.50 85.44115
2437.26 85.39075
2438.01 85.34024
2438.77 85.28963
2439.52 85.22146
2440.27 85.15308
2441.03 85.08459
2441.78 85.01597
2442.54 84.94724
2443.29 84.87838
2444.04 84.8094
2444.80 84.74031
2445.55 84.6711
2446.31 84.60176
2447.06 84.53231
2447.81 84.46274
2448.57 84.39305
2449.32 84.32324
