# Wavelength (nm)	% Transmission
# Transmission for uncoated CaF2 (Calcium Fluoride) glass
# From: ThorLabs Excel spreadsheet linked from https://www.thorlabs.com/NewGroupPage9.cfm?ObjectGroup_ID=3978
200	0.90315144
201	0.90504769
202	0.90528651
203	0.90542262
204	0.9065069
205	0.90668337
206	0.907446
207	0.90770617
208	0.90774081
209	0.90807279
210	0.90844737
211	0.90749379
212	0.90675253
213	0.90602751
214	0.90523596
215	0.90475603
216	0.90468534
217	0.90483551
218	0.904453
219	0.90496343
220	0.90506575
221	0.90568719
222	0.90684773
223	0.90768733
224	0.9085633
225	0.90938265
226	0.91014325
227	0.91029114
228	0.91126048
229	0.91181304
230	0.91245598
231	0.91409653
232	0.91477183
233	0.91497628
234	0.91591198
235	0.91697678
236	0.91725641
237	0.91765173
238	0.91799107
239	0.9187746
240	0.91930577
241	0.91994116
242	0.92015231
243	0.92120134
244	0.92079177
245	0.92137376
246	0.92175456
247	0.92234672
248	0.92277402
249	0.923743
250	0.92362746
251	0.92391044
252	0.92428838
253	0.92514416
254	0.92495842
255	0.9260516
256	0.92593626
257	0.92596083
258	0.92638831
259	0.92658293
260	0.92662325
261	0.92743745
262	0.92696433
263	0.92694509
264	0.92748024
265	0.927611
266	0.92758493
267	0.9281538
268	0.92784731
269	0.92793451
270	0.92850094
271	0.92845377
272	0.92849827
273	0.92915259
274	0.9285379
275	0.92862807
276	0.92904779
277	0.92894154
278	0.92900655
279	0.92959746
280	0.92906278
281	0.92925642
282	0.92950439
283	0.92948638
284	0.92988203
285	0.92997929
286	0.92957096
287	0.92973739
288	0.93001597
289	0.93008746
290	0.92987029
291	0.93054143
292	0.9301323
293	0.93003775
294	0.93006782
295	0.93001843
296	0.92967142
297	0.92987611
298	0.92910743
299	0.92865374
300	0.9281887
301	0.92740198
302	0.92706224
303	0.92678633
304	0.92589249
305	0.92574345
306	0.9254149
307	0.9252258
308	0.92558049
309	0.92672654
310	0.92695475
311	0.92763983
312	0.92853997
313	0.92912096
314	0.92993996
315	0.93080183
316	0.93081491
317	0.93136775
318	0.93146563
319	0.93103402
320	0.93139898
321	0.93146251
322	0.93085239
323	0.93072065
324	0.93057957
325	0.93056124
326	0.93054774
327	0.93031647
328	0.9290929
329	0.92829386
330	0.92777585
331	0.92735401
332	0.9268489
333	0.92588026
334	0.92507668
335	0.92446978
336	0.92386707
337	0.92386046
338	0.92424879
339	0.92441796
340	0.92409529
341	0.92467218
342	0.92564199
343	0.92622841
344	0.92651751
345	0.92683291
346	0.92683962
347	0.92691359
348	0.92701445
349	0.92690535
350	0.92725816
351	0.92713508
352	0.92658464
353	0.92678544
354	0.92719431
355	0.92696802
356	0.92692522
357	0.92713829
358	0.92728393
359	0.92781592
360	0.92847876
361	0.92845209
362	0.92841803
363	0.92842789
364	0.92822891
365	0.92843579
366	0.92874709
367	0.92863725
368	0.92877865
369	0.9288019
370	0.9285935
371	0.92898861
372	0.92939733
373	0.92932575
374	0.92932899
375	0.92950645
376	0.92946918
377	0.92952004
378	0.92971302
379	0.92975667
380	0.92987464
381	0.92984947
382	0.92991169
383	0.93040431
384	0.93075423
385	0.93057862
386	0.93059004
387	0.93074369
388	0.93092356
389	0.93132681
390	0.93146938
391	0.93136572
392	0.93160672
393	0.93207219
394	0.93200536
395	0.93186148
396	0.93218863
397	0.93220378
398	0.93197053
399	0.93216207
400	0.93233836
401	0.93209511
402	0.93213886
403	0.93225163
404	0.93244172
405	0.93247062
406	0.93259438
407	0.93293686
408	0.93342963
409	0.93371105
410	0.93350265
411	0.93368187
412	0.93398459
413	0.93388157
414	0.93429575
415	0.9343107
416	0.93421248
417	0.93434796
418	0.93460054
419	0.93458429
420	0.93466135
421	0.93489478
422	0.93496822
423	0.93515172
424	0.93523168
425	0.93478802
426	0.93500173
427	0.9353109
428	0.9351226
429	0.93498618
430	0.93514202
431	0.93527909
432	0.93530215
433	0.93504848
434	0.93498056
435	0.93522752
436	0.93532726
437	0.93487616
438	0.93533434
439	0.935833
440	0.93554078
441	0.93523819
442	0.93529688
443	0.9352929
444	0.93532386
445	0.93535353
446	0.93519852
447	0.9352663
448	0.9353832
449	0.93476095
450	0.935232
451	0.93564761
452	0.93536496
453	0.93535026
454	0.93545888
455	0.93511538
456	0.93560415
457	0.93586997
458	0.9354874
459	0.93561352
460	0.93556651
461	0.93513714
462	0.93590573
463	0.93621744
464	0.93555814
465	0.93543342
466	0.93562883
467	0.93525734
468	0.93574745
469	0.93594033
470	0.93554191
471	0.9355301
472	0.93580746
473	0.93543547
474	0.93600579
475	0.93602647
476	0.93557833
477	0.93561904
478	0.93571046
479	0.93540276
480	0.9359661
481	0.93614523
482	0.93570086
483	0.93577437
484	0.93575247
485	0.93539803
486	0.93613125
487	0.93616338
488	0.93546313
489	0.93554309
490	0.93567968
491	0.9355141
492	0.9360412
493	0.93625788
494	0.93554194
495	0.93548414
496	0.93569877
497	0.93535227
498	0.93610547
499	0.93623672
500	0.93566251
501	0.93606133
502	0.93599904
503	0.93562353
504	0.9363545
505	0.93597244
506	0.93600585
507	0.93604624
508	0.93602284
509	0.93581157
510	0.936228
511	0.9357585
512	0.93568502
513	0.93599865
514	0.93603642
515	0.93569836
516	0.93639514
517	0.93588367
518	0.93597987
519	0.93621452
520	0.93632583
521	0.93596834
522	0.93628216
523	0.93595739
524	0.93603056
525	0.93603459
526	0.93616341
527	0.93606132
528	0.93646984
529	0.93616907
530	0.93597259
531	0.93637469
532	0.93640836
533	0.9361878
534	0.9366034
535	0.93631745
536	0.93622425
537	0.93643154
538	0.93631895
539	0.9365316
540	0.9365614
541	0.93643607
542	0.9359829
543	0.93638955
544	0.93656391
545	0.93636894
546	0.9365432
547	0.9364978
548	0.93581221
549	0.93640174
550	0.93657868
551	0.93683278
552	0.93687385
553	0.93698973
554	0.9363352
555	0.93640018
556	0.93641645
557	0.93651409
558	0.93733935
559	0.9368084
560	0.93624953
561	0.93681303
562	0.93674271
563	0.93673275
564	0.93617332
565	0.93728221
566	0.93710414
567	0.93658979
568	0.93710561
569	0.93673362
570	0.93681446
571	0.93599854
572	0.93677654
573	0.93714419
574	0.93679553
575	0.93684018
576	0.9370381
577	0.93623643
578	0.93704805
579	0.93723109
580	0.93693857
581	0.93697267
582	0.93687695
583	0.93641695
584	0.9372886
585	0.9366668
586	0.93677216
587	0.93714648
588	0.93675728
589	0.93653121
590	0.93723633
591	0.93676855
592	0.93687931
593	0.93737368
594	0.93694725
595	0.93671325
596	0.9373441
597	0.93679916
598	0.9368229
599	0.93696534
600	0.93711161
601	0.93727921
602	0.93719923
603	0.93710207
604	0.93701415
605	0.9370842
606	0.93670683
607	0.93734921
608	0.93742604
609	0.93676097
610	0.937044
611	0.93689646
612	0.93702374
613	0.93691287
614	0.93766456
615	0.93741974
616	0.93694223
617	0.93701317
618	0.93732829
619	0.93678531
620	0.93783203
621	0.93744906
622	0.93704565
623	0.93684925
624	0.93729931
625	0.93666831
626	0.93755264
627	0.93747627
628	0.93718463
629	0.93711182
630	0.93744021
631	0.93705973
632	0.93768746
633	0.93747255
634	0.93716579
635	0.93688558
636	0.93707814
637	0.93698565
638	0.93774491
639	0.93749079
640	0.93704721
641	0.93696917
642	0.93747226
643	0.93705773
644	0.93774576
645	0.93742179
646	0.93692191
647	0.93680748
648	0.93706363
649	0.93719963
650	0.93762304
651	0.93730975
652	0.937076
653	0.93711699
654	0.93721139
655	0.9370913
656	0.93750692
657	0.93724769
658	0.93712607
659	0.93726473
660	0.93723513
661	0.93717073
662	0.93763373
663	0.93755397
664	0.93733338
665	0.93751844
666	0.93746833
667	0.93739776
668	0.93798494
669	0.93798101
670	0.93745154
671	0.93767687
672	0.93758784
673	0.93768991
674	0.93802125
675	0.93750124
676	0.93746804
677	0.93756084
678	0.93771215
679	0.93760237
680	0.9380544
681	0.93739296
682	0.93747235
683	0.93766708
684	0.93760231
685	0.93780029
686	0.93807731
687	0.93734153
688	0.93753914
689	0.93776573
690	0.93767397
691	0.93781251
692	0.93794098
693	0.93812627
694	0.9378232
695	0.93768109
696	0.93763917
697	0.93728766
698	0.93760347
699	0.93791965
700	0.93771303
701	0.93758279
702	0.93759265
703	0.93760108
704	0.93740314
705	0.93786183
706	0.93793495
707	0.9377177
708	0.93753899
709	0.93753386
710	0.93763495
711	0.93807549
712	0.93780444
713	0.93774004
714	0.93800558
715	0.9379726
716	0.93797426
717	0.93829131
718	0.93784587
719	0.93771191
720	0.93770671
721	0.9377456
722	0.9377405
723	0.93804949
724	0.9380244
725	0.93779958
726	0.93775012
727	0.9376226
728	0.93762883
729	0.93821222
730	0.93809102
731	0.93770644
732	0.93767605
733	0.93770151
734	0.93773621
735	0.93807778
736	0.93792026
737	0.93781425
738	0.9377884
739	0.93758099
740	0.9377095
741	0.93803354
742	0.93793143
743	0.93774097
744	0.93758971
745	0.93764712
746	0.93798405
747	0.93834325
748	0.93815151
749	0.93789852
750	0.93793866
751	0.9378337
752	0.93809139
753	0.93847512
754	0.9380546
755	0.93784952
756	0.93793701
757	0.9380238
758	0.93844281
759	0.93860208
760	0.93813185
761	0.93794254
762	0.937977
763	0.93789296
764	0.93836691
765	0.93874466
766	0.93830784
767	0.93793226
768	0.93810009
769	0.93814503
770	0.93839301
771	0.93871459
772	0.93827816
773	0.93810039
774	0.93819051
775	0.93814095
776	0.93874004
777	0.9387566
778	0.9382984
779	0.93824446
780	0.93828007
781	0.93833775
782	0.93873053
783	0.93855659
784	0.93808053
785	0.9381625
786	0.93844418
787	0.93846464
788	0.93865721
789	0.93853543
790	0.93818896
791	0.93811341
792	0.93817062
793	0.93823508
794	0.93874401
795	0.93860572
796	0.93824747
797	0.93826101
798	0.93838705
799	0.93840482
800	0.93892871
801	0.93877474
802	0.93833043
803	0.93834964
804	0.93845308
805	0.93836213
806	0.93877526
807	0.93885695
808	0.93842148
809	0.93846409
810	0.93849701
811	0.93832168
812	0.93846996
813	0.93838305
814	0.93866458
815	0.93894091
816	0.9383996
817	0.93840784
818	0.93853678
819	0.93826864
820	0.93835869
821	0.93878414
822	0.9385407
823	0.93831609
824	0.93860172
825	0.93861513
826	0.93910734
827	0.93875945
828	0.9384276
829	0.93826474
830	0.93822995
831	0.93820154
832	0.93862797
833	0.93856641
834	0.93856666
835	0.93860734
836	0.9387484
837	0.93861426
838	0.93858522
839	0.93853587
840	0.93858157
841	0.93848334
842	0.93848978
843	0.93835323
844	0.93832104
845	0.93851319
846	0.93824861
847	0.93827791
848	0.93837252
849	0.93840032
850	0.93897544
851	0.93871142
852	0.93850902
853	0.9387345
854	0.93883111
855	0.93854881
856	0.93901582
857	0.93891443
858	0.93891569
859	0.93769098
860	0.93919721
861	0.93972341
862	0.93956684
863	0.93947603
864	0.93957314
865	0.93954797
866	0.94001887
867	0.93954609
868	0.9395108
869	0.93957644
870	0.93956578
871	0.93968621
872	0.9398332
873	0.93938816
874	0.93952135
875	0.93955271
876	0.93941331
877	0.93956137
878	0.93980248
879	0.93995994
880	0.93962577
881	0.93945345
882	0.93966
883	0.93983942
884	0.93984185
885	0.93984425
886	0.93964817
887	0.93965261
888	0.93961287
889	0.93993924
890	0.93988571
891	0.93993871
892	0.9398624
893	0.93962205
894	0.9397623
895	0.93940155
896	0.94024168
897	0.93991186
898	0.93957106
899	0.93964175
900	0.93973555
901	0.93942306
902	0.93934859
903	0.93973596
904	0.93985143
905	0.93990708
906	0.93979867
907	0.9395204
908	0.93994754
909	0.9395243
910	0.93951664
911	0.94001361
912	0.93973836
913	0.93972285
914	0.93954058
915	0.93984483
916	0.93935948
917	0.93922661
918	0.93958791
919	0.9397205
920	0.9401067
921	0.93982777
922	0.93946825
923	0.93930564
924	0.93972231
925	0.93999611
926	0.93972455
927	0.94008896
928	0.93980556
929	0.93969618
930	0.93982111
931	0.94007843
932	0.93984396
933	0.94033658
934	0.93982362
935	0.94002823
936	0.93957277
937	0.93988533
938	0.93966988
939	0.93951958
940	0.93961925
941	0.93998313
942	0.939937
943	0.93999414
944	0.93983908
945	0.94012685
946	0.93963751
947	0.94015913
948	0.9402476
949	0.94006688
950	0.94002439
951	0.94022398
952	0.94015856
953	0.93997046
954	0.93982572
955	0.9400388
956	0.93988054
957	0.93968101
958	0.9398574
959	0.93986666
960	0.9394981
961	0.94000192
962	0.94002358
963	0.93947793
964	0.93971519
965	0.93989293
966	0.93956531
967	0.93998439
968	0.94005757
969	0.93971166
970	0.93982878
971	0.93962761
972	0.93946735
973	0.9398294
974	0.93958124
975	0.93988744
976	0.93973341
977	0.93963231
978	0.93950837
979	0.93959334
980	0.93954329
981	0.93986268
982	0.93955291
983	0.93978486
984	0.93993517
985	0.93979945
986	0.93965017
987	0.94001907
988	0.93982397
989	0.9398837
990	0.93968553
991	0.93988593
992	0.93994145
993	0.93998003
994	0.93986201
995	0.94010874
996	0.94007853
997	0.93979908
998	0.93975073
999	0.93984008
1000	0.938621459470304
1001	0.938633959551234
1002	0.93864641807299
1003	0.938658835120761
1004	0.938671210779638
1005	0.938683545134614
1006	0.938695838270587
1007	0.938708090272354
1008	0.938720301224615
1009	0.938732471211972
1010	0.938744600318932
1011	0.938756688629902
1012	0.938768736229192
1013	0.938780743201015
1014	0.938792709629487
1015	0.938804635598627
1016	0.938816521192356
1017	0.938828366494498
1018	0.93884017158878
1019	0.938851936558832
1020	0.938863661488189
1021	0.938875346460287
1022	0.938886991558465
1023	0.938898596865966
1024	0.938910162465938
1025	0.938921688441429
1026	0.938933174875394
1027	0.938944621850689
1028	0.938956029450075
1029	0.938967397756215
1030	0.93897872685168
1031	0.938990016818939
1032	0.939001267740368
1033	0.939012479698248
1034	0.939023652774762
1035	0.939034787051998
1036	0.939045882611947
1037	0.939056939536506
1038	0.939067957907475
1039	0.939078937806558
1040	0.939089879315365
1041	0.939100782515409
1042	0.939111647488108
1043	0.939122474314785
1044	0.939133263076667
1045	0.939144013854886
1046	0.939154726730479
1047	0.939165401784387
1048	0.939176039097457
1049	0.93918663875044
1050	0.939197200823993
1051	0.939207725398677
1052	0.939218212554959
1053	0.93922866237321
1054	0.93923907493371
1055	0.939249450316639
1056	0.939259788602085
1057	0.939270089870043
1058	0.939280354200411
1059	0.939290581672995
1060	0.939300772367503
1061	0.939310926363552
1062	0.939321043740665
1063	0.939331124578268
1064	0.939341168955696
1065	0.939351176952187
1066	0.939361148646888
1067	0.939371084118851
1068	0.939380983447032
1069	0.939390846710297
1070	0.939400673987416
1071	0.939410465357065
1072	0.939420220897829
1073	0.939429940688196
1074	0.939439624806563
1075	0.939449273331233
1076	0.939458886340415
1077	0.939468463912226
1078	0.93947800612469
1079	0.939487513055735
1080	0.9394969847832
1081	0.939506421384828
1082	0.93951582293827
1083	0.939525189521084
1084	0.939534521210736
1085	0.939543818084598
1086	0.93955308021995
1087	0.93956230769398
1088	0.939571500583782
1089	0.939580658966358
1090	0.939589782918619
1091	0.939598872517382
1092	0.939607927839371
1093	0.93961694896122
1094	0.93962593595947
1095	0.939634888910569
1096	0.939643807890873
1097	0.939652692976648
1098	0.939661544244065
1099	0.939670361769206
1100	0.939679145628059
1101	0.939687895896523
1102	0.939696612650402
1103	0.939705295965409
1104	0.939713945917168
1105	0.93972256258121
1106	0.939731146032974
1107	0.939739696347807
1108	0.939748213600967
1109	0.93975669786762
1110	0.939765149222839
1111	0.939773567741609
1112	0.93978195349882
1113	0.939790306569275
1114	0.939798627027683
1115	0.939806914948664
1116	0.939815170406747
1117	0.93982339347637
1118	0.93983158423188
1119	0.939839742747532
1120	0.939847869097495
1121	0.939855963355842
1122	0.939864025596559
1123	0.939872055893542
1124	0.939880054320594
1125	0.939888020951429
1126	0.939895955859672
1127	0.939903859118856
1128	0.939911730802426
1129	0.939919570983736
1130	0.939927379736048
1131	0.939935157132539
1132	0.939942903246291
1133	0.939950618150299
1134	0.939958301917468
1135	0.939965954620614
1136	0.939973576332462
1137	0.939981167125649
1138	0.93998872707272
1139	0.939996256246134
1140	0.940003754718259
1141	0.940011222561373
1142	0.940018659847666
1143	0.940026066649239
1144	0.940033443038104
1145	0.940040789086182
1146	0.940048104865307
1147	0.940055390447225
1148	0.94006264590359
1149	0.94006987130597
1150	0.940077066725844
1151	0.940084232234601
1152	0.940091367903543
1153	0.940098473803882
1154	0.940105550006743
1155	0.940112596583161
1156	0.940119613604085
1157	0.940126601140373
1158	0.940133559262797
1159	0.94014048804204
1160	0.940147387548696
1161	0.940154257853273
1162	0.94016109902619
1163	0.940167911137778
1164	0.94017469425828
1165	0.940181448457851
1166	0.94018817380656
1167	0.940194870374387
1168	0.940201538231224
1169	0.940208177446877
1170	0.940214788091063
1171	0.940221370233412
1172	0.940227923943468
1173	0.940234449290685
1174	0.940240946344433
1175	0.940247415173993
1176	0.940253855848559
1177	0.940260268437238
1178	0.94026665300905
1179	0.940273009632929
1180	0.940279338377721
1181	0.940285639312185
1182	0.940291912504996
1183	0.940298158024739
1184	0.940304375939914
1185	0.940310566318933
1186	0.940316729230125
1187	0.940322864741728
1188	0.940328972921898
1189	0.940335053838701
1190	0.94034110756012
1191	0.940347134154048
1192	0.940353133688296
1193	0.940359106230587
1194	0.940365051848558
1195	0.940370970609759
1196	0.940376862581657
1197	0.94038272783163
1198	0.940388566426973
1199	0.940394378434893
1200	0.940400163922514
1201	0.940405922956871
1202	0.940411655604917
1203	0.940417361933518
1204	0.940423042009453
1205	0.940428695899418
1206	0.940434323670024
1207	0.940439925387795
1208	0.94044550111917
1209	0.940451050930505
1210	0.940456574888069
1211	0.940462073058046
1212	0.940467545506537
1213	0.940472992299556
1214	0.940478413503034
1215	0.940483809182816
1216	0.940489179404662
1217	0.940494524234249
1218	0.940499843737169
1219	0.940505137978928
1220	0.94051040702495
1221	0.940515650940573
1222	0.940520869791051
1223	0.940526063641554
1224	0.940531232557168
1225	0.940536376602895
1226	0.940541495843651
1227	0.940546590344271
1228	0.940551660169505
1229	0.940556705384017
1230	0.940561726052392
1231	0.940566722239125
1232	0.940571694008633
1233	0.940576641425245
1234	0.940581564553211
1235	0.940586463456692
1236	0.94059133819977
1237	0.940596188846443
1238	0.940601015460623
1239	0.940605818106141
1240	0.940610596846744
1241	0.940615351746097
1242	0.940620082867781
1243	0.940624790275293
1244	0.940629474032048
1245	0.94063413420138
1246	0.940638770846537
1247	0.940643384030685
1248	0.940647973816909
1249	0.940652540268209
1250	0.940657083447504
1251	0.940661603417631
1252	0.940666100241342
1253	0.940670573981309
1254	0.94067502470012
1255	0.940679452460282
1256	0.940683857324219
1257	0.940688239354272
1258	0.940692598612703
1259	0.940696935161688
1260	0.940701249063323
1261	0.940705540379622
1262	0.940709809172518
1263	0.940714055503859
1264	0.940718279435415
1265	0.940722481028872
1266	0.940726660345836
1267	0.940730817447828
1268	0.940734952396292
1269	0.940739065252587
1270	0.940743156077994
1271	0.940747224933708
1272	0.940751271880847
1273	0.940755296980445
1274	0.940759300293458
1275	0.940763281880756
1276	0.940767241803133
1277	0.940771180121298
1278	0.940775096895882
1279	0.940778992187434
1280	0.940782866056421
1281	0.940786718563232
1282	0.940790549768172
1283	0.940794359731467
1284	0.940798148513264
1285	0.940801916173627
1286	0.94080566277254
1287	0.940809388369907
1288	0.940813093025553
1289	0.94081677679922
1290	0.940820439750572
1291	0.940824081939192
1292	0.940827703424582
1293	0.940831304266165
1294	0.940834884523285
1295	0.940838444255204
1296	0.940841983521105
1297	0.940845502380092
1298	0.940849000891188
1299	0.940852479113336
1300	0.940855937105401
1301	0.940859374926167
1302	0.94086279263434
1303	0.940866190288545
1304	0.940869567947328
1305	0.940872925669156
1306	0.940876263512416
1307	0.940879581535417
1308	0.940882879796389
1309	0.94088615835348
1310	0.940889417264761
1311	0.940892656588227
1312	0.940895876381787
1313	0.940899076703278
1314	0.940902257610455
1315	0.940905419160994
1316	0.940908561412492
1317	0.940911684422471
1318	0.940914788248369
1319	0.940917872947549
1320	0.940920938577295
1321	0.940923985194811
1322	0.940927012857227
1323	0.940930021621588
1324	0.940933011544867
1325	0.940935982683955
1326	0.940938935095666
1327	0.940941868836737
1328	0.940944783963825
1329	0.940947680533511
1330	0.940950558602297
1331	0.940953418226607
1332	0.940956259462789
1333	0.94095908236711
1334	0.940961886995762
1335	0.940964673404859
1336	0.940967441650437
1337	0.940970191788455
1338	0.940972923874794
1339	0.940975637965257
1340	0.940978334115572
1341	0.940981012381389
1342	0.940983672818278
1343	0.940986315481735
1344	0.940988940427178
1345	0.940991547709949
1346	0.94099413738531
1347	0.94099670950845
1348	0.940999264134478
1349	0.941001801318428
1350	0.941004321115257
1351	0.941006823579845
1352	0.941009308766995
1353	0.941011776731435
1354	0.941014227527815
1355	0.941016661210708
1356	0.941019077834614
1357	0.941021477453952
1358	0.941023860123068
1359	0.941026225896231
1360	0.941028574827633
1361	0.941030906971392
1362	0.941033222381548
1363	0.941035521112065
1364	0.941037803216833
1365	0.941040068749664
1366	0.941042317764295
1367	0.941044550314388
1368	0.941046766453528
1369	0.941048966235226
1370	0.941051149712915
1371	0.941053316939955
1372	0.941055467969629
1373	0.941057602855146
1374	0.941059721649637
1375	0.941061824406162
1376	0.941063911177701
1377	0.941065982017161
1378	0.941068036977376
1379	0.941070076111101
1380	0.94107209947102
1381	0.941074107109738
1382	0.941076099079787
1383	0.941078075433626
1384	0.941080036223637
1385	0.941081981502126
1386	0.941083911321329
1387	0.941085825733402
1388	0.94108772479043
1389	0.941089608544424
1390	0.941091477047317
1391	0.94109333035097
1392	0.94109516850717
1393	0.94109699156763
1394	0.941098799583986
1395	0.941100592607804
1396	0.941102370690572
1397	0.941104133883706
1398	0.941105882238549
1399	0.941107615806368
1400	0.941109334638356
1401	0.941111038785635
1402	0.941112728299251
1403	0.941114403230176
1404	0.94111606362931
1405	0.941117709547477
1406	0.941119341035432
1407	0.94112095814385
1408	0.941122560923339
1409	0.94112414942443
1410	0.941125723697581
1411	0.941127283793178
1412	0.941128829761533
1413	0.941130361652884
1414	0.941131879517399
1415	0.94113338340517
1416	0.941134873366216
1417	0.941136349450486
1418	0.941137811707853
1419	0.941139260188119
1420	0.941140694941013
1421	0.94114211601619
1422	0.941143523463235
1423	0.941144917331658
1424	0.941146297670898
1425	0.941147664530321
1426	0.94114901795922
1427	0.941150358006817
1428	0.941151684722261
1429	0.941152998154629
1430	0.941154298352925
1431	0.941155585366082
1432	0.94115685924296
1433	0.941158120032348
1434	0.941159367782963
1435	0.941160602543449
1436	0.941161824362379
1437	0.941163033288255
1438	0.941164229369505
1439	0.941165412654488
1440	0.941166583191489
1441	0.941167741028724
1442	0.941168886214336
1443	0.941170018796395
1444	0.941171138822903
1445	0.941172246341789
1446	0.941173341400909
1447	0.941174424048052
1448	0.941175494330932
1449	0.941176552297194
1450	0.94117759799441
1451	0.941178631470084
1452	0.941179652771645
1453	0.941180661946456
1454	0.941181659041806
1455	0.941182644104913
1456	0.941183617182926
1457	0.941184578322922
1458	0.941185527571909
1459	0.941186464976822
1460	0.941187390584529
1461	0.941188304441823
1462	0.941189206595431
1463	0.941190097092007
1464	0.941190975978136
1465	0.941191843300332
1466	0.94119269910504
1467	0.941193543438633
1468	0.941194376347416
1469	0.941195197877623
1470	0.941196008075417
1471	0.941196806986895
1472	0.941197594658079
1473	0.941198371134925
1474	0.941199136463317
1475	0.941199890689072
1476	0.941200633857934
1477	0.941201366015581
1478	0.941202087207619
1479	0.941202797479585
1480	0.941203496876948
1481	0.941204185445105
1482	0.941204863229387
1483	0.941205530275054
1484	0.941206186627297
1485	0.941206832331237
1486	0.941207467431927
1487	0.941208091974353
1488	0.941208706003427
1489	0.941209309563998
1490	0.941209902700841
1491	0.941210485458666
1492	0.941211057882112
1493	0.941211620015751
1494	0.941212171904085
1495	0.941212713591547
1496	0.941213245122505
1497	0.941213766541254
1498	0.941214277892024
1499	0.941214779218975
1500	0.941215270566198
1501	0.941215751977719
1502	0.941216223497491
1503	0.941216685169405
1504	0.941217137037278
1505	0.941217579144863
1506	0.941218011535842
1507	0.941218434253833
1508	0.941218847342382
1509	0.94121925084497
1510	0.941219644805009
1511	0.941220029265845
1512	0.941220404270754
1513	0.941220769862945
1514	0.941221126085562
1515	0.941221472981677
1516	0.9412218105943
1517	0.941222138966369
1518	0.941222458140758
1519	0.94122276816027
1520	0.941223069067646
1521	0.941223360905555
1522	0.941223643716602
1523	0.941223917543324
1524	0.941224182428191
1525	0.941224438413605
1526	0.941224685541904
1527	0.941224923855356
1528	0.941225153396165
1529	0.941225374206466
1530	0.941225586328328
1531	0.941225789803755
1532	0.941225984674683
1533	0.941226170982982
1534	0.941226348770454
1535	0.941226518078838
1536	0.941226678949803
1537	0.941226831424955
1538	0.941226975545831
1539	0.941227111353903
1540	0.941227238890578
1541	0.941227358197196
1542	0.94122746931503
1543	0.941227572285289
1544	0.941227667149115
1545	0.941227753947584
1546	0.941227832721707
1547	0.941227903512428
1548	0.941227966360628
1549	0.941228021307119
1550	0.941228068392649
1551	0.941228107657901
1552	0.941228139143492
1553	0.941228162889975
1554	0.941228178937835
1555	0.941228187327493
1556	0.941228188099305
1557	0.941228181293562
1558	0.94122816695049
1559	0.941228145110248
1560	0.941228115812933
1561	0.941228079098575
1562	0.94122803500714
1563	0.941227983578527
1564	0.941227924852574
1565	0.941227858869051
1566	0.941227785667665
1567	0.941227705288057
1568	0.941227617769806
1569	0.941227523152424
1570	0.941227421475358
1571	0.941227312777993
1572	0.941227197099649
1573	0.941227074479579
1574	0.941226944956976
1575	0.941226808570966
1576	0.941226665360611
1577	0.94122651536491
1578	0.941226358622797
1579	0.941226195173142
1580	0.941226025054752
1581	0.941225848306369
1582	0.941225664966672
1583	0.941225475074275
1584	0.941225278667731
1585	0.941225075785525
1586	0.941224866466083
1587	0.941224650747764
1588	0.941224428668865
1589	0.941224200267619
1590	0.941223965582196
1591	0.941223724650702
1592	0.941223477511181
1593	0.941223224201613
1594	0.941222964759914
1595	0.941222699223938
1596	0.941222427631474
1597	0.941222150020252
1598	0.941221866427934
1599	0.941221576892123
1600	0.941221281450356
1601	0.94122098014011
1602	0.941220672998798
1603	0.94122036006377
1604	0.941220041372313
1605	0.941219716961653
1606	0.941219386868952
1607	0.941219051131309
1608	0.941218709785762
1609	0.941218362869285
1610	0.941218010418793
1611	0.941217652471134
1612	0.941217289063097
1613	0.941216920231408
1614	0.94121654601273
1615	0.941216166443665
1616	0.941215781560752
1617	0.94121539140047
1618	0.941214995999234
1619	0.941214595393397
1620	0.941214189619251
1621	0.941213778713027
1622	0.941213362710893
1623	0.941212941648955
1624	0.941212515563259
1625	0.941212084489788
1626	0.941211648464465
1627	0.941211207523149
1628	0.94121076170164
1629	0.941210311035676
1630	0.941209855560933
1631	0.941209395313026
1632	0.941208930327509
1633	0.941208460639876
1634	0.941207986285557
1635	0.941207507299924
1636	0.941207023718286
1637	0.941206535575892
1638	0.94120604290793
1639	0.941205545749526
1640	0.941205044135747
1641	0.941204538101599
1642	0.941204027682026
1643	0.941203512911913
1644	0.941202993826082
1645	0.941202470459298
1646	0.941201942846262
1647	0.941201411021617
1648	0.941200875019944
1649	0.941200334875765
1650	0.941199790623542
1651	0.941199242297674
1652	0.941198689932504
1653	0.941198133562311
1654	0.941197573221316
1655	0.941197008943681
1656	0.941196440763504
1657	0.941195868714828
1658	0.941195292831634
1659	0.941194713147841
1660	0.941194129697312
1661	0.941193542513848
1662	0.941192951631192
1663	0.941192357083025
1664	0.94119175890297
1665	0.941191157124592
1666	0.941190551781393
1667	0.941189942906818
1668	0.941189330534253
1669	0.941188714697023
1670	0.941188095428395
1671	0.941187472761577
1672	0.941186846729716
1673	0.941186217365903
1674	0.941185584703167
1675	0.941184948774479
1676	0.941184309612752
1677	0.94118366725084
1678	0.941183021721536
1679	0.941182373057577
1680	0.94118172129164
1681	0.941181066456343
1682	0.941180408584247
1683	0.941179747707852
1684	0.941179083859601
1685	0.941178417071879
1686	0.94117774737701
1687	0.941177074807264
1688	0.941176399394849
1689	0.941175721171916
1690	0.941175040170557
1691	0.941174356422807
1692	0.941173669960643
1693	0.941172980815983
1694	0.941172289020688
1695	0.941171594606559
1696	0.941170897605341
1697	0.941170198048722
1698	0.941169495968329
1699	0.941168791395734
1700	0.941168084362451
1701	0.941167374899934
1702	0.941166663039583
1703	0.941165948812738
1704	0.941165232250681
1705	0.94116451338464
1706	0.941163792245781
1707	0.941163068865216
1708	0.941162343273998
1709	0.941161615503124
1710	0.941160885583532
1711	0.941160153546106
1712	0.94115941942167
1713	0.941158683240992
1714	0.941157945034782
1715	0.941157204833695
1716	0.941156462668327
1717	0.94115571856922
1718	0.941154972566856
1719	0.941154224691663
1720	0.941153474974009
1721	0.941152723444209
1722	0.941151970132519
1723	0.94115121506914
1724	0.941150458284216
1725	0.941149699807833
1726	0.941148939670022
1727	0.941148177900759
1728	0.941147414529962
1729	0.941146649587492
1730	0.941145883103156
1731	0.941145115106703
1732	0.941144345627827
1733	0.941143574696166
1734	0.941142802341301
1735	0.941142028592759
1736	0.941141253480008
1737	0.941140477032463
1738	0.941139699279483
1739	0.941138920250369
1740	0.941138139974368
1741	0.941137358480673
1742	0.941136575798418
1743	0.941135791956682
1744	0.941135006984492
1745	0.941134220910816
1746	0.941133433764568
1747	0.941132645574606
1748	0.941131856369733
1749	0.941131066178698
1750	0.941130275030193
1751	0.941129482952856
1752	0.941128689975268
1753	0.941127896125959
1754	0.941127101433399
1755	0.941126305926007
1756	0.941125509632146
1757	0.941124712580123
1758	0.941123914798191
1759	0.941123116314549
1760	0.94112231715734
1761	0.941121517354653
1762	0.941120716934522
1763	0.941119915924929
1764	0.941119114353797
1765	0.941118312248997
1766	0.941117509638348
1767	0.941116706549609
1768	0.941115903010491
1769	0.941115099048645
1770	0.941114294691672
1771	0.941113489967117
1772	0.941112684902472
1773	0.941111879525173
1774	0.941111073862604
1775	0.941110267942093
1776	0.941109461790917
1777	0.941108655436297
1778	0.941107848905401
1779	0.941107042225343
1780	0.941106235423182
1781	0.941105428525926
1782	0.941104621560528
1783	0.941103814553887
1784	0.941103007532849
1785	0.941102200524207
1786	0.9411013935547
1787	0.941100586651014
1788	0.941099779839781
1789	0.94109897314758
1790	0.941098166600938
1791	0.941097360226328
1792	0.941096554050168
1793	0.941095748098826
1794	0.941094942398616
1795	0.941094136975799
1796	0.941093331856581
1797	0.941092527067119
1798	0.941091722633514
1799	0.941090918581815
1800	0.94109011493802
1801	0.941089311728073
1802	0.941088508977864
1803	0.941087706713232
1804	0.941086904959965
1805	0.941086103743795
1806	0.941085303090405
1807	0.941084503025422
1808	0.941083703574425
1809	0.941082904762936
1810	0.94108210661643
1811	0.941081309160324
1812	0.941080512419988
1813	0.941079716420738
1814	0.941078921187836
1815	0.941078126746495
1816	0.941077333121875
1817	0.941076540339083
1818	0.941075748423176
1819	0.941074957399158
1820	0.941074167291982
1821	0.941073378126549
1822	0.941072589927706
1823	0.941071802720254
1824	0.941071016528937
1825	0.94107023137845
1826	0.941069447293437
1827	0.941068664298488
1828	0.941067882418145
1829	0.941067101676896
1830	0.94106632209918
1831	0.941065543709383
1832	0.94106476653184
1833	0.941063990590836
1834	0.941063215910604
1835	0.941062442515326
1836	0.941061670429133
1837	0.941060899676107
1838	0.941060130280276
1839	0.941059362265619
1840	0.941058595656064
1841	0.941057830475488
1842	0.941057066747717
1843	0.941056304496528
1844	0.941055543745646
1845	0.941054784518745
1846	0.94105402683945
1847	0.941053270731334
1848	0.941052516217921
1849	0.941051763322683
1850	0.941051012069045
1851	0.941050262480377
1852	0.941049514580002
1853	0.941048768391194
1854	0.941048023937172
1855	0.941047281241111
1856	0.94104654032613
1857	0.941045801215303
1858	0.941045063931652
1859	0.941044328498149
1860	0.941043594937716
1861	0.941042863273225
1862	0.941042133527501
1863	0.941041405723315
1864	0.941040679883392
1865	0.941039956030406
1866	0.94103923418698
1867	0.941038514375691
1868	0.941037796619063
1869	0.941037080939572
1870	0.941036367359647
1871	0.941035655901663
1872	0.94103494658795
1873	0.941034239440786
1874	0.941033534482402
1875	0.941032831734978
1876	0.941032131220645
1877	0.941031432961487
1878	0.941030736979538
1879	0.941030043296781
1880	0.941029351935154
1881	0.941028662916544
1882	0.941027976262788
1883	0.941027291995676
1884	0.941026610136949
1885	0.941025930708301
1886	0.941025253731373
1887	0.941024579227763
1888	0.941023907219015
1889	0.941023237726629
1890	0.941022570772055
1891	0.941021906376693
1892	0.941021244561898
1893	0.941020585348974
1894	0.941019928759177
1895	0.941019274813717
1896	0.941018623533754
1897	0.9410179749404
1898	0.941017329054719
1899	0.941016685897729
1900	0.941016045490397
1901	0.941015407853644
1902	0.941014773008343
1903	0.941014140975318
1904	0.941013511775348
1905	0.94101288542916
1906	0.941012261957438
1907	0.941011641380816
1908	0.941011023719879
1909	0.941010408995169
1910	0.941009797227175
1911	0.941009188436343
1912	0.941008582643069
1913	0.941007979867703
1914	0.941007380130547
1915	0.941006783451858
1916	0.941006189851841
1917	0.941005599350659
1918	0.941005011968425
1919	0.941004427725205
1920	0.94100384664102
1921	0.941003268735842
1922	0.941002694029597
1923	0.941002122542163
1924	0.941001554293374
1925	0.941000989303013
1926	0.941000427590821
1927	0.940999869176489
1928	0.940999314079662
1929	0.94099876231994
1930	0.940998213916874
1931	0.940997668889971
1932	0.940997127258689
1933	0.940996589042441
1934	0.940996054260595
1935	0.94099552293247
1936	0.940994995077341
1937	0.940994470714435
1938	0.940993949862934
1939	0.940993432541973
1940	0.940992918770643
1941	0.940992408567986
1942	0.940991901952999
1943	0.940991398944636
1944	0.9409908995618
1945	0.940990403823353
1946	0.940989911748108
1947	0.940989423354832
1948	0.94098893866225
1949	0.940988457689037
1950	0.940987980453826
1951	0.940987506975201
1952	0.940987037271703
1953	0.940986571361827
1954	0.940986109264022
1955	0.940985650996691
1956	0.940985196578195
1957	0.940984746026845
1958	0.940984299360911
1959	0.940983856598614
1960	0.940983417758132
1961	0.940982982857599
1962	0.940982551915102
1963	0.940982124948682
1964	0.940981701976338
1965	0.940981283016023
1966	0.940980868085644
1967	0.940980457203063
1968	0.9409800503861
1969	0.940979647652527
1970	0.940979249020074
1971	0.940978854506424
1972	0.940978464129216
1973	0.940978077906046
1974	0.940977695854464
1975	0.940977317991975
1976	0.940976944336041
1977	0.94097657490408
1978	0.940976209713464
1979	0.940975848781521
1980	0.940975492125536
1981	0.940975139762748
1982	0.940974791710354
1983	0.940974447985505
1984	0.940974108605309
1985	0.940973773586829
1986	0.940973442947085
1987	0.940973116703054
1988	0.940972794871666
1989	0.94097247746981
1990	0.940972164514331
1991	0.940971856022028
1992	0.940971552009658
1993	0.940971252493935
1994	0.940970957491528
1995	0.940970667019063
1996	0.940970381093123
1997	0.940970099730245
1998	0.940969822946927
1999	0.94096955075962
2000	0.940969283184733
2001	0.940969020238631
2002	0.940968761937637
2003	0.940968508298029
2004	0.940968259336044
2005	0.940968015067875
2006	0.94096777550967
2007	0.940967540677537
2008	0.940967310587539
2009	0.940967085255697
2010	0.940966864697989
2011	0.94096664893035
2012	0.940966437968672
2013	0.940966231828804
2014	0.940966030526554
2015	0.940965834077685
2016	0.940965642497918
2017	0.940965455802932
2018	0.940965274008364
2019	0.940965097129808
2020	0.940964925182814
2021	0.940964758182893
2022	0.940964596145509
2023	0.940964439086088
2024	0.940964287020011
2025	0.940964139962619
2026	0.940963997929209
2027	0.940963860935036
2028	0.940963728995313
2029	0.940963602125213
2030	0.940963480339863
2031	0.940963363654353
2032	0.940963252083726
2033	0.940963145642987
2034	0.940963044347097
2035	0.940962948210975
2036	0.940962857249502
2037	0.940962771477512
2038	0.9409626909098
2039	0.940962615561121
2040	0.940962545446185
2041	0.940962480579663
2042	0.940962420976182
2043	0.940962366650332
2044	0.940962317616657
2045	0.940962273889662
2046	0.94096223548381
2047	0.940962202413523
2048	0.940962174693182
2049	0.940962152337126
2050	0.940962135359654
2051	0.940962123775023
2052	0.94096211759745
2053	0.940962116841109
2054	0.940962121520136
2055	0.940962131648624
2056	0.940962147240625
2057	0.940962168310151
2058	0.940962194871173
2059	0.940962226937622
2060	0.940962264523387
2061	0.940962307642317
2062	0.94096235630822
2063	0.940962410534865
2064	0.940962470335978
2065	0.940962535725247
2066	0.940962606716317
2067	0.940962683322796
2068	0.940962765558248
2069	0.940962853436199
2070	0.940962946970134
2071	0.940963046173498
2072	0.940963151059696
2073	0.940963261642092
2074	0.940963377934012
2075	0.940963499948739
2076	0.940963627699518
2077	0.940963761199555
2078	0.940963900462012
2079	0.940964045500017
2080	0.940964196326652
2081	0.940964352954964
2082	0.940964515397959
2083	0.940964683668601
2084	0.940964857779818
2085	0.940965037744495
2086	0.940965223575481
2087	0.940965415285582
2088	0.940965612887566
2089	0.940965816394163
2090	0.940966025818061
2091	0.94096624117191
2092	0.940966462468321
2093	0.940966689719865
2094	0.940966922939075
2095	0.940967162138442
2096	0.940967407330422
2097	0.940967658527429
2098	0.940967915741839
2099	0.940968178985988
2100	0.940968448272174
2101	0.940968723612655
2102	0.940969005019653
2103	0.940969292505348
2104	0.940969586081882
2105	0.94096988576136
2106	0.940970191555845
2107	0.940970503477365
2108	0.940970821537906
2109	0.940971145749419
2110	0.940971476123813
2111	0.940971812672961
2112	0.940972155408696
2113	0.940972504342814
2114	0.940972859487071
2115	0.940973220853186
2116	0.940973588452839
2117	0.940973962297673
2118	0.940974342399291
2119	0.940974728769259
2120	0.940975121419104
2121	0.940975520360317
2122	0.940975925604348
2123	0.940976337162611
2124	0.940976755046483
2125	0.9409771792673
2126	0.940977609836363
2127	0.940978046764934
2128	0.940978490064237
2129	0.940978939745459
2130	0.940979395819748
2131	0.940979858298216
2132	0.940980327191937
2133	0.940980802511947
2134	0.940981284269244
2135	0.94098177247479
2136	0.940982267139508
2137	0.940982768274286
2138	0.940983275889971
2139	0.940983789997376
2140	0.940984310607276
2141	0.940984837730407
2142	0.940985371377469
2143	0.940985911559126
2144	0.940986458286003
2145	0.94098701156869
2146	0.940987571417737
2147	0.940988137843661
2148	0.940988710856939
2149	0.940989290468012
2150	0.940989876687284
2151	0.940990469525123
2152	0.940991068991859
2153	0.940991675097787
2154	0.940992287853164
2155	0.94099290726821
2156	0.940993533353109
2157	0.94099416611801
2158	0.940994805573023
2159	0.940995451728222
2160	0.940996104593647
2161	0.940996764179298
2162	0.940997430495142
2163	0.940998103551107
2164	0.940998783357086
2165	0.940999469922937
2166	0.941000163258479
2167	0.941000863373497
2168	0.94100157027774
2169	0.941002283980919
2170	0.941003004492711
2171	0.941003731822756
2172	0.941004465980659
2173	0.941005206975989
2174	0.941005954818277
2175	0.941006709517021
2176	0.941007471081682
2177	0.941008239521685
2178	0.941009014846421
2179	0.941009797065243
2180	0.941010586187469
2181	0.941011382222384
2182	0.941012185179233
2183	0.941012995067231
2184	0.941013811895552
2185	0.941014635673338
2186	0.941015466409695
2187	0.941016304113694
2188	0.941017148794369
2189	0.941018000460722
2190	0.941018859121717
2191	0.941019724786283
2192	0.941020597463315
2193	0.941021477161674
2194	0.941022363890184
2195	0.941023257657633
2196	0.941024158472778
2197	0.941025066344338
2198	0.941025981280997
2199	0.941026903291407
2200	0.941027832384182
2201	0.941028768567903
2202	0.941029711851116
2203	0.941030662242333
2204	0.94103161975003
2205	0.941032584382649
2206	0.941033556148599
2207	0.941034535056251
2208	0.941035521113946
2209	0.941036514329987
2210	0.941037514712644
2211	0.941038522270154
2212	0.941039537010716
2213	0.941040558942499
2214	0.941041588073636
2215	0.941042624412225
2216	0.941043667966331
2217	0.941044718743984
2218	0.941045776753182
2219	0.941046842001887
2220	0.941047914498027
2221	0.941048994249496
2222	0.941050081264157
2223	0.941051175549836
2224	0.941052277114325
2225	0.941053385965386
2226	0.941054502110742
2227	0.941055625558087
2228	0.941056756315079
2229	0.941057894389343
2230	0.94105903978847
2231	0.941060192520017
2232	0.941061352591511
2233	0.941062520010439
2234	0.941063694784262
2235	0.941064876920402
2236	0.941066066426252
2237	0.941067263309167
2238	0.941068467576473
2239	0.941069679235461
2240	0.941070898293389
2241	0.941072124757481
2242	0.94107335863493
2243	0.941074599932895
2244	0.941075848658501
2245	0.941077104818841
2246	0.941078368420975
2247	0.941079639471931
2248	0.941080917978702
2249	0.94108220394825
2250	0.941083497387505
2251	0.941084798303361
2252	0.941086106702682
2253	0.9410874225923
2254	0.941088745979012
2255	0.941090076869583
2256	0.941091415270748
2257	0.941092761189206
2258	0.941094114631626
2259	0.941095475604643
2260	0.941096844114862
2261	0.941098220168853
2262	0.941099603773155
2263	0.941100994934275
2264	0.941102393658687
2265	0.941103799952834
2266	0.941105213823125
2267	0.94110663527594
2268	0.941108064317623
2269	0.94110950095449
2270	0.941110945192822
2271	0.941112397038869
2272	0.941113856498851
2273	0.941115323578952
2274	0.941116798285329
2275	0.941118280624104
2276	0.941119770601368
2277	0.941121268223182
2278	0.941122773495572
2279	0.941124286424535
2280	0.941125807016036
2281	0.941127335276009
2282	0.941128871210355
2283	0.941130414824944
2284	0.941131966125615
2285	0.941133525118176
2286	0.941135091808404
2287	0.941136666202042
2288	0.941138248304805
2289	0.941139838122376
2290	0.941141435660405
2291	0.941143040924513
2292	0.941144653920289
2293	0.941146274653291
2294	0.941147903129046
2295	0.94114953935305
2296	0.941151183330769
2297	0.941152835067636
2298	0.941154494569055
2299	0.941156161840399
2300	0.941157836887009
2301	0.941159519714196
2302	0.941161210327241
2303	0.941162908731394
2304	0.941164614931873
2305	0.941166328933867
2306	0.941168050742534
2307	0.941169780363002
2308	0.941171517800367
2309	0.941173263059696
2310	0.941175016146025
2311	0.941176777064359
2312	0.941178545819676
2313	0.941180322416918
2314	0.941182106861003
2315	0.941183899156813
2316	0.941185699309205
2317	0.941187507323002
2318	0.941189323202999
2319	0.941191146953961
2320	0.941192978580621
2321	0.941194818087684
2322	0.941196665479824
2323	0.941198520761687
2324	0.941200383937887
2325	0.941202255013008
2326	0.941204133991606
2327	0.941206020878207
2328	0.941207915677306
2329	0.941209818393368
2330	0.941211729030832
2331	0.941213647594103
2332	0.941215574087559
2333	0.941217508515547
2334	0.941219450882387
2335	0.941221401192366
2336	0.941223359449744
2337	0.941225325658752
2338	0.941227299823591
2339	0.941229281948431
2340	0.941231272037416
2341	0.941233270094658
2342	0.941235276124242
2343	0.941237290130222
2344	0.941239312116623
2345	0.941241342087444
2346	0.941243380046651
2347	0.941245425998183
2348	0.941247479945951
2349	0.941249541893834
2350	0.941251611845685
2351	0.941253689805328
2352	0.941255775776556
2353	0.941257869763135
2354	0.941259971768803
2355	0.941262081797267
2356	0.941264199852207
2357	0.941266325937275
2358	0.941268460056093
2359	0.941270602212255
2360	0.941272752409326
2361	0.941274910650844
2362	0.941277076940317
2363	0.941279251281226
2364	0.941281433677022
2365	0.94128362413113
2366	0.941285822646944
2367	0.941288029227832
2368	0.941290243877134
2369	0.941292466598159
2370	0.941294697394191
2371	0.941296936268484
2372	0.941299183224266
2373	0.941301438264734
2374	0.94130370139306
2375	0.941305972612387
2376	0.941308251925829
2377	0.941310539336473
2378	0.941312834847379
2379	0.941315138461579
2380	0.941317450182076
2381	0.941319770011846
2382	0.941322097953838
2383	0.941324434010972
2384	0.941326778186143
2385	0.941329130482215
2386	0.941331490902027
2387	0.941333859448389
2388	0.941336236124085
2389	0.941338620931871
2390	0.941341013874475
2391	0.941343414954599
2392	0.941345824174916
2393	0.941348241538073
2394	0.94135066704669
2395	0.941353100703359
2396	0.941355542510645
2397	0.941357992471086
2398	0.941360450587194
2399	0.941362916861451
2400	0.941365391296316
2401	0.941367873894218
2402	0.941370364657561
2403	0.94137286358872
2404	0.941375370690045
2405	0.941377885963859
2406	0.941380409412457
2407	0.941382941038109
2408	0.941385480843056
2409	0.941388028829516
2410	0.941390584999676
2411	0.9413931493557
2412	0.941395721899723
2413	0.941398302633856
2414	0.94140089156018
2415	0.941403488680752
2416	0.941406093997604
2417	0.941408707512738
2418	0.941411329228131
2419	0.941413959145736
2420	0.941416597267478
2421	0.941419243595254
2422	0.941421898130937
2423	0.941424560876374
2424	0.941427231833385
2425	0.941429911003765
2426	0.941432598389281
2427	0.941435293991675
2428	0.941437997812664
2429	0.941440709853939
2430	0.941443430117162
2431	0.941446158603974
2432	0.941448895315987
2433	0.941451640254787
2434	0.941454393421937
2435	0.94145715481897
2436	0.941459924447398
2437	0.941462702308704
2438	0.941465488404347
2439	0.94146828273576
2440	0.94147108530435
2441	0.9414738961115
2442	0.941476715158565
2443	0.941479542446878
2444	0.941482377977743
2445	0.941485221752441
2446	0.941488073772227
2447	0.941490934038332
2448	0.941493802551958
2449	0.941496679314287
2450	0.941499564326471
2451	0.941502457589641
2452	0.941505359104899
2453	0.941508268873325
2454	0.941511186895973
2455	0.941514113173871
2456	0.941517047708024
2457	0.94151999049941
2458	0.941522941548984
2459	0.941525900857674
2460	0.941528868426386
2461	0.941531844255998
2462	0.941534828347366
2463	0.94153782070132
2464	0.941540821318666
2465	0.941543830200184
2466	0.941546847346631
2467	0.941549872758739
2468	0.941552906437214
2469	0.941555948382741
2470	0.941558998595976
2471	0.941562057077553
2472	0.941565123828083
2473	0.94156819884815
2474	0.941571282138316
2475	0.941574373699116
2476	0.941577473531064
2477	0.941580581634647
2478	0.941583698010328
2479	0.941586822658549
2480	0.941589955579724
2481	0.941593096774245
2482	0.941596246242481
2483	0.941599403984773
2484	0.941602570001443
2485	0.941605744292786
2486	0.941608926859073
2487	0.941612117700553
2488	0.941615316817449
2489	0.941618524209963
2490	0.94162173987827
2491	0.941624963822524
2492	0.941628196042854
2493	0.941631436539365
2494	0.94163468531214
2495	0.941637942361237
2496	0.94164120768669
2497	0.941644481288511
2498	0.941647763166688
2499	0.941651053321186
2500	0.941654351751945
2501	0.941657658458883
2502	0.941660973441895
2503	0.941664296700851
2504	0.9416676282356
2505	0.941670968045965
2506	0.941674316131749
2507	0.94167767249273
2508	0.941681037128662
2509	0.941684410039278
2510	0.941687791224287
2511	0.941691180683375
2512	0.941694578416204
2513	0.941697984422415
2514	0.941701398701624
2515	0.941704821253427
2516	0.941708252077395
2517	0.941711691173075
2518	0.941715138539995
2519	0.941718594177656
2520	0.94172205808554
2521	0.941725530263104
2522	0.941729010709783
2523	0.94173249942499
2524	0.941735996408114
2525	0.941739501658524
2526	0.941743015175563
2527	0.941746536958554
2528	0.941750067006797
2529	0.94175360531957
2530	0.941757151896129
2531	0.941760706735704
2532	0.941764269837509
2533	0.94176784120073
2534	0.941771420824534
2535	0.941775008708066
2536	0.941778604850446
2537	0.941782209250774
2538	0.941785821908128
2539	0.941789442821563
2540	0.941793071990113
2541	0.94179670941279
2542	0.941800355088583
2543	0.941804009016459
2544	0.941807671195365
2545	0.941811341624224
2546	0.941815020301938
2547	0.941818707227388
2548	0.941822402399432
2549	0.941826105816908
2550	0.94182981747863
2551	0.941833537383391
2552	0.941837265529965
2553	0.9418410019171
2554	0.941844746543527
2555	0.941848499407951
2556	0.94185226050906
2557	0.941856029845517
2558	0.941859807415966
2559	0.941863593219027
2560	0.941867387253302
2561	0.941871189517368
2562	0.941875000009785
2563	0.941878818729088
2564	0.941882645673793
2565	0.941886480842393
2566	0.941890324233361
2567	0.94189417584515
2568	0.94189803567619
2569	0.941901903724891
2570	0.941905779989641
2571	0.941909664468808
2572	0.941913557160739
2573	0.94191745806376
2574	0.941921367176176
2575	0.94192528449627
2576	0.941929210022307
2577	0.941933143752529
2578	0.941937085685158
2579	0.941941035818395
2580	0.94194499415042
2581	0.941948960679394
2582	0.941952935403455
2583	0.941956918320723
2584	0.941960909429295
2585	0.941964908727249
2586	0.941968916212642
2587	0.941972931883511
2588	0.941976955737873
2589	0.941980987773722
2590	0.941985027989035
2591	0.941989076381767
2592	0.941993132949854
2593	0.941997197691209
2594	0.942001270603728
2595	0.942005351685285
2596	0.942009440933734
2597	0.94201353834691
2598	0.942017643922626
2599	0.942021757658676
2600	0.942025879552835
