#Wavelength (nm)	%Transmission
# Transmission for uncoated UV fused silica
# From: ThorLabs Excel spreadsheet linked from https://www.thorlabs.com/NewGroupPage9.cfm?ObjectGroup_ID=3983
200	0.8742839
201	0.8777782
202	0.880833
203	0.8834447
204	0.8863473
205	0.8890193
206	0.8909737
207	0.8933685
208	0.8952925
209	0.8962326
210	0.8978714
211	0.8990145
212	0.9001561
213	0.9011251
214	0.9020165
215	0.902305
216	0.9030229
217	0.9035076
218	0.9035607
219	0.9040095
220	0.9041387
221	0.9038098
222	0.9047105
223	0.9048544
224	0.9048172
225	0.905406
226	0.905586
227	0.9052458
228	0.9057682
229	0.906169
230	0.906068
231	0.9071046
232	0.9072859
233	0.9075572
234	0.9083079
235	0.9091761
236	0.9096413
237	0.9106312
238	0.9115471
239	0.9117458
240	0.9128686
241	0.9136544
242	0.9141145
243	0.914935
244	0.9157248
245	0.9158959
246	0.9168351
247	0.9177863
248	0.9177577
249	0.9183112
250	0.9190164
251	0.9187905
252	0.9198394
253	0.9198422
254	0.9199367
255	0.9201606
256	0.9207748
257	0.920553
258	0.9208649
259	0.9212882
260	0.9209136
261	0.9215847
262	0.9217665
263	0.9215989
264	0.9220548
265	0.9221954
266	0.9220027
267	0.9225838
268	0.9228366
269	0.922507
270	0.9231917
271	0.9232267
272	0.9229323
273	0.9235812
274	0.9237256
275	0.9232782
276	0.9239217
277	0.9242233
278	0.9239715
279	0.9244789
280	0.9245639
281	0.9246478
282	0.9247307
283	0.9248125
284	0.9248933
285	0.924973
286	0.9250518
287	0.9251296
288	0.9252064
289	0.9252823
290	0.9253572
291	0.9254312
292	0.9255044
293	0.9255766
294	0.925648
295	0.9257185
296	0.9257882
297	0.9258571
298	0.9259251
299	0.9259923
300	0.9260588
301	0.9261245
302	0.9261894
303	0.9262536
304	0.926317
305	0.9263797
306	0.9264417
307	0.926503
308	0.9265636
309	0.9266236
310	0.9266828
311	0.9267414
312	0.9267994
313	0.9268567
314	0.9269134
315	0.9269694
316	0.9270249
317	0.9270797
318	0.927134
319	0.9271877
320	0.9272408
321	0.9272933
322	0.9273453
323	0.9273967
324	0.9274476
325	0.927498
326	0.9275478
327	0.9275971
328	0.9276459
329	0.9276942
330	0.927742
331	0.9277893
332	0.9278362
333	0.9278825
334	0.9279284
335	0.9279739
336	0.9280188
337	0.9280634
338	0.9281074
339	0.9281511
340	0.9281943
341	0.9282371
342	0.9282795
343	0.9283214
344	0.928363
345	0.9284041
346	0.9284449
347	0.9284853
348	0.9285252
349	0.9285648
350	0.9286041
351	0.9286429
352	0.9286814
353	0.9287195
354	0.9287573
355	0.9287947
356	0.9288318
357	0.9288685
358	0.9289049
359	0.9289409
360	0.9289767
361	0.9290121
362	0.9290471
363	0.9290819
364	0.9291163
365	0.9291505
366	0.9291843
367	0.9292179
368	0.9292511
369	0.929284
370	0.9293167
371	0.929349
372	0.9293811
373	0.9294129
374	0.9294444
375	0.9294757
376	0.9295067
377	0.9295374
378	0.9295678
379	0.929598
380	0.929628
381	0.9296576
382	0.9296871
383	0.9297163
384	0.9297452
385	0.9297739
386	0.9298023
387	0.9298306
388	0.9298585
389	0.9298863
390	0.9299138
391	0.9299411
392	0.9299682
393	0.9299951
394	0.9300217
395	0.9300481
396	0.9300743
397	0.9301003
398	0.9301261
399	0.9301517
400	0.9301771
401	0.9302023
402	0.9302272
403	0.930252
404	0.9302766
405	0.930301
406	0.9303252
407	0.9303492
408	0.9303731
409	0.9303967
410	0.9304202
411	0.9304435
412	0.9304666
413	0.9304895
414	0.9305123
415	0.9305348
416	0.9305573
417	0.9305795
418	0.9306016
419	0.9306235
420	0.9306452
421	0.9306668
422	0.9306883
423	0.9307095
424	0.9307306
425	0.9307516
426	0.9307724
427	0.9307931
428	0.9308136
429	0.9308339
430	0.9308541
431	0.9308742
432	0.9308941
433	0.9309139
434	0.9309335
435	0.930953
436	0.9309724
437	0.9309916
438	0.9310107
439	0.9310296
440	0.9310484
441	0.9310671
442	0.9310857
443	0.9311041
444	0.9311224
445	0.9311405
446	0.9311586
447	0.9311765
448	0.9311943
449	0.931212
450	0.9312295
451	0.931247
452	0.9312643
453	0.9312815
454	0.9312986
455	0.9313156
456	0.9313324
457	0.9313492
458	0.9313658
459	0.9313823
460	0.9313988
461	0.9314151
462	0.9314313
463	0.9314474
464	0.9314634
465	0.9314792
466	0.931495
467	0.9315107
468	0.9315263
469	0.9315418
470	0.9315572
471	0.9315724
472	0.9315876
473	0.9316027
474	0.9316177
475	0.9316326
476	0.9316474
477	0.9316621
478	0.9316768
479	0.9316913
480	0.9317057
481	0.9317201
482	0.9317343
483	0.9317485
484	0.9317626
485	0.9317766
486	0.9317905
487	0.9318043
488	0.9318181
489	0.9318317
490	0.9318453
491	0.9318588
492	0.9318722
493	0.9318856
494	0.9318988
495	0.931912
496	0.9319251
497	0.9319381
498	0.9319511
499	0.9319639
500	0.9319767
501	0.9319894
502	0.9320021
503	0.9320146
504	0.9320271
505	0.9320396
506	0.9320519
507	0.9320642
508	0.9320764
509	0.9320885
510	0.9321006
511	0.9321126
512	0.9321246
513	0.9321364
514	0.9321482
515	0.93216
516	0.9321716
517	0.9321832
518	0.9321948
519	0.9322062
520	0.9322176
521	0.932229
522	0.9322403
523	0.9322515
524	0.9322627
525	0.9322738
526	0.9322848
527	0.9322958
528	0.9323067
529	0.9323176
530	0.9323284
531	0.9323391
532	0.9323498
533	0.9323604
534	0.932371
535	0.9323815
536	0.932392
537	0.9324024
538	0.9324127
539	0.932423
540	0.9324333
541	0.9324434
542	0.9324536
543	0.9324637
544	0.9324737
545	0.9324837
546	0.9324936
547	0.9325035
548	0.9325133
549	0.9325231
550	0.9325328
551	0.9325425
552	0.9325521
553	0.9325617
554	0.9325712
555	0.9325807
556	0.9325901
557	0.9325995
558	0.9326089
559	0.9326181
560	0.9326274
561	0.9326366
562	0.9326458
563	0.9326549
564	0.9326639
565	0.932673
566	0.9326819
567	0.9326909
568	0.9326998
569	0.9327086
570	0.9327174
571	0.9327262
572	0.9327349
573	0.9327436
574	0.9327522
575	0.9327608
576	0.9327694
577	0.9327779
578	0.9327864
579	0.9327948
580	0.9328032
581	0.9328116
582	0.9328199
583	0.9328282
584	0.9328364
585	0.9328446
586	0.9328528
587	0.9328609
588	0.932869
589	0.9328771
590	0.9328851
591	0.9328931
592	0.932901
593	0.9329089
594	0.9329168
595	0.9329247
596	0.9329325
597	0.9329402
598	0.932948
599	0.9329557
600	0.9329633
601	0.932971
602	0.9329786
603	0.9329861
604	0.9329937
605	0.9330012
606	0.9330086
607	0.9330161
608	0.9330235
609	0.9330309
610	0.9330382
611	0.9330455
612	0.9330528
613	0.93306
614	0.9330672
615	0.9330744
616	0.9330816
617	0.9330887
618	0.9330958
619	0.9331029
620	0.9331099
621	0.9331169
622	0.9331239
623	0.9331308
624	0.9331378
625	0.9331447
626	0.9331515
627	0.9331584
628	0.9331652
629	0.9331719
630	0.9331787
631	0.9331854
632	0.9331921
633	0.9331988
634	0.9332054
635	0.9332121
636	0.9332187
637	0.9332252
638	0.9332318
639	0.9332383
640	0.9332448
641	0.9332512
642	0.9332577
643	0.9332641
644	0.9332705
645	0.9332768
646	0.9332832
647	0.9332895
648	0.9332958
649	0.933302
650	0.9333083
651	0.9333145
652	0.9333207
653	0.9333269
654	0.933333
655	0.9333391
656	0.9333452
657	0.9333513
658	0.9333574
659	0.9333634
660	0.9333694
661	0.9333754
662	0.9333814
663	0.9333873
664	0.9333933
665	0.9333992
666	0.933405
667	0.9334109
668	0.9334167
669	0.9334226
670	0.9334284
671	0.9334341
672	0.9334399
673	0.9334456
674	0.9334513
675	0.933457
676	0.9334627
677	0.9334684
678	0.933474
679	0.9334796
680	0.9334852
681	0.9334908
682	0.9334963
683	0.9335019
684	0.9335074
685	0.9335129
686	0.9335184
687	0.9335238
688	0.9335293
689	0.9335347
690	0.9335401
691	0.9335455
692	0.9335509
693	0.9335562
694	0.9335615
695	0.9335669
696	0.9335722
697	0.9335774
698	0.9335827
699	0.933588
700	0.9335932
701	0.9335984
702	0.9336036
703	0.9336088
704	0.9336139
705	0.9336191
706	0.9336242
707	0.9336293
708	0.9336344
709	0.9336395
710	0.9336446
711	0.9336496
712	0.9336546
713	0.9336597
714	0.9336647
715	0.9336696
716	0.9336746
717	0.9336796
718	0.9336845
719	0.9336894
720	0.9336943
721	0.9336992
722	0.9337041
723	0.933709
724	0.9337138
725	0.9337187
726	0.9337235
727	0.9337283
728	0.9337331
729	0.9337379
730	0.9337426
731	0.9337474
732	0.9337521
733	0.9337568
734	0.9337615
735	0.9337662
736	0.9337709
737	0.9337756
738	0.9337802
739	0.9337849
740	0.9337895
741	0.9337941
742	0.9337987
743	0.9338033
744	0.9338079
745	0.9338124
746	0.933817
747	0.9338215
748	0.933826
749	0.9338305
750	0.933835
751	0.9338395
752	0.933844
753	0.9338485
754	0.9338529
755	0.9338573
756	0.9338618
757	0.9338662
758	0.9338706
759	0.933875
760	0.9338793
761	0.9338837
762	0.9338881
763	0.9338924
764	0.9338967
765	0.933901
766	0.9339053
767	0.9339096
768	0.9339139
769	0.9339182
770	0.9339225
771	0.9339267
772	0.933931
773	0.9339352
774	0.9339394
775	0.9339436
776	0.9339478
777	0.933952
778	0.9339562
779	0.9339603
780	0.9339645
781	0.9339686
782	0.9339728
783	0.9339769
784	0.933981
785	0.9339851
786	0.9339892
787	0.9339933
788	0.9339974
789	0.9340014
790	0.9340055
791	0.9340095
792	0.9340136
793	0.9340176
794	0.9340216
795	0.9340256
796	0.9340296
797	0.9340336
798	0.9340376
799	0.9340415
800	0.9340455
801	0.9340495
802	0.9340534
803	0.9340573
804	0.9340612
805	0.9340652
806	0.9340691
807	0.934073
808	0.9340769
809	0.9340807
810	0.9340846
811	0.9340885
812	0.9340923
813	0.9340962
814	0.9341
815	0.9341038
816	0.9341076
817	0.9341115
818	0.9341153
819	0.934119
820	0.9341228
821	0.9341266
822	0.9341304
823	0.9341341
824	0.9341379
825	0.9341416
826	0.9341454
827	0.9341491
828	0.9341528
829	0.9341565
830	0.9341603
831	0.934164
832	0.9341676
833	0.9341713
834	0.934175
835	0.9341787
836	0.9341823
837	0.934186
838	0.9341896
839	0.9341933
840	0.9341969
841	0.9342005
842	0.9342042
843	0.9342078
844	0.9342114
845	0.934215
846	0.9342185
847	0.9342221
848	0.9342257
849	0.9342293
850	0.9342328
851	0.9342364
852	0.9342399
853	0.9342435
854	0.934247
855	0.9342505
856	0.9342541
857	0.9342576
858	0.9342611
859	0.9342646
860	0.9342681
861	0.9342716
862	0.9342751
863	0.9342785
864	0.934282
865	0.9342855
866	0.9342889
867	0.9342924
868	0.9342958
869	0.9342993
870	0.9343027
871	0.9343061
872	0.9343095
873	0.934313
874	0.9343164
875	0.9343198
876	0.9343232
877	0.9343266
878	0.9343299
879	0.9343333
880	0.9343367
881	0.9343401
882	0.9343434
883	0.9343468
884	0.9343501
885	0.9343535
886	0.9343568
887	0.9343601
888	0.9343635
889	0.9343668
890	0.9343701
891	0.9343734
892	0.9343767
893	0.93438
894	0.9343833
895	0.9343866
896	0.9343899
897	0.9343932
898	0.9343965
899	0.9343997
900	0.934403
901	0.9344063
902	0.9344095
903	0.9344128
904	0.934416
905	0.9344193
906	0.9344225
907	0.9344257
908	0.934429
909	0.9344322
910	0.9344354
911	0.9344386
912	0.9344418
913	0.934445
914	0.9344482
915	0.9344514
916	0.9344546
917	0.9344578
918	0.934461
919	0.9344641
920	0.9344673
921	0.9344705
922	0.9344736
923	0.9344768
924	0.9344799
925	0.9344831
926	0.9344862
927	0.9344894
928	0.9344925
929	0.9344956
930	0.9344988
931	0.9345019
932	0.934505
933	0.9345081
934	0.9345112
935	0.9345143
936	0.9345174
937	0.9345205
938	0.9345236
939	0.9345267
940	0.9345298
941	0.9345329
942	0.934536
943	0.934539
944	0.9345421
945	0.9345452
946	0.9345482
947	0.9345513
948	0.9345543
949	0.9345574
950	0.9345604
951	0.9345635
952	0.9345665
953	0.9345695
954	0.9345726
955	0.9345756
956	0.9345786
957	0.9345817
958	0.9345847
959	0.9345877
960	0.9345907
961	0.9345937
962	0.9345967
963	0.9345997
964	0.9346027
965	0.9346057
966	0.9346087
967	0.9346117
968	0.9346146
969	0.9346176
970	0.9346206
971	0.9346236
972	0.9346265
973	0.9346295
974	0.9346325
975	0.9346354
976	0.9346384
977	0.9346413
978	0.9346443
979	0.9346472
980	0.9346502
981	0.9346531
982	0.9346561
983	0.934659
984	0.9346619
985	0.9346649
986	0.9346678
987	0.9346707
988	0.9346736
989	0.9346765
990	0.9346794
991	0.9346824
992	0.9346853
993	0.9346882
994	0.9346911
995	0.934694
996	0.9346969
997	0.9346998
998	0.9347026
999	0.9347055
1000	0.9347084
1001	0.9347113
1002	0.9347142
1003	0.9347171
1004	0.9347199
1005	0.9347228
1006	0.9347257
1007	0.9347285
1008	0.9347314
1009	0.9347343
1010	0.9347371
1011	0.93474
1012	0.9347428
1013	0.9347457
1014	0.9347485
1015	0.9347514
1016	0.9347542
1017	0.9347571
1018	0.9347599
1019	0.9347627
1020	0.9347656
1021	0.9347684
1022	0.9347712
1023	0.9347741
1024	0.9347769
1025	0.9347797
1026	0.9347825
1027	0.9347853
1028	0.9347882
1029	0.934791
1030	0.9347938
1031	0.9347966
1032	0.9347994
1033	0.9348022
1034	0.934805
1035	0.9348078
1036	0.9348106
1037	0.9348134
1038	0.9348162
1039	0.934819
1040	0.9348218
1041	0.9348245
1042	0.9348273
1043	0.9348301
1044	0.9348329
1045	0.9348357
1046	0.9348384
1047	0.9348412
1048	0.934844
1049	0.9348468
1050	0.9348495
1051	0.9348523
1052	0.9348551
1053	0.9348578
1054	0.9348606
1055	0.9348633
1056	0.9348661
1057	0.9348689
1058	0.9348716
1059	0.9348744
1060	0.9348771
1061	0.9348799
1062	0.9348826
1063	0.9348853
1064	0.9348881
1065	0.9348908
1066	0.9348936
1067	0.9348963
1068	0.934899
1069	0.9349018
1070	0.9349045
1071	0.9349072
1072	0.93491
1073	0.9349127
1074	0.9349154
1075	0.9349181
1076	0.9349209
1077	0.9349236
1078	0.9349263
1079	0.934929
1080	0.9349317
1081	0.9349344
1082	0.9349372
1083	0.9349399
1084	0.9349426
1085	0.9349453
1086	0.934948
1087	0.9349507
1088	0.9349534
1089	0.9349561
1090	0.9349588
1091	0.9349615
1092	0.9349642
1093	0.9349669
1094	0.9349696
1095	0.9349723
1096	0.934975
1097	0.9349777
1098	0.9349804
1099	0.934983
1100	0.9349857
1101	0.9349884
1102	0.9349911
1103	0.9349938
1104	0.9349965
1105	0.9349991
1106	0.9350018
1107	0.9350045
1108	0.9350072
1109	0.9350099
1110	0.9350125
1111	0.9350152
1112	0.9350179
1113	0.9350205
1114	0.9350232
1115	0.9350259
1116	0.9350285
1117	0.9350312
1118	0.9350339
1119	0.9350365
1120	0.9350392
1121	0.9350419
1122	0.9350445
1123	0.9350472
1124	0.9350498
1125	0.9350525
1126	0.9350552
1127	0.9350578
1128	0.9350605
1129	0.9350631
1130	0.9350658
1131	0.9350747
1132	0.9350773
1133	0.9350799
1134	0.9350826
1135	0.9350852
1136	0.9350879
1137	0.9350905
1138	0.9350931
1139	0.9350958
1140	0.9350984
1141	0.935101
1142	0.9351037
1143	0.9351063
1144	0.9351089
1145	0.9351116
1146	0.9351142
1147	0.9351168
1148	0.9351194
1149	0.9351221
1150	0.9351247
1151	0.9351273
1152	0.9351299
1153	0.9351326
1154	0.9351352
1155	0.9351378
1156	0.9351404
1157	0.935143
1158	0.9351457
1159	0.9351483
1160	0.9351509
1161	0.9351535
1162	0.9351561
1163	0.9351587
1164	0.9351614
1165	0.935164
1166	0.9351666
1167	0.9351692
1168	0.9351718
1169	0.9351744
1170	0.935177
1171	0.9351796
1172	0.9351822
1173	0.9351848
1174	0.9351874
1175	0.9351901
1176	0.9351927
1177	0.9351953
1178	0.9351979
1179	0.9352005
1180	0.9352031
1181	0.9352057
1182	0.9352083
1183	0.9352109
1184	0.9352135
1185	0.9352161
1186	0.9352187
1187	0.9352213
1188	0.9352239
1189	0.9352265
1190	0.9352291
1191	0.9352317
1192	0.9352343
1193	0.9352369
1194	0.9352394
1195	0.935242
1196	0.9352446
1197	0.9352472
1198	0.9352498
1199	0.9352524
1200	0.935255
1201	0.9352576
1202	0.9352602
1203	0.9352628
1204	0.9352654
1205	0.935268
1206	0.9352705
1207	0.9352731
1208	0.9352757
1209	0.9352783
1210	0.9352809
1211	0.9352835
1212	0.9352861
1213	0.9352886
1214	0.9352912
1215	0.9352938
1216	0.9352964
1217	0.935299
1218	0.9353016
1219	0.9353042
1220	0.9353067
1221	0.9353093
1222	0.9353119
1223	0.9353145
1224	0.9353171
1225	0.9353197
1226	0.9353222
1227	0.9353248
1228	0.9353274
1229	0.93533
1230	0.9353326
1231	0.9353351
1232	0.9353377
1233	0.9353403
1234	0.9353429
1235	0.9353455
1236	0.935348
1237	0.9353506
1238	0.9353532
1239	0.9353558
1240	0.9353583
1241	0.9353609
1242	0.9353635
1243	0.9353661
1244	0.9353687
1245	0.9353712
1246	0.9353738
1247	0.9353764
1248	0.935379
1249	0.9353815
1250	0.9353841
1251	0.9353867
1252	0.9353893
1253	0.9353918
1254	0.9353944
1255	0.935397
1256	0.9353996
1257	0.9354021
1258	0.9354047
1259	0.9354073
1260	0.9354099
1261	0.9354124
1262	0.935415
1263	0.9354176
1264	0.9354202
1265	0.9354227
1266	0.9354253
1267	0.9354279
1268	0.9354305
1269	0.935433
1270	0.9354356
1271	0.9354382
1272	0.9354408
1273	0.9354433
1274	0.9354459
1275	0.9354485
1276	0.9354511
1277	0.9354536
1278	0.9354562
1279	0.9354588
1280	0.9354613
1281	0.9354639
1282	0.9354665
1283	0.9354691
1284	0.9354716
1285	0.9354742
1286	0.9354768
1287	0.9354794
1288	0.9354819
1289	0.9354845
1290	0.9354871
1291	0.9354897
1292	0.9354922
1293	0.9354948
1294	0.9354974
1295	0.9355
1296	0.9355025
1297	0.9355051
1298	0.9355077
1299	0.9355103
1300	0.9355128
1301	0.9355154
1302	0.935518
1303	0.9355206
1304	0.9355231
1305	0.9355257
1306	0.9355283
1307	0.9355309
1308	0.9355334
1309	0.935536
1310	0.9355386
1311	0.9355412
1312	0.9355437
1313	0.9355463
1314	0.9355489
1315	0.9355515
1316	0.9355541
1317	0.9355566
1318	0.9355592
1319	0.9355618
1320	0.9355644
1321	0.9355669
1322	0.9355695
1323	0.9355721
1324	0.9355747
1325	0.9355773
1326	0.9355798
1327	0.9355824
1328	0.935585
1329	0.9355876
1330	0.9355902
1331	0.9355927
1332	0.9355953
1333	0.9355979
1334	0.9356005
1335	0.9356031
1336	0.9356057
1337	0.9356082
1338	0.9356108
1339	0.9356134
1340	0.935616
1341	0.9356186
1342	0.9356212
1343	0.9356237
1344	0.9356263
1345	0.9356289
1346	0.9356315
1347	0.9356341
1348	0.9356367
1349	0.9356393
1350	0.9353812
1351	0.935376
1352	0.9353332
1353	0.9353824
1354	0.9349568
1355	0.934962
1356	0.9345602
1357	0.9338727
1358	0.9334463
1359	0.9329515
1360	0.9332734
1361	0.9324253
1362	0.9315832
1363	0.9309115
1364	0.9299358
1365	0.9285685
1366	0.9272572
1367	0.9253579
1368	0.9230576
1369	0.9193777
1370	0.9152343
1371	0.9095563
1372	0.902426
1373	0.894135
1374	0.8846251
1375	0.8753495
1376	0.8649024
1377	0.8555213
1378	0.8469206
1379	0.8389786
1380	0.8340325
1381	0.8316447
1382	0.8288008
1383	0.8276284
1384	0.82794
1385	0.8295406
1386	0.8323933
1387	0.8361806
1388	0.8400672
1389	0.8438962
1390	0.8481883
1391	0.8526082
1392	0.857811
1393	0.8622419
1394	0.8671152
1395	0.8725587
1396	0.8753799
1397	0.8799557
1398	0.8833625
1399	0.8872366
1400	0.8921717
1401	0.8939976
1402	0.8973641
1403	0.899681
1404	0.9028258
1405	0.9054855
1406	0.907526
1407	0.9096116
1408	0.9118127
1409	0.9136431
1410	0.9151207
1411	0.9169322
1412	0.9184291
1413	0.9198936
1414	0.9212903
1415	0.9224143
1416	0.9232783
1417	0.9244244
1418	0.9256238
1419	0.9263822
1420	0.9270507
1421	0.9280769
1422	0.9289315
1423	0.9297705
1424	0.9305246
1425	0.9311132
1426	0.931897
1427	0.9323451
1428	0.9328755
1429	0.9334075
1430	0.9338571
1431	0.9345111
1432	0.935163
1433	0.9356917
1434	0.9358607
1435	0.9358633
1436	0.935866
1437	0.9358686
1438	0.9358712
1439	0.9358739
1440	0.9358765
1441	0.9358791
1442	0.9358818
1443	0.9358844
1444	0.935887
1445	0.9358897
1446	0.9358923
1447	0.9358949
1448	0.9358976
1449	0.9359002
1450	0.9359029
1451	0.9359055
1452	0.9359081
1453	0.9359108
1454	0.9359134
1455	0.9359161
1456	0.9359187
1457	0.9359213
1458	0.935924
1459	0.9359266
1460	0.9359293
1461	0.9359319
1462	0.9359346
1463	0.9359372
1464	0.9359399
1465	0.9359425
1466	0.9359452
1467	0.9359478
1468	0.9359505
1469	0.9359531
1470	0.9359558
1471	0.9359584
1472	0.9359611
1473	0.9359637
1474	0.9359664
1475	0.9359691
1476	0.9359717
1477	0.9359744
1478	0.935977
1479	0.9359797
1480	0.9359823
1481	0.935985
1482	0.9359877
1483	0.9359903
1484	0.935993
1485	0.9359957
1486	0.9359983
1487	0.936001
1488	0.9360037
1489	0.9360063
1490	0.936009
1491	0.9360117
1492	0.9360143
1493	0.936017
1494	0.9360197
1495	0.9360223
1496	0.936025
1497	0.9360277
1498	0.9360304
1499	0.936033
1500	0.9360357
1501	0.9360384
1502	0.9360411
1503	0.9360438
1504	0.9360464
1505	0.9360491
1506	0.9360518
1507	0.9360545
1508	0.9360572
1509	0.9360598
1510	0.9360625
1511	0.9360652
1512	0.9360679
1513	0.9360706
1514	0.9360733
1515	0.936076
1516	0.9360787
1517	0.9360814
1518	0.936084
1519	0.9360867
1520	0.9360894
1521	0.9360921
1522	0.9360948
1523	0.9360975
1524	0.9361002
1525	0.9361029
1526	0.9361056
1527	0.9361083
1528	0.936111
1529	0.9361137
1530	0.9361164
1531	0.9361191
1532	0.9361218
1533	0.9361245
1534	0.9361272
1535	0.9361299
1536	0.9361326
1537	0.9361354
1538	0.9361381
1539	0.9361408
1540	0.9361435
1541	0.9361462
1542	0.9361489
1543	0.9361516
1544	0.9361543
1545	0.9361571
1546	0.9361598
1547	0.9361625
1548	0.9361652
1549	0.9361679
1550	0.9361706
1551	0.9361734
1552	0.9361761
1553	0.9361788
1554	0.9361815
1555	0.9361843
1556	0.936187
1557	0.9361897
1558	0.9361924
1559	0.9361952
1560	0.9361979
1561	0.9362006
1562	0.9362034
1563	0.9362061
1564	0.9362088
1565	0.9362116
1566	0.9362143
1567	0.936217
1568	0.9362198
1569	0.9362225
1570	0.9362253
1571	0.936228
1572	0.9362307
1573	0.9362335
1574	0.9362362
1575	0.936239
1576	0.9362417
1577	0.9362445
1578	0.9362472
1579	0.93625
1580	0.9362527
1581	0.9362555
1582	0.9362582
1583	0.936261
1584	0.9362637
1585	0.9362665
1586	0.9362692
1587	0.936272
1588	0.9362747
1589	0.9362775
1590	0.9362803
1591	0.936283
1592	0.9362858
1593	0.9362885
1594	0.9362913
1595	0.9362941
1596	0.9362968
1597	0.9362996
1598	0.9363024
1599	0.9363051
1600	0.9363079
1601	0.9363107
1602	0.9363135
1603	0.9363162
1604	0.936319
1605	0.9363218
1606	0.9363246
1607	0.9363273
1608	0.9363301
1609	0.9363329
1610	0.9363357
1611	0.9363385
1612	0.9363412
1613	0.936344
1614	0.9363468
1615	0.9363496
1616	0.9363524
1617	0.9363552
1618	0.936358
1619	0.9363608
1620	0.9363635
1621	0.9363663
1622	0.9363691
1623	0.9363719
1624	0.9363747
1625	0.9363775
1626	0.9363803
1627	0.9363831
1628	0.9363859
1629	0.9363887
1630	0.9363915
1631	0.9363943
1632	0.9363971
1633	0.9363999
1634	0.9364027
1635	0.9364055
1636	0.9364084
1637	0.9364112
1638	0.936414
1639	0.9364168
1640	0.9364196
1641	0.9364224
1642	0.9364252
1643	0.936428
1644	0.9364309
1645	0.9364337
1646	0.9364365
1647	0.9364393
1648	0.9364421
1649	0.936445
1650	0.9364478
1651	0.9364506
1652	0.9364534
1653	0.9364563
1654	0.9364591
1655	0.9364619
1656	0.9364648
1657	0.9364676
1658	0.9364704
1659	0.9364733
1660	0.9364761
1661	0.9364789
1662	0.9364818
1663	0.9364846
1664	0.9364875
1665	0.9364903
1666	0.9364931
1667	0.936496
1668	0.9364988
1669	0.9365017
1670	0.9365045
1671	0.9365074
1672	0.9365102
1673	0.9365131
1674	0.9365159
1675	0.9365188
1676	0.9365216
1677	0.9365245
1678	0.9365274
1679	0.9365302
1680	0.9365331
1681	0.9365359
1682	0.9365388
1683	0.9365417
1684	0.9365445
1685	0.9365474
1686	0.9365503
1687	0.9365531
1688	0.936556
1689	0.9365589
1690	0.9365617
1691	0.9365646
1692	0.9365675
1693	0.9365704
1694	0.9365732
1695	0.9365761
1696	0.936579
1697	0.9365819
1698	0.9365847
1699	0.9365876
1700	0.9365905
1701	0.9365934
1702	0.9365963
1703	0.9365992
1704	0.9366021
1705	0.9366049
1706	0.9366078
1707	0.9366107
1708	0.9366136
1709	0.9366165
1710	0.9366194
1711	0.9366223
1712	0.9366252
1713	0.9366281
1714	0.936631
1715	0.9366339
1716	0.9366368
1717	0.9366397
1718	0.9366426
1719	0.9366455
1720	0.9366484
1721	0.9366513
1722	0.9366543
1723	0.9366572
1724	0.9366601
1725	0.936663
1726	0.9366659
1727	0.9366688
1728	0.9366717
1729	0.9366747
1730	0.9366776
1731	0.9366805
1732	0.9366834
1733	0.9366864
1734	0.9366893
1735	0.9366922
1736	0.9366951
1737	0.9366981
1738	0.936701
1739	0.9367039
1740	0.9367069
1741	0.9367098
1742	0.9367127
1743	0.9367157
1744	0.9367186
1745	0.9367215
1746	0.9367245
1747	0.9367274
1748	0.9367304
1749	0.9367333
1750	0.9367363
1751	0.9367392
1752	0.9367422
1753	0.9367451
1754	0.9367481
1755	0.936751
1756	0.936754
1757	0.9367569
1758	0.9367599
1759	0.9367628
1760	0.9367658
1761	0.9367688
1762	0.9367717
1763	0.9367747
1764	0.9367776
1765	0.9367806
1766	0.9367836
1767	0.9367865
1768	0.9367895
1769	0.9367925
1770	0.9367955
1771	0.9367984
1772	0.9368014
1773	0.9368044
1774	0.9368074
1775	0.9368103
1776	0.9368133
1777	0.9368163
1778	0.9368193
1779	0.9368223
1780	0.9368253
1781	0.9368282
1782	0.9368312
1783	0.9368342
1784	0.9368372
1785	0.9368402
1786	0.9368432
1787	0.9368462
1788	0.9368492
1789	0.9368522
1790	0.9368552
1791	0.9368582
1792	0.9368612
1793	0.9368642
1794	0.9368672
1795	0.9368702
1796	0.9368732
1797	0.9368762
1798	0.9368792
1799	0.9368822
1800	0.9368852
1801	0.9368883
1802	0.9368913
1803	0.9368943
1804	0.9368973
1805	0.9369003
1806	0.9369033
1807	0.9369064
1808	0.9369094
1809	0.9369124
1810	0.9369154
1811	0.9369185
1812	0.9369215
1813	0.9369245
1814	0.9369276
1815	0.9369306
1816	0.9369336
1817	0.9369367
1818	0.9369397
1819	0.9369427
1820	0.9369458
1821	0.9369488
1822	0.9369519
1823	0.9369549
1824	0.9369579
1825	0.936961
1826	0.936964
1827	0.9369671
1828	0.9369701
1829	0.9369732
1830	0.9369762
1831	0.9369793
1832	0.9369824
1833	0.9369854
1834	0.9369885
1835	0.9369915
1836	0.9369946
1837	0.9369977
1838	0.9370007
1839	0.9370038
1840	0.9370069
1841	0.9370099
1842	0.937013
1843	0.9370161
1844	0.9370191
1845	0.9370222
1846	0.9370253
1847	0.9370284
1848	0.9370314
1849	0.9370345
1850	0.9370376
1851	0.9370407
1852	0.9370438
1853	0.9370469
1854	0.93705
1855	0.937053
1856	0.9370561
1857	0.9370592
1858	0.9370623
1859	0.9370654
1860	0.9370685
1861	0.9370716
1862	0.9370747
1863	0.9370778
1864	0.9370809
1865	0.937084
1866	0.9370871
1867	0.9370902
1868	0.9370933
1869	0.9370964
1870	0.9370995
1871	0.9371027
1872	0.9371058
1873	0.9371089
1874	0.937112
1875	0.9371151
1876	0.9371182
1877	0.9371214
1878	0.9371245
1879	0.9371276
1880	0.9371307
1881	0.9371338
1882	0.937137
1883	0.9371401
1884	0.9371432
1885	0.9371464
1886	0.9371495
1887	0.9371526
1888	0.9371558
1889	0.9371589
1890	0.937162
1891	0.9371652
1892	0.9371683
1893	0.9371715
1894	0.9371746
1895	0.9371778
1896	0.9371809
1897	0.9371841
1898	0.9371872
1899	0.9371904
1900	0.9371935
1901	0.9371967
1902	0.9371998
1903	0.937203
1904	0.9372061
1905	0.9372093
1906	0.9372125
1907	0.9372156
1908	0.9372188
1909	0.937222
1910	0.9372251
1911	0.9372283
1912	0.9372315
1913	0.9372347
1914	0.9372378
1915	0.937241
1916	0.9372442
1917	0.9372474
1918	0.9372505
1919	0.9372537
1920	0.9372569
1921	0.9372601
1922	0.9372633
1923	0.9372665
1924	0.9372697
1925	0.9372728
1926	0.937276
1927	0.9372792
1928	0.9372824
1929	0.9372856
1930	0.9372888
1931	0.937292
1932	0.9372952
1933	0.9372984
1934	0.9373016
1935	0.9373048
1936	0.937308
1937	0.9373113
1938	0.9373145
1939	0.9373177
1940	0.9373209
1941	0.9373241
1942	0.9373273
1943	0.9373305
1944	0.9373338
1945	0.937337
1946	0.9373402
1947	0.9373434
1948	0.9373467
1949	0.9373499
1950	0.9373531
1951	0.9373563
1952	0.9373596
1953	0.9373628
1954	0.937366
1955	0.9373693
1956	0.9373725
1957	0.9373758
1958	0.937379
1959	0.9373822
1960	0.9373855
1961	0.9373887
1962	0.937392
1963	0.9373952
1964	0.9373985
1965	0.9374017
1966	0.937405
1967	0.9374082
1968	0.9374115
1969	0.9374148
1970	0.937418
1971	0.9374213
1972	0.9374245
1973	0.9374278
1974	0.9374311
1975	0.9374343
1976	0.9374376
1977	0.9374409
1978	0.9374441
1979	0.9374474
1980	0.9374507
1981	0.937454
1982	0.9374572
1983	0.9374605
1984	0.9374638
1985	0.9374671
1986	0.9374704
1987	0.9374737
1988	0.9374769
1989	0.9374802
1990	0.9374835
1991	0.9374868
1992	0.9374901
1993	0.9374934
1994	0.9374967
1995	0.9375
1996	0.9375033
1997	0.9375066
1998	0.9375099
1999	0.9375132
2000	0.9375165
2001	0.9375198
2002	0.9375231
2003	0.9375264
2004	0.9375298
2005	0.9375331
2006	0.9375364
2007	0.9375397
2008	0.937543
2009	0.9375463
2010	0.9375497
2011	0.937553
2012	0.9375563
2013	0.9375596
2014	0.937563
2015	0.9375663
2016	0.9375696
2017	0.937573
2018	0.9375763
2019	0.9375796
2020	0.937583
2021	0.9375863
2022	0.9375897
2023	0.937593
2024	0.9375963
2025	0.9375997
2026	0.937603
2027	0.9377106
2028	0.9374335
2029	0.9371621
2030	0.9370382
2031	0.936807
2032	0.9365264
2033	0.9362062
2034	0.9359506
2035	0.9357303
2036	0.9354505
2037	0.9351062
2038	0.9349013
2039	0.9348889
2040	0.9347785
2041	0.9346815
2042	0.9343463
2043	0.9341066
2044	0.9338066
2045	0.9333521
2046	0.9331125
2047	0.9329775
2048	0.932733
2049	0.9325088
2050	0.9324898
2051	0.9322744
2052	0.9320081
2053	0.9319404
2054	0.9318111
2055	0.931752
2056	0.931632
2057	0.9317981
2058	0.9316958
2059	0.9314279
2060	0.9311811
2061	0.9311334
2062	0.9308512
2063	0.9308066
2064	0.9310533
2065	0.931132
2066	0.9309875
2067	0.9310011
2068	0.9310899
2069	0.9312897
2070	0.9311064
2071	0.9310725
2072	0.9311247
2073	0.9311444
2074	0.9311921
2075	0.9313046
2076	0.9314097
2077	0.931431
2078	0.9312922
2079	0.9313661
2080	0.9314436
2081	0.9316573
2082	0.9316408
2083	0.9316423
2084	0.9316953
2085	0.9316065
2086	0.9316632
2087	0.9315781
2088	0.9315144
2089	0.9314755
2090	0.931326
2091	0.9312362
2092	0.9310897
2093	0.931028
2094	0.930894
2095	0.9308179
2096	0.9308243
2097	0.9304964
2098	0.9303393
2099	0.9303539
2100	0.9302549
2101	0.9303924
2102	0.9300728
2103	0.9297352
2104	0.929679
2105	0.9294803
2106	0.9293815
2107	0.9292357
2108	0.9290384
2109	0.9289212
2110	0.9286929
2111	0.9283868
2112	0.9281536
2113	0.927975
2114	0.9278033
2115	0.9275621
2116	0.9274086
2117	0.9271948
2118	0.9268891
2119	0.9267333
2120	0.9265572
2121	0.9261774
2122	0.9258341
2123	0.9255425
2124	0.9250344
2125	0.924911
2126	0.9244043
2127	0.9240533
2128	0.9236924
2129	0.9232839
2130	0.9229075
2131	0.9221754
2132	0.9216436
2133	0.9212173
2134	0.9207493
2135	0.919997
2136	0.9192122
2137	0.9187238
2138	0.9177117
2139	0.9169038
2140	0.9159077
2141	0.9148973
2142	0.9139422
2143	0.9129336
2144	0.9121925
2145	0.9106891
2146	0.9094394
2147	0.908214
2148	0.9068468
2149	0.9058022
2150	0.9046198
2151	0.9031028
2152	0.9019995
2153	0.9007175
2154	0.89953
2155	0.8983106
2156	0.8971997
2157	0.8960478
2158	0.8948767
2159	0.8936844
2160	0.8926555
2161	0.8913572
2162	0.89006
2163	0.8889261
2164	0.8876157
2165	0.8862891
2166	0.8850364
2167	0.883469
2168	0.8818845
2169	0.8803635
2170	0.8790332
2171	0.8773007
2172	0.8752142
2173	0.8732879
2174	0.8711197
2175	0.8687921
2176	0.8662242
2177	0.8634973
2178	0.8608099
2179	0.8574958
2180	0.8545251
2181	0.8504005
2182	0.8462435
2183	0.8413651
2184	0.836723
2185	0.831079
2186	0.8242401
2187	0.8172382
2188	0.8091286
2189	0.8004362
2190	0.7914182
2191	0.7804633
2192	0.7690412
2193	0.7573582
2194	0.7446746
2195	0.7313012
2196	0.7167547
2197	0.7019691
2198	0.6885995
2199	0.674395
2200	0.6596852
2201	0.6468111
2202	0.6351655
2203	0.623816
2204	0.6139362
2205	0.6058447
2206	0.5989912
2207	0.5938722
2208	0.589387
2209	0.5866005
2210	0.585129
2211	0.5847971
2212	0.585317
2213	0.5867994
2214	0.5891659
2215	0.5922045
2216	0.5955709
2217	0.5997437
2218	0.6037788
2219	0.6079075
2220	0.6121924
2221	0.6166068
2222	0.6211338
2223	0.6256876
2224	0.6299227
2225	0.6341075
2226	0.638176
2227	0.6415279
2228	0.6448044
2229	0.6478279
2230	0.650375
2231	0.6528177
2232	0.6546351
2233	0.6562363
2234	0.6581
2235	0.6595616
2236	0.6609428
2237	0.662047
2238	0.6632939
2239	0.6642044
2240	0.6650547
2241	0.6660641
2242	0.6670954
2243	0.6683142
2244	0.6694484
2245	0.6709164
2246	0.6724883
2247	0.6742465
2248	0.6759596
2249	0.6778774
2250	0.6797534
2251	0.6822201
2252	0.6847458
2253	0.687319
2254	0.6900938
2255	0.6930805
2256	0.6960603
2257	0.6991
2258	0.7023301
2259	0.7057554
2260	0.7091839
2261	0.7127893
2262	0.7163481
2263	0.720121
2264	0.7238597
2265	0.7278768
2266	0.7317688
2267	0.7356866
2268	0.7396078
2269	0.7435241
2270	0.7473046
2271	0.7512518
2272	0.7549809
2273	0.758703
2274	0.7623828
2275	0.7659498
2276	0.7695471
2277	0.7732025
2278	0.7768457
2279	0.7803298
2280	0.7837903
2281	0.7873603
2282	0.7904913
2283	0.7938432
2284	0.7970098
2285	0.7996708
2286	0.8027102
2287	0.8057402
2288	0.8086209
2289	0.8115007
2290	0.8142795
2291	0.8170763
2292	0.8197319
2293	0.8223948
2294	0.8246545
2295	0.8269199
2296	0.8295186
2297	0.8320288
2298	0.8342886
2299	0.8365255
2300	0.8388249
2301	0.8411179
2302	0.8431235
2303	0.8452314
2304	0.8473097
2305	0.8491567
2306	0.8511073
2307	0.8531119
2308	0.8550414
2309	0.8567636
2310	0.8584898
2311	0.8599962
2312	0.8612729
2313	0.8628014
2314	0.8642786
2315	0.8657229
2316	0.867122
2317	0.8687079
2318	0.8700888
2319	0.8712491
2320	0.8721785
2321	0.8734672
2322	0.8747427
2323	0.8756848
2324	0.8766224
2325	0.8776913
2326	0.8787559
2327	0.8794962
2328	0.880287
2329	0.8811736
2330	0.8818181
2331	0.8825672
2332	0.8832035
2333	0.8837346
2334	0.8847122
2335	0.885636
2336	0.8860168
2337	0.8866544
2338	0.8870394
2339	0.8875189
2340	0.8882117
2341	0.8887663
2342	0.889396
2343	0.8897497
2344	0.8901755
2345	0.89067
2346	0.8914033
2347	0.8916716
2348	0.8920687
2349	0.8924459
2350	0.8925991
2351	0.8927196
2352	0.8930116
2353	0.8932462
2354	0.8933576
2355	0.8937893
2356	0.8941389
2357	0.8943851
2358	0.8946349
2359	0.8948293
2360	0.8948622
2361	0.8949491
2362	0.8951062
2363	0.8953958
2364	0.8955471
2365	0.8956532
2366	0.8956558
2367	0.8957182
2368	0.895991
2369	0.8960458
2370	0.8959256
2371	0.8959921
2372	0.8959702
2373	0.8962032
2374	0.8963156
2375	0.8961667
2376	0.89595
2377	0.8957377
2378	0.8958777
2379	0.8960306
2380	0.8959202
2381	0.8955936
2382	0.8953872
2383	0.8952634
2384	0.895078
2385	0.8948449
2386	0.8946437
2387	0.8943131
2388	0.8939053
2389	0.893593
2390	0.8932895
2391	0.8930193
2392	0.8925707
2393	0.8918468
2394	0.8911058
2395	0.8904592
2396	0.8898154
2397	0.889285
2398	0.8884956
2399	0.8877663
2400	0.8872192
2401	0.8863805
2402	0.8853971
2403	0.8846077
2404	0.8838984
2405	0.8830993
2406	0.882338
2407	0.8814781
2408	0.880499
2409	0.8795864
2410	0.8786285
2411	0.8777147
2412	0.8768869
2413	0.8760041
2414	0.8750451
2415	0.8739852
2416	0.8731013
2417	0.8721562
2418	0.8710654
2419	0.8702152
2420	0.86936
2421	0.868269
2422	0.8669417
2423	0.8656555
2424	0.8647291
2425	0.8638113
2426	0.8626474
2427	0.8617065
2428	0.8607319
2429	0.8594648
2430	0.8582637
2431	0.8571906
2432	0.8559697
2433	0.8547362
2434	0.8534975
2435	0.8523733
2436	0.8513494
2437	0.8502637
2438	0.849336
2439	0.8483148
2440	0.8469512
2441	0.8456557
2442	0.8445985
2443	0.8436096
2444	0.8426381
2445	0.8416339
2446	0.8403577
2447	0.8393213
2448	0.838343
2449	0.8371573
2450	0.8361236
2451	0.835229
2452	0.8343211
2453	0.8332895
2454	0.8322619
2455	0.8312335
2456	0.82996
2457	0.8288238
2458	0.8277722
2459	0.8268117
2460	0.825863
2461	0.8248695
2462	0.8238478
2463	0.8227224
2464	0.8214556
2465	0.8202624
2466	0.819322
2467	0.8181846
2468	0.8167157
2469	0.8153788
2470	0.8141927
2471	0.8130217
2472	0.8117895
2473	0.8104719
2474	0.8090867
2475	0.8078254
2476	0.8065759
2477	0.8050331
2478	0.803464
2479	0.8021263
2480	0.8007452
2481	0.7991452
2482	0.7975168
2483	0.7961286
2484	0.7946188
2485	0.7929045
2486	0.7912557
2487	0.7894895
2488	0.7877424
2489	0.7858212
2490	0.7841213
2491	0.7822626
2492	0.7805767
2493	0.7787406
2494	0.7769211
2495	0.7749489
2496	0.7729311
2497	0.7710134
2498	0.7690907
2499	0.7670131
2500	0.7649792
2501	0.7627357
2502	0.7604738
2503	0.7582844
2504	0.7560017
2505	0.7534234
2506	0.7509339
2507	0.7485582
2508	0.746226
2509	0.7439056
2510	0.7415868
2511	0.7387197
2512	0.7361458
2513	0.7335558
2514	0.731259
2515	0.7285817
2516	0.7256408
2517	0.7229219
2518	0.7202783
2519	0.7174794
2520	0.7148307
2521	0.7117997
2522	0.7091214
2523	0.7066489
2524	0.7038155
2525	0.7010957
2526	0.6983517
2527	0.6955187
2528	0.6926587
2529	0.6900306
2530	0.687137
2531	0.6842902
2532	0.6810519
2533	0.6781273
2534	0.6749721
2535	0.6718842
2536	0.6690191
2537	0.6662355
2538	0.6634522
2539	0.6606877
2540	0.6579191
2541	0.6551109
2542	0.6522558
2543	0.6491021
2544	0.6461519
2545	0.6429947
2546	0.6399249
2547	0.636663
2548	0.6335782
2549	0.630421
2550	0.6273416
2551	0.624592
2552	0.6218707
2553	0.6194265
2554	0.6169078
2555	0.614358
2556	0.6120715
2557	0.6092694
2558	0.606803
2559	0.6043404
2560	0.6019141
2561	0.599029
2562	0.5963916
2563	0.5934423
2564	0.5904312
2565	0.5874846
2566	0.5848988
2567	0.5822474
2568	0.5795234
2569	0.5771818
2570	0.5747366
2571	0.5724545
2572	0.5705423
2573	0.568237
2574	0.5662489
2575	0.5638914
2576	0.5616818
2577	0.5598033
2578	0.5575932
2579	0.5553789
2580	0.553148
2581	0.5508078
2582	0.5483695
2583	0.5466631
2584	0.5447061
2585	0.5425533
2586	0.5406701
2587	0.538447
2588	0.5364854
2589	0.5340948
2590	0.5316469
2591	0.5295123
2592	0.5278465
2593	0.5259166
2594	0.524288
2595	0.5223243
2596	0.5205195
2597	0.518728
2598	0.517111
2599	0.5147223
2600	0.5132431
2600.67806	0.4959547
2601.78287	0.4989714
2602.88762	0.4946046
2603.71616	0.4932682
2604.82083	0.4889033
2605.92545	0.4859672
2606.75388	0.4901274
2607.85841	0.4858718
2608.68678	0.4814904
2609.79122	0.4826858
2610.89561	0.4780964
2611.72387	0.4793473
2612.82817	0.4786556
2613.93242	0.4712989
2614.76058	0.4718179
2615.86474	0.4715889
2616.69283	0.4698921
2617.7969	0.4688357
2618.90092	0.4638846
2619.7289	0.4645576
2620.83283	0.4588457
2621.66075	0.4567189
2622.76459	0.4601582
2623.86838	0.4538973
2624.69619	0.4469967
2625.7999	0.4465923
2626.90355	0.4405576
2627.73125	0.4516888
2628.83481	0.4449123
2629.66245	0.4414417
2630.76592	0.4400101
2631.86934	0.4391527
2632.69687	0.4294591
2633.8002	0.4252318
2634.90348	0.4210492
2635.73091	0.4168752
2636.83409	0.4154413
2637.66145	0.4169249
2638.76455	0.413239
2639.8676	0.4088346
2640.69485	0.4086397
2641.79781	0.4075339
2642.90071	0.3994721
2643.72786	0.3952054
2644.83068	0.3931716
2645.65775	0.3914679
2646.76048	0.3895663
2647.86315	0.3865024
2648.69012	0.3771033
2649.79271	0.3760646
2650.89524	0.3681736
2651.72211	0.3646111
2652.82455	0.3606246
2653.65134	0.3497465
2654.75369	0.3430288
2655.85599	0.3353904
2656.68268	0.3293965
2657.78489	0.3269889
2658.88705	0.3153344
2659.71363	0.310165
2660.8157	0.30634
2661.64221	0.2970282
2662.74419	0.2928182
2663.84611	0.2792847
2664.67252	0.2778145
2665.77435	0.267499
2666.87613	0.251175
2667.70244	0.2413377
2668.80413	0.23315
2669.90576	0.2166676
2670.73196	0.2131402
2671.8335	0.1874455
2672.65963	0.1873767
2673.76108	0.1809747
2674.86249	0.1561451
2675.6885	0.1570855
2676.78982	0.1342612
2677.89108	0.1258668
2678.71699	0.1117358
2679.81815	0.0976815
2680.644	0.0928323
2681.74507	0.0796251
2682.8461	0.0680864
2683.67183	0.0669316
2684.77276	0.0533134
2685.87365	0.0478021
2686.69927	0.0467942
2687.80006	0.0402818
2688.9008	0.029161
2689.72631	0.0263504
2690.82696	0.0218244
2691.65241	0.0145584
2692.75296	0.015895
2693.85346	0.0070224
2694.6788	0.0046909
2695.77921	0.0072616
2696.87957	0.0019452
2697.7048	0.0077044
2698.80506	0.015714
2699.63023	0.0043284
2700.7304	0.001915
2701.83052	0.0021486
2702.65557	0.0008164
2703.7556	0.0004057
2704.85557	0.000657
2705.68052	0.0035392
2706.7804	0.00681
2707.88023	0.0088224
2708.70507	0.0048182
2709.80481	0.0028238
2710.62957	0.0009644
2711.72922	0.0029977
2712.82881	0.0010913
2713.65347	0.0005566
2714.75297	0.0059293
2715.85241	0.005092
2716.67696	0.000445
2717.77632	0.0033743
2718.87562	0.0006794
2719.70006	0.0027169
2720.79927	0.0050124
2721.62364	0.0033179
2722.72275	0.0066477
2723.82181	0.0016298
2724.64607	4.89E-05
2725.74504	0.0033282
2726.84396	0.0024715
2727.66811	0.0005673
2728.76693	0.001392
2729.8657	0.0053977
2730.68974	0.0080022
2731.78842	0.0048254
2732.88704	0.0025884
2733.71098	0.00303
2734.80951	0.0008692
2735.63337	0.0012329
2736.7318	0.0066865
2737.83019	0.001744
2738.65394	0.0009821
2739.75223	0.0012872
2740.85047	0.0028022
2741.67411	0.0030103
2742.77225	0.0028454
2743.87034	0.003426
2744.69387	0.0042406
2745.79187	0.0004992
2746.61533	0.0049615
2747.71323	0.003043
2748.81108	0.0008458
2749.63443	0.007617
2750.73218	0.0030956
2751.82988	0.0090171
2752.65312	0.0077681
2753.75073	0.0110973
2754.84829	0.0113717
2755.67141	0.0111929
2756.76887	0.0081118
2757.86628	0.0086622
2758.6893	0.0102441
2759.78661	0.008981
2760.60956	0.0058949
2761.70678	0.0110376
2762.80394	0.0114543
2763.62678	0.0117528
2764.72385	0.0162993
2765.82086	0.0121555
2766.64359	0.0064064
2767.74051	0.0073373
2768.83737	0.0060964
2769.65999	0.0054445
2770.75676	0.007928
2771.85348	0.0039279
2772.67598	0.0055775
2773.77261	0.0083088
2774.86918	0.0133696
2775.69157	0.0111514
2776.78804	0.0067074
2777.61036	0.0079947
2778.70675	0.0078891
2779.80307	0.0045755
2780.62528	0.0091774
2781.72151	0.000605
2782.81769	0.0027064
2783.63979	0.0091968
2784.73587	0.0099659
2785.8319	0.0084178
2786.65388	0.0052076
2787.74981	0.0053441
2788.84569	0.0090569
2789.66757	0.0043178
2790.76335	0.0070949
2791.85908	0.0080569
2792.68084	0.0076246
2793.77647	0.0090089
2794.59816	0.0083254
2795.6937	0.0053747
2796.78918	0.0064642
2797.61076	0.004621
2798.70615	0.0082099
2799.80148	0.0017787
2800.62295	0.0043354
2801.71819	0.0038876
2802.81337	0.0029488
2803.63472	0.0030337
2804.72981	0.0080804
2805.82484	0.0051259
2806.64608	0.0016022
2807.74102	0.0047525
2808.8359	0.0057411
2809.65703	0.0043763
2810.75181	0.0035865
2811.84655	0.0012965
2812.66756	0.0008604
2813.7622	0.0016423
2814.85678	0.0014311
2815.67768	0.0016677
2816.77216	0.0008853
2817.59299	0.0084913
2818.68738	0.0105011
2819.78171	0.0176475
2820.60243	0.0203743
2821.69667	0.0196429
2822.79085	0.0182596
2823.61145	0.0179632
2824.70554	0.0219584
2825.79957	0.0292975
2826.62006	0.0249567
2827.71399	0.0301429
2828.80787	0.0265733
2829.62825	0.0310301
2830.72203	0.0363214
2831.81576	0.0319289
2832.63602	0.032115
2833.72965	0.0398071
2834.82323	0.0471524
2835.64337	0.0467304
2836.73685	0.0527786
2837.83028	0.0577963
2838.65031	0.0588991
2839.74364	0.0596491
2840.83691	0.067254
2841.65683	0.0717515
2842.75	0.0761978
2843.84312	0.0820048
2844.66293	0.0832569
2845.75595	0.0853487
2846.84892	0.0896433
2847.66861	0.1007268
2848.76148	0.1030159
2849.58109	0.1072878
2850.67386	0.1095315
2851.76658	0.1168744
2852.58608	0.1252148
2853.6787	0.126252
2854.77127	0.1335151
2855.59066	0.1408713
2856.68312	0.1406869
2857.77553	0.154463
2858.59481	0.1558142
2859.68712	0.1696357
2860.77938	0.174602
2861.59853	0.18019
2862.6907	0.1851072
2863.7828	0.196524
2864.60184	0.1994734
2865.69385	0.1994881
2866.7858	0.2073133
2867.60473	0.2115654
2868.69658	0.223209
2869.78838	0.2304435
2870.60719	0.2385136
2871.69889	0.2458893
2872.79053	0.2492332
2873.60923	0.2513998
2874.70077	0.2609926
2875.79226	0.2679568
2876.61084	0.2732344
2877.70223	0.2823866
2878.79357	0.2923628
2879.61203	0.2944247
2880.70327	0.3026628
2881.79445	0.3093086
2882.6128	0.3133029
2883.70388	0.3227975
2884.79491	0.33238
2885.61314	0.3361002
2886.70407	0.3420135
2887.79494	0.3438603
2888.61306	0.3506592
2889.70383	0.3560424
2890.79455	0.3591444
2891.61255	0.3640373
2892.70317	0.3681474
2893.79373	0.3770938
2894.61161	0.376212
2895.70208	0.3819351
2896.79248	0.3868473
2897.61025	0.3917726
2898.70056	0.3960642
2899.79081	0.4029507
2900.60846	0.4095951
2901.69861	0.4151677
2902.78871	0.4204156
2903.60624	0.4253481
2904.69624	0.4317299
2905.78618	0.437882
2906.6036	0.4397679
2907.69344	0.4483471
2908.78322	0.4483022
2909.60052	0.4542008
2910.69021	0.4620532
2911.77983	0.4652768
2912.59702	0.4650159
2913.68655	0.4719586
2914.77602	0.4784719
2915.59309	0.4782848
2916.68246	0.4844704
2917.77177	0.4843344
2918.58872	0.4942402
2919.67794	0.4953861
2920.7671	0.5024422
2921.58393	0.5090202
2922.67299	0.5098772
2923.76199	0.5148142
2924.57871	0.5217414
2925.66761	0.5220879
2926.75645	0.5225552
2927.57305	0.5257338
2928.6618	0.5314949
2929.75049	0.5378422
2930.56696	0.5401079
2931.65555	0.5415393
2932.74409	0.5406554
2933.56045	0.5504153
2934.64888	0.5444755
2935.73725	0.547556
2936.5535	0.5526025
2937.64177	0.5602304
2938.72999	0.5574963
2939.81815	0.5617735
2940.63423	0.5617553
2941.72229	0.563871
2942.81029	0.5682372
2943.62625	0.5720993
2944.71415	0.572201
2945.802	0.5720676
2946.61784	0.583227
2947.70559	0.5821741
2948.79327	0.5864467
2949.609	0.5902827
2950.69659	0.5888083
2951.78411	0.5949015
2952.59972	0.598767
2953.68715	0.6013674
2954.77452	0.6078282
2955.59001	0.6067071
2956.67728	0.6078328
2957.76449	0.607666
2958.57986	0.613081
2959.66697	0.6146032
2960.75402	0.6120985
2961.56927	0.6181885
2962.65622	0.6215841
2963.74312	0.6237777
2964.55825	0.6205868
2965.64504	0.6323249
2966.73178	0.6349138
2967.54679	0.6292432
2968.63342	0.6299551
2969.72	0.6382598
2970.80652	0.6390907
2971.62137	0.635876
2972.70779	0.6447923
2973.79414	0.6404018
2974.60887	0.6479957
2975.69513	0.648795
2976.78133	0.6509624
2977.59594	0.6494441
2978.68204	0.6488713
2979.76808	0.6508978
2980.58257	0.6577008
2981.66851	0.6556632
2982.75439	0.6567246
2983.56876	0.6589637
2984.65454	0.6618984
2985.74026	0.6634395
2986.55451	0.6629693
2987.64013	0.6621737
2988.72568	0.6656706
2989.53982	0.669001
2990.62527	0.6687588
2991.71067	0.6695965
2992.79601	0.6701836
2993.60998	0.6784208
2994.69522	0.6797145
2995.7804	0.6813967
2996.59425	0.6821409
2997.67932	0.6865113
2998.76434	0.6839172
2999.57807	0.6789766
3000.66299	0.6865378
3001.74785	0.6919429
3002.56145	0.6925452
3003.64621	0.6960121
3004.73091	0.6947396
3005.54439	0.6913291
3006.62899	0.6969722
3007.71352	0.7013086
3008.798	0.6967332
3009.61132	0.6994951
3010.6957	0.6956834
3011.78001	0.6988778
3012.59321	0.7031901
3013.67743	0.6992421
3014.76158	0.7033939
3015.57466	0.7051275
3016.65871	0.7065396
3017.74271	0.7041305
3018.55566	0.7055988
3019.63955	0.7061309
3020.72339	0.7071598
3021.53622	0.7068656
3022.61995	0.7066423
3023.70362	0.7069936
3024.78723	0.7145693
3025.5999	0.7139923
3026.68341	0.7123918
3027.76686	0.710416
3028.5794	0.7167697
3029.66275	0.717912
3030.74603	0.7183825
3031.55846	0.7175759
3032.64164	0.7163185
3033.72477	0.7229348
3034.53707	0.7171763
3035.62009	0.7194883
3036.70305	0.7251093
3037.78595	0.7277873
3038.59809	0.7283159
3039.68089	0.7297326
3040.76363	0.7370141
3041.57564	0.7304357
3042.65828	0.7289134
3043.74085	0.728007
3044.55275	0.7317209
3045.63522	0.7300719
3046.71763	0.7326768
3047.5294	0.7330263
3048.61171	0.7348624
3049.69396	0.7425157
3050.77615	0.7412881
3051.58775	0.7383472
3052.66984	0.7402126
3053.75186	0.749399
3054.56334	0.7411289
3055.64527	0.7475179
3056.72713	0.7378464
3057.53849	0.7486662
3058.62024	0.7481225
3059.70194	0.7493699
3060.51318	0.7478968
3061.59477	0.7484542
3062.6763	0.7486667
3063.75778	0.7516041
3064.56885	0.7519925
3065.65022	0.7531463
3066.73153	0.7498146
3067.54247	0.7595009
3068.62368	0.7508567
3069.70482	0.751912
3070.51564	0.7524971
3071.59668	0.7461935
3072.67766	0.7554898
3073.75858	0.7519301
3074.56924	0.7512732
3075.65005	0.7513785
3076.73081	0.7571633
3077.54134	0.7602465
3078.62199	0.7589728
3079.70258	0.7580493
3080.51298	0.7610702
3081.59347	0.7595137
3082.6739	0.7551862
3083.75426	0.7599938
3084.5645	0.7619743
3085.64476	0.75975
3086.72496	0.7599461
3087.53507	0.7601493
3088.61517	0.7560272
3089.6952	0.7645486
3090.50519	0.7605822
3091.58512	0.7629984
3092.66499	0.763798
3093.7448	0.7657672
3094.55461	0.7663896
3095.63432	0.7638966
3096.71396	0.7661499
3097.52365	0.7665763
3098.60319	0.7632927
3099.68267	0.7619022
3100.76209	0.7655387
3101.57161	0.772253
3102.65092	0.7677561
3103.73017	0.768273
3104.53957	0.7731905
3105.61871	0.769311
3106.6978	0.7680929
3107.50707	0.762956
3108.58605	0.7694146
3109.66497	0.7726761
3110.74382	0.772839
3111.55293	0.7694025
3112.63168	0.7715499
3113.71037	0.7716647
3114.51934	0.7727268
3115.59793	0.7795287
3116.67645	0.7718794
3117.75491	0.7721397
3118.56372	0.7699468
3119.64208	0.7810866
3120.72037	0.7683851
3121.52905	0.7741881
3122.60724	0.7740559
3123.68537	0.770836
3124.49392	0.7685302
3125.57195	0.7735732
3126.64991	0.7739005
3127.7278	0.7734202
3128.53619	0.7761886
3129.61398	0.7717292
3130.69171	0.7698784
3131.49997	0.7779184
3132.5776	0.7761795
3133.65516	0.7784793
3134.73266	0.775583
3135.54075	0.7774981
3136.61814	0.7763427
3137.69548	0.7833975
3138.50344	0.7793009
3139.58067	0.7790327
3140.65783	0.7791687
3141.73494	0.7867961
3142.54273	0.7809362
3143.61972	0.7758974
3144.69666	0.7719482
3145.50432	0.7875801
3146.58115	0.7797349
3147.65792	0.7865991
3148.73463	0.7786785
3149.54212	0.7842183
3150.61871	0.7800498
3151.69525	0.7862309
3152.50261	0.7790375
3153.57904	0.7761303
3154.65541	0.785011
3155.73172	0.7812359
3156.53891	0.7837271
3157.61511	0.7894454
3158.69125	0.7860631
3159.49831	0.7852864
3160.57434	0.7853898
3161.65031	0.7853665
3162.72622	0.780436
3163.5331	0.7804273
3164.6089	0.7842917
3165.68464	0.7842066
3166.4914	0.7854798
3167.56703	0.7873263
3168.6426	0.7894872
3169.71811	0.7861237
3170.52469	0.7875058
3171.60009	0.7892684
3172.67543	0.7869725
3173.48189	0.7954489
3174.55712	0.7908921
3175.63228	0.7894609
3176.70738	0.785683
3177.51367	0.7904852
3178.58867	0.7892626
3179.6636	0.7872859
3180.73847	0.7940305
3181.54458	0.7951703
3182.61935	0.7918881
3183.69405	0.7924599
3184.50003	0.7930534
3185.57462	0.7917535
3186.64915	0.7939331
3187.72362	0.7954773
3188.52943	0.7962333
3189.60379	0.7930942
3190.67809	0.7980041
3191.48377	0.7888424
3192.55796	0.7968742
3193.63208	0.7951842
3194.70615	0.7967267
3195.51165	0.7946879
3196.58561	0.8024014
3197.6595	0.7956815
3198.73333	0.8004859
3199.53866	0.7965576
3200.61238	0.8010021
3201.68604	0.7954057
3202.49124	0.8017982
3203.56479	0.7983638
3204.63828	0.7975466
3205.7117	0.7989994
3206.51673	0.8007701
3207.59004	0.8003713
3208.66329	0.8033687
3209.46819	0.8056406
3210.54134	0.8001745
3211.61442	0.8004096
3212.68743	0.8010441
3213.49215	0.8009765
3214.56506	0.8082016
3215.63791	0.8055109
3216.71069	0.7993013
3217.51524	0.806042
3218.58791	0.8059004
3219.66052	0.8086062
3220.46493	0.8060154
3221.53743	0.8042258
3222.60987	0.8084725
3223.68225	0.8103733
3224.48649	0.8058529
3225.55875	0.8112842
3226.63095	0.8035875
3227.70309	0.8053143
3228.50715	0.8112407
3229.57918	0.8141675
3230.65115	0.808382
3231.72305	0.8078146
3232.52694	0.8097877
3233.59873	0.8114077
3234.67046	0.8141021
3235.47421	0.8052734
3236.54583	0.8066247
3237.61739	0.8121515
3238.68888	0.8112416
3239.49246	0.8100975
3240.56384	0.811181
3241.63516	0.8089229
3242.70642	0.8085244
3243.50982	0.8183681
3244.58096	0.8102175
3245.65204	0.8065918
3246.45531	0.8029978
3247.52628	0.8102736
3248.59719	0.812185
3249.66804	0.8123884
3250.47113	0.8108207
3251.54186	0.8142311
3252.61253	0.8120109
3253.68314	0.8132351
3254.48605	0.8144669
3255.55655	0.8114303
3256.62698	0.8127819
3257.69735	0.8096254
3258.50008	0.8048854
3259.57034	0.8173533
3260.64054	0.8131932
3261.71067	0.8114981
3262.51322	0.8116314
3263.58324	0.8062573
3264.6532	0.813436
3265.45562	0.8156974
3266.52547	0.8147827
3267.59525	0.8154946
3268.66496	0.8141307
3269.46721	0.803027
3270.53682	0.8123848
3271.60636	0.8145877
3272.67583	0.8200293
3273.4779	0.8120177
3274.54727	0.8156616
3275.61657	0.8191846
3276.68581	0.8187223
3277.4877	0.8210709
3278.55682	0.8201091
3279.62588	0.8170427
3280.69488	0.8163164
3281.49659	0.8140795
3282.56548	0.8241089
3283.6343	0.8165717
3284.70306	0.8131203
3285.50459	0.8180031
3286.57323	0.8173296
3287.64182	0.8190488
3288.44321	0.8111508
3289.51168	0.8178947
3290.58009	0.8222172
3291.64843	0.8185289
3292.44964	0.82176
3293.51787	0.8195503
3294.58604	0.8252681
3295.65414	0.8166019
3296.45517	0.8155456
3297.52316	0.8148366
3298.59109	0.8191318
3299.65895	0.8167563
3300.4598	0.8176365
3301.52755	0.8232719
3302.59523	0.819787
3303.66285	0.8187645
3304.46352	0.8185836
3305.53103	0.8138811
3306.59847	0.8090751
3307.66585	0.8232637
3308.46634	0.8186036
3309.53361	0.8201484
3310.60081	0.8233772
3311.66794	0.8237135
3312.46825	0.8171208
3313.53527	0.8175269
3314.60223	0.820051
3315.66912	0.8165212
3316.46925	0.8224783
3317.53603	0.8257495
3318.60275	0.8245547
3319.6694	0.8199511
3320.46934	0.8274612
3321.53588	0.8229601
3322.60235	0.8205391
3323.66876	0.825704
3324.46853	0.8214655
3325.53482	0.822272
3326.60105	0.8184111
3327.66721	0.8137446
3328.4668	0.8256772
3329.53285	0.8132076
3330.59883	0.8166633
3331.66475	0.8262314
3332.46415	0.8257373
3333.52996	0.8223222
3334.5957	0.8254353
3335.66138	0.8205527
3336.4606	0.8197613
3337.52616	0.823368
3338.59166	0.826441
3339.65709	0.8231772
3340.45613	0.8172693
3341.52145	0.8198277
3342.5867	0.8192107
3343.65189	0.8134395
3344.45074	0.8182857
3345.51582	0.8146695
3346.58083	0.8108055
3347.64577	0.8172427
3348.44444	0.815946
3349.50927	0.8134041
3350.57403	0.8129554
3351.63873	0.8088578
3352.43722	0.8158833
3353.5018	0.8060493
3354.56632	0.8123101
3355.63078	0.8064521
3356.42908	0.8185799
3357.49342	0.8148791
3358.55769	0.8130853
3359.6219	0.8080239
3360.42002	0.8134638
3361.48411	0.8098745
3362.54814	0.8076941
3363.6121	0.8144175
3364.676	0.8101158
3365.47388	0.8134677
3366.53767	0.8130455
3367.60138	0.8080442
3368.66504	0.8097775
3369.46273	0.8162359
3370.52627	0.8128464
3371.58974	0.8123852
3372.65315	0.7947969
3373.45066	0.8114695
3374.51395	0.813107
3375.57717	0.802971
3376.64033	0.8092209
3377.43766	0.8054331
3378.5007	0.807546
3379.56368	0.806076
3380.62659	0.8092943
3381.42373	0.8043014
3382.48653	0.8109418
3383.54926	0.8040527
3384.61193	0.7965721
3385.40888	0.8052995
3386.47143	0.7932015
3387.53392	0.8051912
3388.59633	0.8094852
3389.65868	0.8028796
3390.4554	0.8034144
3391.51764	0.8020007
3392.57981	0.8010075
3393.64191	0.8010445
3394.43845	0.7974885
3395.50043	0.8039177
3396.56236	0.7975274
3397.62421	0.7980365
3398.42056	0.7977674
3399.4823	0.7996147
3400.54397	0.798151
3401.60558	0.7924883
3402.40174	0.7929368
3403.46323	0.793373
3404.52465	0.7884174
3405.58601	0.7866887
3406.6473	0.7890416
3407.44323	0.7902159
3408.5044	0.7852221
3409.56551	0.7835467
3410.62656	0.7905168
3411.42229	0.7908195
3412.48322	0.7825791
3413.54408	0.7887148
3414.60487	0.7775834
3415.40042	0.7836108
3416.4611	0.7817041
3417.52171	0.7918579
3418.58225	0.7861019
3419.64273	0.7880535
3420.43804	0.7825723
3421.4984	0.7737628
3422.5587	0.7840534
3423.61892	0.7736123
3424.41405	0.773711
3425.47416	0.7733777
3426.5342	0.772728
3427.59418	0.7693921
3428.65409	0.7712644
3429.44897	0.7740309
3430.50877	0.7704725
3431.56849	0.760003
3432.62815	0.7671355
3433.42285	0.7641921
3434.48239	0.7616943
3435.54186	0.762726
3436.60127	0.7681896
3437.39578	0.761538
3438.45507	0.7553201
3439.5143	0.7577417
3440.57345	0.7588039
3441.63254	0.7607202
3442.42681	0.7498288
3443.48579	0.7512764
3444.54469	0.7480373
3445.60353	0.7470057
3446.39761	0.7540659
3447.45633	0.7496625
3448.51498	0.7527222
3449.57357	0.7482028
3450.63209	0.7419246
3451.42593	0.7396032
3452.48433	0.7416683
3453.54266	0.7492401
3454.60093	0.7442471
3455.39458	0.7355285
3456.45273	0.7417574
3457.51081	0.7292726
3458.56883	0.7341976
3459.62677	0.7332805
3460.42019	0.728458
3461.47801	0.7281208
3462.53577	0.7242977
3463.59347	0.7307957
3464.38669	0.7212997
3465.44426	0.7194642
3466.50177	0.7209873
3467.55921	0.7199211
3468.61658	0.7133869
3469.40957	0.7180386
3470.46682	0.7079337
3471.524	0.7167671
3472.58112	0.7088279
3473.63817	0.7007514
3474.43092	0.7101049
3475.48785	0.7054699
3476.54471	0.6957941
3477.60151	0.6992401
3478.39406	0.6965876
3479.45074	0.6994441
3480.50735	0.696886
3481.56389	0.6905613
3482.62036	0.6866081
3483.41267	0.6785457
3484.46903	0.6796396
3485.52532	0.6822065
3486.58153	0.6794443
3487.37365	0.6820903
3488.42975	0.6759229
3489.48579	0.6680767
3490.54175	0.6635722
3491.59765	0.6684686
3492.38952	0.6615497
3493.4453	0.6597886
3494.50101	0.6560595
3495.55665	0.6527407
3496.61222	0.6511462
3497.40386	0.6570523
3498.45931	0.6561234
3499.5147	0.6494172
3500.57001	0.6472197
3501.62526	0.6424592
3502.41665	0.6383492
3503.47178	0.6424736
3504.52684	0.6328964
3505.58184	0.628386
3506.37304	0.6283798
3507.42791	0.6308602
3508.48271	0.6310014
3509.53745	0.6303746
3510.59212	0.6213956
3511.38307	0.6250803
3512.43762	0.6115936
3513.4921	0.6204079
3514.54651	0.6124273
3515.60085	0.6064975
3516.39156	0.6138671
3517.44579	0.6002406
3518.49994	0.6048783
3519.55403	0.6024446
3520.60804	0.5915045
3521.39851	0.5979385
3522.45241	0.5870447
3523.50623	0.58888
3524.55999	0.5958988
3525.61368	0.5801147
3526.40391	0.5781692
3527.45748	0.5788871
3528.51098	0.5772698
3529.56441	0.5816333
3530.61777	0.5796226
3531.40775	0.573112
3532.461	0.5740857
3533.51417	0.5644647
3534.56728	0.5646265
3535.35706	0.5631928
3536.41004	0.5623792
3537.46296	0.5588042
3538.51581	0.5501981
3539.56859	0.5561083
3540.35812	0.5455119
3541.41078	0.5521361
3542.46337	0.5401438
3543.51589	0.5427364
3544.56834	0.5409764
3545.35763	0.5450864
3546.40996	0.5352333
3547.46222	0.5287751
3548.51441	0.5287519
3549.56653	0.527513
3550.35558	0.5235592
3551.40758	0.5299043
3552.45951	0.5184448
3553.51137	0.5233306
3554.56316	0.5218054
3555.35196	0.5195829
3556.40364	0.5144003
3557.45524	0.5110888
3558.50677	0.5127979
3559.55823	0.509702
3560.60963	0.5000289
3561.39813	0.5009342
3562.4494	0.501799
3563.5006	0.4962375
3564.55174	0.4994654
3565.6028	0.5004049
3566.39105	0.4940176
3567.442	0.4995062
3568.49287	0.4976534
3569.54367	0.4907004
3570.59441	0.4893657
3571.38241	0.4848091
3572.43302	0.4920351
3573.48357	0.4833505
3574.53404	0.4864812
3575.58444	0.4752917
3576.3722	0.477154
3577.42248	0.4845378
3578.47269	0.4768628
3579.52283	0.4667489
3580.5729	0.4713919
3581.36041	0.4686849
3582.41036	0.4722939
3583.46024	0.4667808
3584.51005	0.4661604
3585.55979	0.4578756
3586.34705	0.4682032
3587.39667	0.463757
3588.44621	0.4594853
3589.49569	0.4630408
3590.5451	0.456491
3591.59444	0.4570167
3592.38139	0.4541263
3593.43061	0.4553012
3594.47975	0.4544853
3595.52883	0.452207
3596.57783	0.4448586
3597.36454	0.4528417
3598.41342	0.4451764
3599.46224	0.4370142
3600.51098	0.4369966
3601.55965	0.4420025
3602.34611	0.4313661
3603.39466	0.4460509
3604.44313	0.4320639
3605.49154	0.4369035
3606.53988	0.4365611
3607.58815	0.4460196
3608.3743	0.4355329
3609.42245	0.4363926
3610.47052	0.4274741
3611.51852	0.4260058
3612.56646	0.427254
3613.35236	0.4264739
3614.40017	0.4259744
3615.44791	0.4200247
3616.49558	0.4239481
3617.54318	0.4244745
3618.59071	0.4162954
3619.37631	0.4186824
3620.42371	0.4177847
3621.47105	0.4189965
3622.51831	0.4055472
3623.5655	0.4165213
3624.35085	0.4091097
3625.39792	0.4008077
3626.44492	0.3962751
3627.49185	0.4068738
3628.5387	0.3976252
3629.58549	0.3979056
3630.37053	0.3982386
3631.4172	0.3981487
3632.46379	0.3863853
3633.51031	0.3916469
3634.55676	0.3878663
3635.34155	0.380878
3636.38788	0.3827628
3637.43413	0.3680284
3638.48031	0.3740287
3639.52643	0.3802066
3640.57247	0.3725869
3641.35696	0.3678
3642.40287	0.3701113
3643.44872	0.3645597
3644.4945	0.3693592
3645.5402	0.3555406
3646.32443	0.3598907
3647.37002	0.3591198
3648.41552	0.3496899
3649.46096	0.357106
3650.50633	0.3495287
3651.55163	0.3542477
3652.33555	0.3446348
3653.38072	0.3368613
3654.42582	0.3356939
3655.47085	0.3505328
3656.51581	0.3392022
3657.5607	0.3384954
3658.34432	0.3290212
3659.38908	0.3250711
3660.43377	0.3257543
3661.47839	0.3213332
3662.52293	0.3199121
3663.56741	0.317613
3664.35072	0.3190917
3665.39507	0.3088824
3666.43935	0.314129
3667.48356	0.3088488
3668.5277	0.3048996
3669.57176	0.3056409
3670.35476	0.2987209
3671.3987	0.2876869
3672.44257	0.3033322
3673.48637	0.2958544
3674.53009	0.2798217
3675.31284	0.2871235
3676.35644	0.2799745
3677.39997	0.2792112
3678.44343	0.2770062
3679.48681	0.2759774
3680.53012	0.2769899
3681.31256	0.2759239
3682.35575	0.2682531
3683.39886	0.2693011
3684.44191	0.2651656
3685.48488	0.2547823
3686.52778	0.2670769
3687.30991	0.2683395
3688.35268	0.2540703
3689.39539	0.2492858
3690.43802	0.2557228
3691.48057	0.2444576
3692.52306	0.250226
3693.56548	0.2503432
3694.34724	0.2435169
3695.38953	0.2371522
3696.43175	0.2483934
3697.47389	0.2388191
3698.51596	0.2369766
3699.55796	0.2332458
3700.33942	0.2287961
3701.38129	0.2400058
3702.42309	0.2251069
3703.46482	0.2219091
3704.50648	0.2160172
3705.54806	0.2276525
3706.32921	0.2183112
3707.37066	0.2298902
3708.41205	0.2173094
3709.45337	0.2175373
3710.49461	0.2145226
3711.53578	0.21488
3712.31661	0.2055369
3713.35765	0.2097111
3714.39862	0.2107622
3715.43952	0.204872
3716.48035	0.2007227
3717.5211	0.1961574
3718.30162	0.2158565
3719.34224	0.201849
3720.3828	0.1999494
3721.42328	0.1911881
3722.46369	0.1941821
3723.50402	0.1992271
3724.54429	0.1909172
3725.32444	0.1901321
3726.36457	0.1798319
3727.40464	0.1857421
3728.44463	0.1877489
3729.48455	0.1877967
3730.52439	0.1923398
3731.30423	0.1860188
3732.34395	0.1867067
3733.3836	0.1902626
3734.42317	0.189729
3735.46267	0.1866775
3736.5021	0.189448
3737.54145	0.1770285
3738.32092	0.1801826
3739.36015	0.1790705
3740.3993	0.1698628
3741.43838	0.1776179
3742.47739	0.1875159
3743.51633	0.1795244
3744.29548	0.1777322
3745.33429	0.1832082
3746.37302	0.18218
3747.41168	0.1795116
3748.45027	0.1712022
3749.48879	0.1724126
3750.52723	0.1727362
3751.30601	0.177118
3752.34433	0.1710645
3753.38257	0.1711653
3754.42074	0.1627768
3755.45883	0.1638002
3756.49685	0.1674448
3757.5348	0.1673112
3758.31322	0.1676811
3759.35104	0.162093
3760.38878	0.1643381
3761.42646	0.1740682
3762.46406	0.1781993
3763.50158	0.1716566
3764.53904	0.1758325
3765.31708	0.1785062
3766.3544	0.1657451
3767.39166	0.1686825
3768.42883	0.1729749
3769.46594	0.1628789
3770.50297	0.169134
3771.2807	0.1643776
3772.3176	0.1714644
3773.35443	0.1676932
3774.39118	0.1689941
3775.42786	0.1648399
3776.46447	0.1733985
3777.50101	0.1587701
3778.27836	0.1594024
3779.31477	0.1723468
3780.3511	0.1745077
3781.38736	0.1661874
3782.42354	0.1663395
3783.45965	0.1653181
3784.49569	0.177348
3785.53165	0.1723784
3786.30858	0.1734962
3787.34441	0.1706857
3788.38017	0.1710388
3789.41586	0.1759131
3790.45147	0.1781402
3791.48701	0.1684552
3792.52248	0.1737289
3793.29903	0.1721662
3794.33436	0.1779542
3795.36962	0.1811418
3796.40481	0.1686021
3797.43992	0.1772113
3798.47496	0.1751943
3799.50993	0.1721356
3800.2861	0.1792015
3801.32094	0.183258
3802.3557	0.1748172
3803.39039	0.1765528
3804.425	0.176019
3805.45954	0.1658212
3806.49401	0.174309
3807.26981	0.1663837
3808.30414	0.1736433
3809.3384	0.1741757
3810.37259	0.1793732
3811.4067	0.1717832
3812.44074	0.1648281
3813.4747	0.1702678
3814.50859	0.1765343
3815.28396	0.1710339
3816.31772	0.1770925
3817.35141	0.178937
3818.38502	0.1801138
3819.41855	0.1776433
3820.45201	0.1782494
3821.4854	0.1809785
3822.51871	0.1722428
3823.29365	0.1663646
3824.32683	0.1748328
3825.35994	0.1758172
3826.39297	0.1784396
3827.42593	0.1837201
3828.45881	0.1788564
3829.49162	0.1808362
3830.26618	0.1762549
3831.29886	0.1760823
3832.33146	0.1763512
3833.36399	0.1761102
3834.39645	0.18427
3835.42883	0.1728904
3836.46113	0.1708106
3837.49336	0.1711598
3838.26748	0.1776309
3839.29958	0.181131
3840.33161	0.1793928
3841.36356	0.1804094
3842.39543	0.1749669
3843.42723	0.1736705
3844.45896	0.1838079
3845.4906	0.1814503
3846.26429	0.1832064
3847.29581	0.1761326
3848.32725	0.1731228
3849.35862	0.1727584
3850.38992	0.1752971
3851.42113	0.1861329
3852.45228	0.1721611
3853.48335	0.183793
3854.2566	0.1703166
3855.28753	0.1719778
3856.3184	0.1868767
3857.34918	0.1755741
3858.37989	0.1755903
3859.41053	0.1769425
3860.44109	0.1825423
3861.47158	0.1838273
3862.50199	0.1690641
3863.27474	0.1712662
3864.30502	0.1788607
3865.33522	0.1692264
3866.36535	0.1799783
3867.3954	0.1736752
3868.42538	0.1722953
3869.45528	0.172167
3870.48511	0.1758461
3871.25743	0.1709076
3872.28712	0.1709686
3873.31674	0.1782856
3874.34628	0.1792676
3875.37575	0.1719896
3876.40514	0.1642488
3877.43446	0.1720273
3878.4637	0.1776866
3879.49287	0.1654185
3880.26469	0.1710711
3881.29372	0.1617083
3882.32268	0.1707555
3883.35156	0.185806
3884.38037	0.1815787
3885.4091	0.1813683
3886.43775	0.1704336
3887.46633	0.1767001
3888.49483	0.1613792
3889.26616	0.1647029
3890.29453	0.169455
3891.32282	0.1684645
3892.35104	0.1657518
3893.37918	0.1758522
3894.40725	0.1606095
3895.43524	0.175132
3896.46315	0.182891
3897.49099	0.1774357
3898.26182	0.1762595
3899.28953	0.17089
3900.31716	0.165967
3901.34471	0.1659845
3902.37219	0.172024
3903.39959	0.1657758
3904.42691	0.1667775
3905.45416	0.1625009
3906.48134	0.1666095
3907.25167	0.1675332
3908.27871	0.1615636
3909.30567	0.1757227
3910.33256	0.1719136
3911.35937	0.1740434
3912.3861	0.1646846
3913.41276	0.1541844
3914.43934	0.1589886
3915.46585	0.1544516
3916.23568	0.1588031
3917.26205	0.172678
3918.28835	0.167473
3919.31457	0.1680818
3920.34071	0.1674866
3921.36678	0.1686177
3922.39277	0.1683409
3923.41868	0.1656899
3924.44452	0.1683951
3925.47028	0.1659868
3926.23955	0.1623178
3927.26518	0.1529093
3928.29073	0.1632448
3929.3162	0.1656932
3930.3416	0.168201
3931.36692	0.1610977
3932.39216	0.156065
3933.41733	0.1583392
3934.44242	0.1569619
3935.46744	0.1561664
3936.23615	0.1499169
3937.26102	0.1555394
3938.28583	0.1647033
3939.31055	0.1513393
3940.3352	0.1716246
3941.35978	0.1607771
3942.38427	0.1644992
3943.40869	0.1604822
3944.43303	0.1533583
3945.4573	0.1525749
3946.22544	0.1524588
3947.24957	0.1583266
3948.27363	0.1582614
3949.2976	0.1518838
3950.3215	0.1574337
3951.34533	0.156919
3952.36907	0.1625947
3953.39274	0.1454133
3954.41633	0.1534364
3955.43985	0.1589114
3956.46328	0.1487102
3957.23081	0.1427798
3958.25411	0.1446395
3959.27734	0.1573513
3960.30048	0.1499833
3961.32355	0.1542949
3962.34655	0.1572436
3963.36946	0.1462836
3964.3923	0.147307
3965.41506	0.1619478
3966.43775	0.1416133
3967.46036	0.1514742
3968.22726	0.148059
3969.24973	0.1517194
3970.27212	0.1417912
3971.29444	0.140185
3972.31668	0.1417841
3973.33884	0.138914
3974.36093	0.146685
3975.38293	0.1446292
3976.40486	0.1435187
3977.42671	0.1367827
3978.44849	0.1390886
3979.21477	0.1375234
3980.23641	0.1487073
3981.25797	0.1485228
3982.27945	0.1451468
3983.30086	0.1398441
3984.32219	0.1406928
3985.34344	0.1528957
3986.36461	0.147072
3987.3857	0.1381552
3988.40672	0.1413436
3989.42766	0.1405086
3990.44852	0.1337758
3991.21412	0.1278665
3992.23484	0.1319897
3993.25549	0.1299716
3994.27606	0.1360334
3995.29655	0.1343799
3996.31697	0.1426877
3997.3373	0.1310773
3998.35756	0.1180489
3999.37774	0.1300489
4000.39784	0.1309361
4001.41787	0.1358975
4002.43781	0.1235125
4003.45768	0.1197994
4004.22253	0.1175243
4005.24226	0.1182419
4006.26192	0.1337786
4007.28149	0.1224057
4008.30099	0.1073211
4009.32041	0.1157986
4010.33975	0.118948
4011.35901	0.1255699
4012.3782	0.1180283
4013.3973	0.1091609
4014.41633	0.1238302
4015.43528	0.1154835
4016.45415	0.1246285
4017.21826	0.1178892
4018.23699	0.1189425
4019.25565	0.1129582
4020.27422	0.1071563
4021.29272	0.1263567
4022.31115	0.1129592
4023.32949	0.1104828
4024.34775	0.1086469
4025.36594	0.1064144
4026.38405	0.109112
4027.40207	0.1012279
4028.42002	0.1000664
4029.4379	0.103462
4030.20125	0.112026
4031.21898	0.103106
4032.23664	0.1083146
4033.25422	0.1120503
4034.27171	0.1005746
4035.28913	0.0999238
4036.30648	0.1006801
4037.32374	0.1004174
4038.34092	0.0926877
4039.35803	0.0999403
4040.37505	0.1056787
4041.392	0.0923115
4042.40887	0.0954795
4043.42566	0.0837903
4044.44237	0.082677
4045.20485	0.0947593
4046.22142	0.0791736
4047.23792	0.1006806
4048.25433	0.0899215
4049.27067	0.1005376
4050.28693	0.0854055
4051.30311	0.0826335
4052.31921	0.0892559
4053.33523	0.0879073
4054.35117	0.0858007
4055.36703	0.0800515
4056.38281	0.0971749
4057.39852	0.0844896
4058.41414	0.0851741
4059.42969	0.087647
4060.1913	0.0773931
4061.2067	0.0743311
4062.22203	0.0768311
4063.23728	0.0733354
4064.25245	0.0700953
4065.26754	0.073867
4066.28255	0.0646578
4067.29749	0.062116
4068.31234	0.0767167
4069.32711	0.080096
4070.34181	0.0701463
4071.35642	0.0543764
4072.37096	0.0608356
4073.38541	0.0553781
4074.39979	0.0637947
4075.41409	0.0737223
4076.42831	0.0531862
4077.18892	0.066997
4078.203	0.0656469
4079.217	0.057962
4080.23091	0.0699792
4081.24475	0.0550786
4082.25852	0.0542889
4083.2722	0.0465022
4084.2858	0.0665668
4085.29932	0.0537165
4086.31276	0.0666167
4087.32612	0.0544368
4088.33941	0.0591678
4089.35261	0.0462589
4090.36573	0.0501435
4091.37878	0.0553272
4092.39174	0.0549327
4093.40463	0.0465659
4094.41743	0.0567935
4095.17698	0.0557912
4096.18964	0.049591
4097.20223	0.0507058
4098.21473	0.0493415
4099.22716	0.047828
4100.2395	0.0480447
4101.25177	0.0512858
4102.26395	0.0397455
4103.27606	0.0638327
4104.28809	0.0379687
4105.30003	0.0562327
4106.3119	0.0510688
4107.32368	0.0390917
4108.33539	0.0413352
4109.34701	0.0456253
4110.35856	0.0477669
4111.37002	0.0496089
4112.3814	0.0386229
4113.39271	0.0380152
4114.40393	0.0483056
4115.41508	0.0441754
4116.17338	0.0407463
4117.18439	0.0229823
4118.19531	0.0480416
4119.20615	0.038538
4120.21691	0.0439149
4121.2276	0.0440622
4122.2382	0.0511906
4123.24872	0.0413102
4124.25916	0.049606
4125.26952	0.0393625
4126.2798	0.0387491
4127.29	0.0354178
4128.30012	0.0420341
4129.31016	0.0428929
4130.32012	0.0465775
4131.33	0.0321881
4132.33979	0.0325509
4133.34951	0.0318128
4134.35915	0.0354704
4135.3687	0.0373343
4136.37818	0.0441995
4137.38757	0.0397534
4138.39689	0.0208142
4139.40612	0.0423726
4140.16299	0.03129
4141.17208	0.0383971
4142.18109	0.0336368
4143.19002	0.0216027
4144.19887	0.0342602
4145.20764	0.0304744
4146.21633	0.0301914
4147.22494	0.0312561
4148.23346	0.0411777
4149.24191	0.0211621
4150.25027	0.0175047
4151.25856	0.0350737
4152.26676	0.0284188
4153.27488	0.0313538
4154.28292	0.0155895
4155.29088	0.0265125
4156.29876	0.0386386
4157.30656	0.0364774
4158.31428	0.0436861
4159.32191	0.0389253
4160.32947	0.0220332
4161.33694	0.0318856
4162.34433	0.0152688
4163.35164	0.0114458
4164.35887	0.0180133
4165.36602	0.0112427
4166.37309	0.0293784
4167.38008	0.0298092
4168.38698	0.0273193
4169.39381	0.0265069
4170.40055	0.0218097
4171.15555	0.0264262
4172.16215	0.0245043
4173.16867	0.0274601
4174.17511	0.0351488
4175.18146	0.0247938
4176.18774	0.0249408
4177.19393	0.0162242
4178.20004	0.0235694
4179.20607	0.0227881
4180.21202	0.0169438
4181.21789	0.0208635
4182.22368	0.0345392
4183.22938	0.0198994
4184.235	0.0153167
4185.24055	0.0262247
4186.24601	0.0280231
4187.25138	0.0206254
4188.25668	0.018541
4189.2619	0.0221411
4190.26703	0.0216223
4191.27208	0.0228572
4192.27705	0.0201147
4193.28194	0.0254903
4194.28674	0.0295872
4195.29147	0.0231732
4196.29611	0.0163849
4197.30067	0.0293888
4198.30515	0.0158866
4199.30955	0.0139648
4200.31386	0.0104396
4201.3181	0.0317925
4202.32225	0.0206335
4203.32632	0.014338
4204.33031	0.0074911
4205.33421	0.0210514
4206.33804	0.0257401
4207.34178	0.0042148
4208.34544	0.0034943
4209.34902	0.0140924
4210.35251	0.007157
4211.35592	0.0123418
4212.35926	0.0127579
4213.36251	0.0075089
4214.36567	0.0276643
4215.36876	0.0221286
4216.37176	0.0246616
4217.37468	0.0188106
4218.37752	0.0200545
4219.38028	0.0211337
4220.38295	0.0146819
4221.1349	0.0185767
4222.13743	0.024519
4223.13988	0.013719
4224.14224	0.0183933
4225.14453	0.0043158
4226.14673	0.0005547
4227.14885	0.0132671
4228.15088	0.0141919
4229.15283	0.0145791
4230.15471	0.0211571
4231.15649	0.0170699
4232.1582	0.0158366
4233.15982	0.0057585
4234.16136	0.0237098
4235.16282	0.0166187
4236.1642	0.0159817
4237.16549	0.0146178
4238.1667	0.0228804
4239.16783	0.0166909
4240.16887	0.0245284
4241.16984	0.023887
4242.17072	0.0188963
4243.17151	0.018963
4244.17223	0.0128042
4245.17286	0.0205741
4246.17341	0.0214225
4247.17388	0.0086998
4248.17426	0.0220317
4249.17456	0.0181939
4250.17478	0.0112499
4251.17491	0.003646
4252.17496	0.0190101
4253.17493	0.0200013
4254.17482	0.0006847
4255.17462	0.0201109
4256.17434	0.0023524
4257.17398	0.0217141
4258.17354	0.0211745
4259.17301	0.0261631
4260.1724	0.0186559
4261.1717	0.0244274
4262.17092	0.0146224
4263.17006	0.0245029
4264.16912	0.0025208
4265.16809	0.0240921
4266.16698	0.0193978
4267.16579	0.020001
4268.16451	0.0085018
4269.16315	0.0191819
4270.16171	0.0188873
4271.16018	0.0072942
4272.15857	0.0049908
4273.15688	0.02177
4274.1551	0.0169919
4275.15324	0.0195437
4276.1513	0.0202436
4277.14927	0.0226619
4278.14716	0.0188518
4279.14497	0.0145061
4280.14269	6.06E-05
4281.14033	0.0165976
4282.13789	0.0204413
4283.13536	0.0187262
4284.13275	0.0145881
4285.13006	0.0030135
4286.12728	0.0161811
4287.12442	0.0174098
4288.12148	0.0059993
4289.11845	0.0045653
4290.11534	0.0100839
4291.11214	0.0111757
4292.35803	0.0167737
4293.35465	0.0179043
4294.35118	0.0137328
4295.34763	0.0077418
4296.34399	0.0152905
4297.34027	0.0170805
4298.33647	0.010944
4299.33259	0.0126327
4300.32862	0.0175575
4301.32456	0.0247512
4302.32042	0.0172052
4303.3162	0.008661
4304.3119	0.0182765
4305.30751	0.0099009
4306.30303	0.003477
4307.29848	0.0127188
4308.29384	0.0085361
4309.28911	0.0161679
4310.2843	0.0094041
4311.27941	0.0152419
4312.27443	0.0140434
4313.26937	0.0083503
4314.26422	0.0087101
4315.25899	0.0117848
4316.25368	0.0079909
4317.24828	0.0020431
4318.2428	0.0004501
4319.23723	0.0015467
4320.23158	0.0059722
4321.22585	0.0157625
4322.22003	0.0120655
4323.21413	0.0018049
4324.20814	0.0086397
4325.20207	0.0046844
4326.19591	0.0128272
4327.18967	0.0003525
4328.18335	0.001724
4329.17694	0.0044414
4330.17044	0.004375
4331.16387	0.0077203
4332.1572	0.0022934
4333.15046	0.0106448
4334.14363	0.0067172
4335.13671	0.0102223
4336.12971	0.0021788
4337.12262	0.000929
4338.11545	0.0007562
4339.1082	0.0003921
4340.10086	0.0048878
4341.34157	0.0052856
4342.33404	0.0096623
4343.32643	0.0056243
4344.31873	0.0103667
4345.31095	0.0024762
4346.30308	0.0026568
4347.29513	0.0215705
4348.28709	0.002925
4349.27897	0.0031658
4350.27076	0.0025062
4351.26247	0.0005428
4352.25409	0.0034124
4353.24563	0.0018597
4354.23708	0.0006889
4355.22845	0.00075
4356.21974	0.0057622
4357.21094	0.0021425
4358.20205	0.0087618
4359.19308	0.0066861
4360.18402	0.0127333
4361.17488	0.0089295
4362.16566	0.0046001
4363.15635	0.009982
4364.14695	0.0010242
4365.13747	0.0099447
4366.1279	0.0008283
4367.11825	0.0127737
4368.10852	0.0019833
4369.09869	0.0114764
4370.08879	0.0034779
4371.32628	0.0016077
4372.31619	0.0035084
4373.306	0.0037597
4374.29573	0.0042469
4375.28538	0.0124635
4376.27494	0.0029267
4377.26441	0.0010651
4378.2538	0.0007973
4379.24311	0.0093448
4380.23233	0.0002542
4381.22146	0.0042632
4382.21051	0.0081842
4383.19947	0.0085201
4384.18835	0.0005874
4385.17714	0.0039825
4386.16585	0.0033018
4387.15447	0.0026739
4388.14301	0.0038845
4389.13146	0.0003927
4390.11982	0.0105815
4391.1081	0.001795
4392.09629	0.0095749
4393.0844	0.0026368
4394.31941	0.00557
4395.30733	0.0064256
4396.29516	0.0055216
4397.2829	0.0048251
4398.27056	0.0033793
4399.25813	0.0034418
4400.24562	0.0049318
4401.23302	0.0006203
4402.22033	0.0045797
4403.20756	0.0035058
4404.1947	0.0112911
4405.18176	0.0008699
4406.16873	0.0054762
4407.15562	0.0034717
4408.14241	0.0037007
4409.12913	0.0075184
4410.11576	0.0091017
4411.1023	0.0092077
4412.08875	0.0021103
4413.07512	0.0057424
4414.30796	0.0021176
4415.29414	4.8745E-06
4416.28023	0.0083963
4417.26623	0.0001564
4418.25215	0.0025244
4419.23798	0.0006413
4420.22373	0.0021492
4421.20938	0.0079929
4422.19496	2.67E-05
4423.18044	0.0038212
4424.16584	0.0036745
4425.15116	0.0065703
4426.13639	0.0017906
4427.12153	0.0015285
4428.10658	0.0008167
4429.09155	0.00612
4430.07644	0.0005378
4431.30742	0.0023219
4432.29211	0.005847
4433.27671	0.0022025
4434.26122	0.0036615
4435.24565	0.0117979
4436.22999	0.0044301
4437.21425	0.0043596
4438.19842	0.0075229
4439.1825	0.0020096
4440.1665	0.0047111
4441.15041	0.0023825
4442.13423	0.0075369
4443.11797	0.0028411
4444.10162	0.0037704
4445.08518	0.0014086
4446.06866	0.0011409
4447.29788	0.0057553
4448.28116	0.0051742
4449.26436	0.00016
4450.24747	0.0023258
4451.23049	0.0036535
4452.21342	0.0100824
4453.19627	0.0010104
4454.17903	0.0021975
4455.16171	0.0004645
4456.1443	0.0074866
4457.1268	0.0005671
4458.10921	0.0048589
4459.09154	0.0049572
4460.07378	0.0126827
4461.30145	0.0037425
4462.2835	0.0106902
4463.26545	0.0006206
4464.24732	0.0032509
4465.22911	0.0083418
4466.2108	0.0031173
4467.19241	0.0070198
4468.17393	0.0040569
4469.15537	0.0023925
4470.13672	0.0053405
4471.11798	0.0114338
4472.09915	0.0112829
4473.08024	0.0003276
4474.06124	0.002275
4475.28736	0.0138283
4476.26816	0.0154078
4477.24888	0.0051045
4478.22951	0.0091266
4479.21005	0.0110999
4480.1905	0.0043213
4481.17087	0.0078176
4482.15115	0.0055254
4483.13134	0.0015949
4484.11144	0.0006832
4485.09146	0.0057235
4486.07139	0.001535
4487.05123	0.0041054
4488.27591	0.0121732
4489.25555	0.007794
4490.23511	0.0078461
4491.21458	0.0148234
4492.19396	0.006606
4493.17326	0.0089788
4494.15246	0.000558
4495.13158	0.0110902
4496.11062	0.0026418
4497.08956	0.0057796
4498.06842	0.0013591
4499.04719	0.0060951
4500.27052	9.09E-05
4501.24909	0.0055789
4502.22758	0.0069658
4503.20597	0.0098407
4504.18428	0.0056021
4505.1625	0.0047324
4506.14063	0.0038215
4507.11868	0.0034799
4508.09664	0.0082424
4509.0745	0.0004435
4510.05229	0.0002261
4511.27439	0.0040687
4512.25197	0.0038362
4513.22947	0.0023654
4514.20687	0.0041063
4515.18419	0.0027314
4516.16142	0.0030876
4517.13857	0.0045893
4518.11562	0.0046125
4519.09259	0.0036312
4520.06947	0.0029833
4521.04626	0.0030811
4522.26712	0.0112722
4523.24371	0.0070721
4524.22022	8.21816E-06
4525.19663	0.006706
4526.17296	0.0048292
4527.1492	0.0076484
4528.12535	0.000699
4529.10142	0.006956
4530.07739	0.0005236
4531.05328	0.0003856
4532.27301	0.0016491
4533.2487	0.0016614
4534.2243	0.0006192
4535.19981	0.005864
4536.17523	0.0026211
4537.15056	0.0042962
4538.12581	0.0036846
4539.10097	0.0037783
4540.07603	0.0008775
4541.05101	0.000494
4542.26961	0.008808
4543.2444	0.0014552
4544.21909	0.0103871
4545.19369	0.0100002
4546.16821	0.0047611
4547.14263	0.0071333
4548.11697	0.0019251
4549.09122	0.0065866
4550.06538	0.004936
4551.03945	0.0025824
4552.25692	0.0106585
4553.23079	0.0008536
4554.20457	0.0030512
4555.17827	0.0060767
4556.15187	0.0020217
4557.12539	0.0024408
4558.09882	0.0078625
4559.07215	0.0003334
4560.0454	0.0041987
4561.26184	0.0053327
4562.23489	0.0024293
4563.20785	0.0044434
4564.18073	0.0001897
4565.15351	0.0059367
4566.1262	0.0015304
4567.09881	0.003517
4568.07133	0.0032968
4569.04375	0.0009175
4570.25916	0.0042172
4571.23139	0.0017492
4572.20353	0.0039223
4573.17557	0.0018282
4574.14753	0.0085603
4575.1194	0.0040991
4576.09118	0.0057574
4577.06288	0.0089338
4578.03448	0.0069813
4579.24886	0.0001322
4580.22026	0.0020488
4581.19157	0.0037443
4582.16279	0.0054105
4583.13393	0.0008242
4584.10497	0.0053912
4585.07593	0.0018544
4586.04679	0.0042287
4587.01757	0.0004058
4588.23091	0.0028915
4589.20149	0.005725
4590.17197	0.0131747
4591.14237	0.0016364
4592.11267	0.0014814
4593.08289	0.000434
4594.05302	0.0001085
4595.02306	0.0114037
4596.23548	0.0103443
4597.20531	0.0048297
4598.17506	0.0059494
4599.14472	3.01E-05
4600.11429	0.0073155
4601.08376	0.0096173
4602.05315	0.0036445
4603.02245	0.0098069
4604.23395	0.0011374
4605.20304	0.0004356
4606.17205	0.0033681
4607.14097	0.0014265
4608.10979	0.0019011
4609.07853	0.0027196
4610.04718	0.0015231
4611.01573	0.0008049
4612.2263	0.0069566
4613.19466	0.0073614
4614.16292	0.0039731
4615.1311	0.0104493
4616.09918	0.0047921
4617.06718	0.0120427
4618.03508	0.0035323
4619.24484	0.0023084
4620.21254	0.0044525
4621.18015	0.0019558
4622.14768	0.0024681
4623.11511	0.0054173
4624.08245	0.005842
4625.0497	0.0021835
4626.01687	0.0004729
4627.22569	0.0060103
4628.19265	0.0049747
4629.15952	0.004089
4630.1263	0.0072704
4631.09298	0.0118768
4632.05958	0.00162
4633.02609	0.0043545
4634.2341	0.0053133
4635.2004	0.0006015
4636.16662	0.0052736
4637.13274	0.0068844
4638.09877	0.0094341
4639.06472	0.0007952
4640.03057	0.0062015
4641.23776	0.004935
4642.2034	0.0033604
4643.16896	0.0026617
4644.13443	0.0013982
4645.09981	0.0107264
4646.06509	0.0032186
4647.03029	0.0044354
4648.23666	0.0077835
4649.20165	0.0056955
4650.16655	0.0054282
4651.13136	0.0016439
4652.09608	0.0044918
4653.06071	0.0007729
4654.02525	0.0006718
4655.2308	0.006596
4656.19513	0.0060925
4657.15937	0.0103388
4658.12353	0.0040003
4659.08759	0.0050512
4660.05156	0.000754
4661.01544	0.0044475
4662.22016	0.002442
4663.18384	0.0045302
4664.14743	0.0126628
4665.11092	0.00431
4666.07432	0.0022674
4667.03764	0.0036465
4668.00086	0.0015645
4669.20476	0.0026841
4670.16777	0.0058547
4671.1307	0.0028974
4672.09353	0.0006253
4673.05628	0.005618
4674.01893	0.0030423
4675.22211	0.0013711
4676.18456	0.001349
4677.14692	0.0013864
4678.10918	0.0023783
4679.07136	0.0004236
4680.03344	0.0007303
4680.99543	0.0012024
4682.19779	0.0007472
4683.15958	0.0031628
4684.12127	0.0034135
4685.08287	0.0054906
4686.04439	0.0051247
4687.00581	0.0081226
4688.20745	0.0066355
4689.16867	0.0049664
4690.12979	0.0123133
4691.09082	0.0079971
4692.05176	0.0074408
4693.01261	0.0123076
4694.21355	0.0076475
4695.17419	0.0102981
4696.13474	0.0062173
4697.0952	0.0060198
4698.05557	0.008389
4699.01585	0.0032968
4700.21606	0.0098407
4701.17613	0.0008645
4702.13611	0.0031563
4703.096	0.0040226
4704.0558	0.0083956
4705.0155	0.0057443
4706.215	0.0018092
4707.1745	0.0012478
4708.13391	0.0061004
4709.09322	0.0006912
4710.05244	0.0146451
4711.01157	0.001618
4712.21036	0.0099161
4713.16928	0.0036183
4714.12811	0.0014185
4715.08685	0.0027877
4716.0455	0.0010423
4717.00406	0.0042056
4718.20212	0.0066419
4719.16047	0.0123767
4720.11873	0.002837
4721.07689	0.0043508
4722.03497	0.0001221
4722.99295	0.0132284
4724.1903	0.0114831
4725.14807	0.0033824
4726.10575	0.0032951
4727.06334	0.0107039
4728.02084	0.0045668
4728.97824	0.0008751
4730.17487	0.0007664
4731.13207	0.0060996
4732.08917	0.0036173
4733.04619	0.0023287
4734.00311	0.0048513
4735.19913	0.001422
4736.15584	0.0058586
4737.11246	0.0069215
4738.06899	0.0012703
4739.02543	0.0011377
4739.98177	0.0046286
4741.17707	0.0046388
4742.13321	0.003166
4743.08925	0.0125454
4744.0452	0.0023056
4745.00106	0.0018238
4746.19576	0.0022315
4747.15141	0.0030705
4748.10696	0.0008679
4749.06243	0.0014803
4750.0178	0.0020364
4750.97308	0.0042227
4752.16705	8.09E-05
4753.12212	0.0034708
4754.0771	0.0069519
4755.03199	0.0052064
4755.98678	0.0053859
4757.18014	0.0019176
4758.13473	0.0058955
4759.08922	0.0002765
4760.04362	0.0046831
4760.99793	0.0039489
4762.19068	0.0021786
4763.14478	0.0030386
4764.09878	0.0061323
4765.0527	0.0003866
4766.00651	0.0017167
4766.96024	0.0024049
4768.15227	0.0003471
4769.10579	0.0031556
4770.05921	0.0043475
4771.01254	0.0019174
4771.96578	0.0079585
4773.1572	0.0041207
4774.11022	0.0019655
4775.06316	0.0032899
4776.016	0.0060389
4776.96875	0.0082112
4778.15956	0.0023254
4779.1121	0.0054457
4780.06454	0.0018194
4781.0169	0.0054848
4781.96916	0.0058992
4783.15935	0.0034126
4784.1114	0.0020591
4785.06336	0.0061439
4786.01522	0.0013553
4786.967	0.0050711
4788.15658	0.0015357
4789.10814	0.0023136
4790.05961	0.0011554
4791.01098	0.0002008
4791.96226	0.0038551
4793.15123	0.0108986
4794.1023	0.0066593
4795.05328	0.0012568
4796.00416	0.0053643
4796.95495	0.0048202
4798.14331	0.0021081
4799.09389	0.0024581
4800.04437	0.003431
4800.99476	0.0005445
4802.18262	0.007079
4803.1328	0.0028364
4804.08289	0.0038289
4805.03289	0.0013771
4805.98279	0.0028716
4807.17003	0.0002447
4808.11972	0.0020458
4809.06932	0.0056735
4810.01882	0.0089006
4810.96823	0.0026453
4812.15486	0.0106536
4813.10405	0.0041503
4814.05316	0.0091323
4815.00217	0.0038845
4815.95108	0.0054041
4817.1371	0.0008834
4818.0858	0.0022091
4819.03441	0.0015873
4819.98293	0.0037761
4821.16844	0.0006751
4822.11675	0.0009963
4823.06496	0.0016624
4824.01308	0.0018453
4824.9611	0.008208
4826.146	0.0027232
4827.09381	0.0003035
4828.04153	0.0033171
4828.98915	0.007177
4830.17355	0.0030568
4831.12096	0.0059093
4832.06828	0.0048915
4833.0155	0.0009816
4833.96263	0.0086398
4835.14641	0.0081734
4836.09332	0.0037546
4837.04015	0.0019415
4837.98687	0.0037022
4839.17015	0.0012571
4840.11667	0.0021026
4841.06309	0.0048859
4842.00942	0.00156
4842.95565	0.0053494
4844.13831	0.0009455
4845.08433	0.0076882
4846.03025	0.0027631
4846.97609	0.006329
4848.15824	0.0010092
4849.10386	0.005304
4850.04939	0.0068449
4850.99482	0.0013228
4851.94015	0.0008016
4853.12169	0.0050091
4854.06681	7.5E-05
4855.01184	0.0047418
4855.95677	0.0013386
4857.1378	0.0004409
4858.08252	0.0052649
4859.02715	0.0074219
4859.97168	0.0037827
4861.15221	0.0090278
4862.09653	0.006998
4863.04075	0.006857
4863.98488	0.0056975
4864.92891	0.0017099
4866.10882	0.0081759
4867.05264	0.0021172
4867.99636	0.0011595
4868.93999	0.0002329
4870.11939	0.0012729
4871.06281	0.0107056
4872.00613	0.0034246
4872.94936	0.0054553
4874.12826	0.0073303
4875.07127	0.008018
4876.01419	0.0053719
4876.95701	0.0054816
4878.1354	0.0008366
4879.07801	0.0013991
4880.02053	0.0097254
4880.96294	0.0015292
4882.14083	0.0123748
4883.08304	0.0004614
4884.02514	0.0017526
4884.96716	0.0028803
4886.14454	0.002881
4887.08634	0.0054247
4888.02804	0.0050908
4888.96965	0.0030111
4890.14653	0.0032843
4891.08792	0.0055255
4892.02922	0.0064537
4892.97043	0.0035966
4894.1468	0.0038761
4895.08779	0.0029594
4896.02868	0.0017469
4896.96948	0.0106974
4898.14534	0.0045326
4899.08592	0.005485
4900.02641	0.0002385
4900.9668	7.9E-05
4902.14216	0.0003092
4903.08234	9.57018E-06
4904.02242	0.0001431
4904.9624	0.0011368
4906.13725	0.002013
4907.07702	0.0007674
4908.0167	0.0033163
4908.95628	0.0034554
4910.13062	0.0043599
4911.06998	0.0042814
4912.00925	0.0058933
4912.94842	0.0034077
4914.12225	0.0030404
4915.06121	0.0051552
4916.00007	0.0087088
4916.93883	0.0060131
4918.11216	0.0024455
4919.05071	0.0039532
4919.98916	0.00177
4920.92752	0.0018151
4922.10033	0.0034249
4923.03847	0.0001237
4923.97652	0.0068073
4924.91447	0.000676
4926.08677	0.000521
4927.0245	0.0047711
4927.96214	0.0019676
4929.13405	0.004908
4930.07147	0.0027548
4931.0088	0.0013135
4931.94603	0.0007207
4933.11743	0.0013104
4934.05444	0.002109
4934.99136	0.0007934
4935.92818	0.0135423
4937.09907	0.0008256
4938.03568	0.0054096
4938.97218	0.0096183
4939.9086	0.00345
4941.07897	0.0026289
4942.01517	0.0055312
4942.95127	0.0018299
4944.12125	0.006475
4945.05714	0.0079629
4945.99292	0.0131916
4946.92861	0.0080307
4948.09809	0.000402
4949.03356	0.0038048
4949.96893	0.0063915
4950.90421	6.01E-05
4952.07317	0.0062681
4953.00824	0.0003497
4953.9432	0.0123631
4955.11177	0.0009165
4956.04652	0.0056732
4956.98117	0.005263
4957.91572	0.0031745
4959.08378	0.0026763
4960.01812	0.0055816
4960.95236	0.002918
4962.12002	0.0060752
4963.05404	0.0038832
4963.98797	0.003616
4964.9218	0.0057488
4966.08895	0.0046321
4967.02256	0.0040453
4967.95608	0.0084525
4969.12283	0.0043832
4970.05613	0.0016849
4970.98933	0.0022374
4971.92243	0.0086605
4973.08867	0.0025332
4974.02156	0.0078914
4974.95434	0.0037218
4976.12019	0.002161
4977.05276	0.0040977
4977.98523	0.0006279
4978.91761	0.0019839
4980.08294	0.0055971
4981.0151	0.0049883
4981.94716	0.0091524
4983.1121	0.0030751
4984.04394	0.005682
4984.97568	0.0063853
4985.90733	0.0009256
4987.07175	0.007956
4988.00318	0.0108527
4988.93451	0.0061408
4990.09854	0.0048893
4991.02965	0.0035064
4991.96066	0.0027693
4992.89158	0.0003304
4994.05509	0.0072904
4994.98579	0.0012166
4995.91639	0.0037811
4997.0795	0.0012417
4998.00988	0.0119541
4998.94017	0.0121026
5000.10289	0.0122499
