300 0.0171955
300.150038 0.0174855
300.30015 0.0185957
300.450338 0.0194532
300.6006 0.020217
300.750938 0.0216517
300.901351 0.0234407
301.05184 0.0255549
301.202403 0.0278508
301.353042 0.0294749
301.503756 0.0311477
301.654546 0.0321605
301.805411 0.0328829
301.956351 0.0336767
302.107367 0.0348347
302.258459 0.0364717
302.409626 0.0382721
302.560868 0.0408746
302.712187 0.043631
302.86358 0.0464705
303.01505 0.0495867
303.166596 0.0522274
303.318217 0.0544797
303.469914 0.0559267
303.621687 0.0574761
303.773535 0.0587857
303.92546 0.0588216
304.077461 0.0597706
304.229538 0.0624818
304.38169 0.0653015
304.533919 0.0678093
304.686224 0.0716449
304.838606 0.0757106
304.991063 0.0802726
305.143597 0.0842695
305.296207 0.0879471
305.448893 0.0906118
305.601656 0.0916891
305.754495 0.0922074
305.90741 0.0942106
306.060402 0.0964312
306.21347 0.0965937
306.366615 0.0973617
306.519837 0.101141
306.673135 0.105708
306.82651 0.109083
306.979962 0.114219
307.13349 0.119982
307.287095 0.12547
307.440777 0.129749
307.594536 0.133561
307.748372 0.135545
307.902285 0.135224
308.056274 0.135311
308.210341 0.136806
308.364485 0.140721
308.518705 0.146215
308.673003 0.145336
308.827378 0.146284
308.981831 0.14915
309.13636 0.151987
309.290967 0.157536
309.445651 0.16565
309.600413 0.174035
309.755252 0.179707
309.910168 0.180824
310.065162 0.18181
310.220233 0.18148
310.375382 0.181508
310.530609 0.18688
310.685913 0.190605
310.841294 0.192904
310.996754 0.195921
311.152291 0.197595
311.307906 0.197228
311.463599 0.197233
311.61937 0.201314
311.775219 0.208825
311.931145 0.215729
312.08715 0.220782
312.243232 0.223981
312.399393 0.22796
312.555632 0.233712
312.711949 0.236578
312.868344 0.239388
313.024817 0.240913
313.181368 0.242261
313.337998 0.240221
313.494706 0.234855
313.651493 0.236357
313.808358 0.241404
313.965301 0.24793
314.122323 0.254151
314.279424 0.261159
314.436603 0.269039
314.59386 0.275755
314.751197 0.277907
314.908612 0.277583
315.066105 0.279917
315.223678 0.280637
315.381329 0.278539
315.539059 0.269673
315.696868 0.269817
315.854756 0.278049
316.012723 0.287207
316.170769 0.293386
316.328894 0.297489
316.487098 0.302073
316.645381 0.307349
316.803743 0.311915
316.962184 0.309879
317.120705 0.305998
317.279305 0.307838
317.437984 0.309673
317.596743 0.303946
317.755581 0.30249
317.914499 0.310992
318.073496 0.316766
318.232572 0.32177
318.391728 0.330074
318.550964 0.337706
318.710279 0.341529
318.869674 0.344312
319.029149 0.349366
319.188703 0.3513
319.348338 0.344681
319.508052 0.333889
319.667846 0.335822
319.82772 0.340447
319.987673 0.334193
320.147707 0.334419
320.307821 0.345894
320.468015 0.355136
320.628289 0.359151
320.788643 0.366435
320.949078 0.373211
321.109593 0.378055
321.270187 0.378682
321.430863 0.377902
321.591618 0.379729
321.752454 0.381047
321.913371 0.370745
322.074368 0.356592
322.235445 0.361331
322.396603 0.369374
322.557842 0.36789
322.719161 0.361866
322.880561 0.369665
323.042042 0.379989
323.203603 0.388716
323.365245 0.395488
323.526968 0.401114
323.688772 0.405677
323.850657 0.408941
324.012623 0.409034
324.17467 0.405054
324.336798 0.403739
324.499007 0.405112
324.661297 0.403197
324.823668 0.387537
324.98612 0.386123
325.148654 0.393716
325.311269 0.401319
325.473965 0.400433
325.636743 0.400905
325.799602 0.407689
325.962543 0.414292
326.125565 0.419557
326.288668 0.423693
326.451853 0.426279
326.61512 0.428714
326.778468 0.430762
326.941898 0.430951
327.10541 0.426116
327.269004 0.42285
327.432679 0.425148
327.596437 0.427496
327.760276 0.421928
327.924197 0.4122
328.0882 0.412723
328.252285 0.419611
328.416452 0.426168
328.580702 0.432052
328.745033 0.437033
328.909447 0.441021
329.073942 0.444115
329.238521 0.446766
329.403181 0.448399
329.567924 0.449237
329.732749 0.449585
329.897657 0.450638
330.062647 0.450893
330.227719 0.446133
330.392874 0.441263
330.558112 0.442804
330.723432 0.445802
330.888836 0.446507
331.054321 0.440326
331.21989 0.440854
331.385541 0.445295
331.551275 0.45035
331.717093 0.45433
331.882993 0.457669
332.048976 0.460485
332.215042 0.462813
332.381191 0.464679
332.547423 0.466117
332.713738 0.466824
332.880136 0.466639
333.046618 0.466242
333.213183 0.466631
333.379831 0.466996
333.546563 0.464421
333.713378 0.458887
333.880276 0.4594
334.047258 0.462891
334.214324 0.466674
334.381473 0.469786
334.548705 0.472083
334.716021 0.47372
334.883421 0.475643
335.050905 0.477531
335.218472 0.479176
335.386123 0.480367
335.553858 0.481322
335.721677 0.482012
335.88958 0.482976
336.057567 0.483557
336.225637 0.483453
336.393792 0.482221
336.562031 0.481602
336.730354 0.482724
336.898762 0.483767
337.067253 0.482609
337.235829 0.479047
337.404489 0.479559
337.573233 0.482208
337.742062 0.485002
337.910975 0.487423
338.079973 0.489499
338.249055 0.491461
338.418222 0.492967
338.587474 0.494205
338.75681 0.495157
338.926231 0.496139
339.095736 0.49681
339.265326 0.497465
339.435001 0.497809
339.604761 0.498399
339.774606 0.498966
339.944536 0.498833
340.114551 0.49686
340.28465 0.496751
340.454835 0.498276
340.625105 0.49996
340.79546 0.50159
340.965901 0.503028
341.136426 0.504297
341.307037 0.505438
341.477733 0.506434
341.648515 0.50736
341.819382 0.508058
341.990334 0.508751
342.161372 0.509504
342.332496 0.510258
342.503705 0.510977
342.674999 0.511567
342.84638 0.512008
343.017846 0.512446
343.189398 0.512769
343.361035 0.51335
343.532759 0.514029
343.704568 0.514368
343.876463 0.513666
344.048445 0.512989
344.220512 0.513981
344.392665 0.515443
344.564904 0.516938
344.73723 0.518291
344.909642 0.519411
345.08214 0.520398
345.254724 0.521296
345.427394 0.522136
345.600151 0.522939
345.772995 0.523683
345.945924 0.5245
346.11894 0.525429
346.292043 0.526268
346.465233 0.527034
346.638508 0.527719
346.811871 0.528394
346.98532 0.529004
347.158856 0.529472
347.332479 0.529714
347.506189 0.530213
347.679985 0.530967
347.853869 0.531898
348.027839 0.532793
348.201897 0.533559
348.376041 0.534297
348.550273 0.535031
348.724592 0.535672
348.898997 0.536382
349.073491 0.537082
349.248071 0.537781
349.422739 0.53836
349.597494 0.538929
349.772336 0.539544
349.947266 0.540209
350.122283 0.540845
350.297388 0.541481
350.472581 0.542154
350.647861 0.542816
350.823229 0.54345
350.998684 0.544078
351.174227 0.544613
351.349858 0.544936
351.525577 0.545211
351.701384 0.545632
351.877279 0.546435
352.053261 0.547289
352.229332 0.548077
352.405491 0.548738
352.581737 0.549464
352.758072 0.550185
352.934496 0.550849
353.111007 0.551569
353.287607 0.552194
353.464295 0.552885
353.641071 0.553509
353.817936 0.554132
353.994889 0.554755
354.171931 0.555371
354.349061 0.555932
354.52628 0.556552
354.703587 0.557172
354.880983 0.557725
355.058468 0.558343
355.236042 0.558894
355.413704 0.559511
355.591455 0.560128
355.769296 0.560705
355.947225 0.561286
356.125243 0.561839
356.30335 0.562447
356.481546 0.562999
356.659832 0.56347
356.838206 0.56398
357.01667 0.564495
357.195223 0.565105
357.373865 0.565641
357.552597 0.566188
357.731418 0.566728
357.910328 0.567295
358.089328 0.567805
358.268417 0.568371
358.447596 0.56888
358.626865 0.569444
358.806223 0.569945
358.985671 0.570445
359.165209 0.570944
359.344836 0.571442
359.524554 0.57194
359.704361 0.572477
359.884258 0.573007
360.064245 0.573484
360.244322 0.574073
360.42449 0.574659
360.604747 0.575243
360.785094 0.575862
360.965532 0.576504
361.14606 0.577175
361.326678 0.577878
361.507387 0.578617
361.688186 0.579361
361.869075 0.580122
362.050055 0.58088
362.231125 0.581639
362.412286 0.582399
362.593537 0.58313
362.774879 0.583858
362.956312 0.584583
363.137836 0.585266
363.31945 0.585942
363.501155 0.586619
363.682951 0.587283
363.864838 0.587934
364.046816 0.588564
364.228885 0.589169
364.411045 0.58978
364.593296 0.590384
364.775638 0.590985
364.958072 0.591614
365.140596 0.592227
365.323212 0.592815
365.505919 0.593492
365.688718 0.594083
365.871608 0.594674
366.05459 0.595269
366.237663 0.595848
366.420827 0.596425
366.604084 0.597002
366.787432 0.597585
366.970871 0.598191
367.154402 0.598766
367.338026 0.59934
367.52174 0.599913
367.705547 0.600486
367.889446 0.601058
368.073437 0.601629
368.257519 0.6022
368.441694 0.60277
368.625961 0.603339
368.81032 0.603908
368.994772 0.604476
369.179315 0.605043
369.363951 0.60561
369.548679 0.606175
369.7335 0.606741
369.918413 0.607305
370.103418 0.607869
370.288516 0.608432
370.473707 0.608995
370.65899 0.609556
370.844366 0.610117
371.029834 0.610678
371.215395 0.611238
371.401049 0.611797
371.586796 0.612355
371.772636 0.612913
371.958569 0.61347
372.144595 0.614026
372.330714 0.614582
372.516926 0.615137
372.703231 0.615691
372.889629 0.616244
373.07612 0.616797
373.262705 0.617349
373.449383 0.617902
373.636154 0.618439
373.823019 0.618962
374.009977 0.619512
374.197029 0.62006
374.384174 0.620608
374.571413 0.621156
374.758746 0.621703
374.946172 0.622244
375.133692 0.622765
375.321306 0.623306
375.509013 0.623808
375.696815 0.624349
375.88471 0.624868
376.0727 0.62536
376.260783 0.625901
376.44896 0.626406
376.637232 0.626901
376.825598 0.627395
377.014058 0.627889
377.202612 0.628359
377.39126 0.628829
377.580003 0.629291
377.76884 0.629762
377.957772 0.630209
378.146798 0.630651
378.335919 0.631094
378.525134 0.631553
378.714444 0.63201
378.903848 0.632461
379.093348 0.632922
379.282942 0.633388
379.472631 0.633873
379.662414 0.634353
379.852293 0.634837
380.042267 0.635349
380.232335 0.635889
380.422499 0.636453
380.612758 0.637005
380.803112 0.637592
380.993561 0.638183
381.184105 0.638776
381.374745 0.639376
381.56548 0.639991
381.756311 0.640605
381.947236 0.641219
382.138258 0.641819
382.329375 0.642408
382.520587 0.643015
382.711895 0.643598
382.903299 0.644183
383.094799 0.644749
383.286394 0.645313
383.478085 0.645875
383.669872 0.646437
383.861755 0.64698
384.053734 0.647503
384.245809 0.648061
384.43798 0.648595
384.630247 0.649106
384.82261 0.649663
385.015069 0.650172
385.207625 0.650692
385.400277 0.651221
385.593025 0.651728
385.78587 0.652235
385.978811 0.652751
386.171849 0.653289
386.364983 0.653794
386.558214 0.654298
386.751541 0.654801
386.944965 0.655304
387.138486 0.655806
387.332104 0.656308
387.525818 0.656808
387.71963 0.657308
387.913538 0.657808
388.107543 0.658306
388.301646 0.658804
388.495845 0.659302
388.690141 0.659798
388.884535 0.660294
389.079026 0.66079
389.273614 0.661284
389.4683 0.661778
389.663082 0.662272
389.857963 0.662764
390.05294 0.663256
390.248016 0.663747
390.443188 0.664238
390.638459 0.664739
390.833827 0.665238
391.029293 0.665724
391.224856 0.666211
391.420518 0.666717
391.616277 0.667204
391.812134 0.66769
392.008089 0.668175
392.204142 0.668659
392.400293 0.669143
392.596542 0.669626
392.79289 0.670109
392.989335 0.67059
393.185879 0.671071
393.382521 0.671552
393.579262 0.672031
393.7761 0.67251
393.973038 0.672989
394.170073 0.673466
394.367208 0.673944
394.564441 0.67442
394.761772 0.674895
394.959202 0.67537
395.156731 0.675845
395.354359 0.676318
395.552086 0.676791
395.749911 0.677264
395.947836 0.677735
396.145859 0.678206
396.343982 0.678665
396.542203 0.67908
396.740524 0.679612
396.938944 0.68005
397.137463 0.680469
397.336081 0.680786
397.534799 0.681372
397.733616 0.681945
397.932533 0.682402
398.131549 0.682847
398.330664 0.683308
398.529879 0.683712
398.729194 0.684249
398.928608 0.684653
399.128123 0.685166
399.327737 0.685594
399.52745 0.686075
399.727264 0.686479
399.927178 0.68699
400.127191 0.687433
400.327305 0.687909
400.527519 0.688428
400.727832 0.688869
400.928246 0.689385
401.128761 0.68987
401.329375 0.690354
401.53009 0.690847
401.730905 0.691307
401.931821 0.691786
402.132837 0.692263
402.333954 0.692739
402.535171 0.693215
402.736489 0.69369
402.937908 0.694164
403.139427 0.694638
403.341047 0.695112
403.542768 0.695584
403.74459 0.696056
403.946513 0.696527
404.148536 0.696998
404.350661 0.697468
404.552887 0.697937
404.755214 0.698406
404.957642 0.698874
405.160172 0.699342
405.362802 0.699808
405.565535 0.700274
405.768368 0.700739
405.971303 0.701202
406.174339 0.701624
406.377477 0.702088
406.580717 0.702564
406.784058 0.703071
406.987501 0.703547
407.191046 0.704005
407.394692 0.704462
407.59844 0.704919
407.80229 0.705375
408.006243 0.70583
408.210297 0.706285
408.414453 0.70674
408.618711 0.707194
408.823072 0.707648
409.027534 0.708101
409.232099 0.708541
409.436766 0.708965
409.641536 0.709419
409.846408 0.709872
410.051382 0.710324
410.256459 0.710775
410.461639 0.711226
410.666921 0.711677
410.872306 0.712126
411.077793 0.712575
411.283384 0.713024
411.489077 0.713471
411.694873 0.713918
411.900772 0.714365
412.106773 0.714811
412.312878 0.715256
412.519086 0.715701
412.725397 0.716145
412.931812 0.716588
413.138329 0.717031
413.34495 0.717473
413.551674 0.717915
413.758502 0.718355
413.965433 0.718796
414.172467 0.719235
414.379605 0.719671
414.586847 0.720109
414.794192 0.720551
415.001641 0.720988
415.209194 0.721415
415.41685 0.72184
415.624611 0.722272
415.832475 0.7227
416.040443 0.723134
416.248515 0.723565
416.456692 0.723995
416.664972 0.724414
416.873357 0.724838
417.081845 0.725282
417.290439 0.725711
417.499136 0.726127
417.707938 0.726527
417.916844 0.726956
418.125855 0.727383
418.33497 0.727811
418.54419 0.728237
418.753514 0.728663
418.962943 0.729089
419.172477 0.729513
419.382116 0.729938
419.591859 0.730361
419.801707 0.730784
420.011661 0.731206
420.221719 0.731628
420.431883 0.732049
420.642151 0.73247
420.852525 0.73289
421.063004 0.733309
421.273588 0.733728
421.484277 0.734146
421.695072 0.734563
421.905972 0.73498
422.116978 0.735396
422.328089 0.735812
422.539306 0.736224
422.750629 0.736632
422.962057 0.737039
423.173591 0.737444
423.38523 0.737847
423.596976 0.73825
423.808827 0.738616
424.020785 0.739027
424.232848 0.739437
424.445018 0.739846
424.657293 0.740255
424.869675 0.740656
425.082163 0.741056
425.294757 0.741458
425.507458 0.741859
425.720265 0.74226
425.933178 0.74266
426.146198 0.743063
426.359324 0.743467
426.572557 0.74387
426.785897 0.744275
426.999343 0.744678
427.212896 0.745083
427.426556 0.745483
427.640323 0.745881
427.854196 0.746296
428.068177 0.746699
428.282264 0.7471
428.496459 0.747501
428.710761 0.747897
428.92517 0.748302
429.139686 0.748693
429.35431 0.749091
429.56904 0.749489
429.783879 0.749886
429.998824 0.75028
430.213878 0.75067
430.429038 0.751059
430.644307 0.751448
430.859683 0.751835
431.075166 0.752221
431.290758 0.752601
431.506457 0.752968
431.722264 0.753329
431.938179 0.753718
432.154202 0.754083
432.370334 0.754459
432.586573 0.754838
432.80292 0.755206
433.019376 0.755563
433.23594 0.755948
433.452612 0.756333
433.669392 0.756717
433.886281 0.757101
434.103278 0.757484
434.320384 0.757866
434.537599 0.758248
434.754922 0.75863
434.972354 0.75901
435.189894 0.759391
435.407544 0.75977
435.625302 0.760149
435.843169 0.760528
436.061145 0.760906
436.27923 0.761283
436.497424 0.76166
436.715728 0.762036
436.93414 0.762412
437.152662 0.762778
437.371293 0.763142
437.590033 0.763504
437.808883 0.763864
438.027842 0.764218
438.246911 0.764562
438.466089 0.764933
438.685377 0.765288
438.904774 0.765641
439.124282 0.765953
439.343899 0.766316
439.563626 0.766675
439.783462 0.76699
440.003409 0.767303
440.223466 0.767636
440.443633 0.768012
440.663909 0.768339
440.884296 0.768674
441.104794 0.769029
441.325401 0.76926
441.546119 0.769573
441.766947 0.769909
441.987886 0.77026
442.208935 0.770591
442.430095 0.770953
442.651365 0.77023
442.872746 0.771325
443.094238 0.771311
443.315841 0.772309
443.537554 0.772661
443.759378 0.773003
443.981313 0.773339
444.20336 0.77372
444.425517 0.773792
444.647785 0.774478
444.870165 0.774338
445.092655 0.77499
445.315257 0.775243
445.537971 0.775796
445.760795 0.776015
445.983731 0.776221
446.206779 0.776906
446.429938 0.776915
446.653209 0.777663
446.876591 0.777967
447.100086 0.778145
447.323692 0.778647
447.547409 0.77903
447.771239 0.779365
447.995181 0.779783
448.219234 0.780155
448.4434 0.780475
448.667678 0.780866
448.892067 0.78121
449.11657 0.781577
449.341184 0.781907
449.565911 0.782273
449.79075 0.782588
450.015702 0.782931
450.240766 0.783273
450.465942 0.783615
450.691232 0.784001
450.916634 0.784325
451.142148 0.784637
451.367776 0.784977
451.593516 0.785335
451.819369 0.785708
452.045336 0.786041
452.271415 0.78638
452.497607 0.786719
452.723912 0.787052
452.950331 0.787389
453.176863 0.78772
453.403508 0.788061
453.630266 0.7884
453.857138 0.788734
454.084123 0.789063
454.311222 0.789377
454.538435 0.789677
454.765761 0.790009
454.9932 0.79034
455.220754 0.790658
455.448421 0.790964
455.676202 0.791236
455.904097 0.791565
456.132106 0.791869
456.36023 0.792154
456.588467 0.792445
456.816818 0.792714
457.045284 0.793013
457.273863 0.7933
457.502557 0.793569
457.731366 0.793826
457.960289 0.794121
458.189326 0.794379
458.418478 0.794668
458.647745 0.794929
458.877126 0.795212
459.106622 0.795478
459.336233 0.795755
459.565958 0.796017
459.795799 0.796296
460.025754 0.796568
460.255824 0.796849
460.48601 0.797131
460.71631 0.7974
460.946726 0.797695
461.177257 0.79799
461.407903 0.798283
461.638665 0.798572
461.869542 0.798887
462.100535 0.799192
462.331643 0.799472
462.562866 0.799785
462.794205 0.800101
463.02566 0.800421
463.257231 0.800759
463.488918 0.801082
463.72072 0.801439
463.952638 0.801749
464.184673 0.80207
464.416823 0.802414
464.64909 0.802731
464.881472 0.803095
465.113971 0.803423
465.346586 0.803709
465.579318 0.80403
465.812166 0.804351
466.04513 0.804653
466.278211 0.804885
466.511408 0.805189
466.744722 0.805462
466.978153 0.805709
467.2117 0.805982
467.445365 0.80616
467.679146 0.806473
467.913044 0.806706
468.147059 0.806948
468.381191 0.807214
468.61544 0.807399
468.849806 0.807608
469.08429 0.807869
469.318891 0.808066
469.553609 0.80822
469.788444 0.808253
470.023397 0.808668
470.258468 0.808898
470.493656 0.809205
470.728961 0.809394
470.964385 0.809582
471.199926 0.809688
471.435585 0.810026
471.671361 0.810232
471.907256 0.810475
472.143269 0.81062
472.379399 0.810827
472.615648 0.811067
472.852015 0.811141
473.0885 0.8114
473.325103 0.811561
473.561825 0.811782
473.798665 0.811922
474.035624 0.812045
474.272701 0.812213
474.509897 0.812251
474.747211 0.81231
474.984644 0.812354
475.222195 0.812359
475.459866 0.812284
475.697655 0.81229
475.935564 0.81223
476.173591 0.812092
476.411737 0.812119
476.650003 0.812173
476.888387 0.812238
477.126891 0.812373
477.365514 0.812587
477.604257 0.81291
477.843119 0.813219
478.0821 0.813526
478.321201 0.813908
478.560421 0.81432
478.799761 0.814731
479.039221 0.815169
479.2788 0.815593
479.5185 0.815987
479.758319 0.81638
479.998258 0.816817
480.238317 0.817264
480.478496 0.817664
480.718796 0.818037
480.959215 0.818434
481.199755 0.818854
481.440415 0.819229
481.681195 0.819577
481.922096 0.819956
482.163117 0.820347
482.404259 0.820731
482.645522 0.821078
482.886905 0.821422
483.128409 0.821779
483.370033 0.822157
483.611779 0.822557
483.853645 0.822934
484.095632 0.82325
484.337741 0.823584
484.57997 0.823948
484.822321 0.824256
485.064792 0.824457
485.307385 0.824834
485.5501 0.825181
485.792936 0.825498
486.035893 0.825943
486.278972 0.82627
486.522172 0.826518
486.765494 0.826803
487.008937 0.827049
487.252503 0.827263
487.49619 0.827589
487.739999 0.827922
487.98393 0.828061
488.227983 0.828356
488.472158 0.828537
488.716455 0.828846
488.960874 0.828985
489.205416 0.829091
489.45008 0.829423
489.694866 0.829572
489.939775 0.829867
490.184806 0.830087
490.429959 0.830255
490.675236 0.830517
490.920635 0.830742
491.166156 0.830945
491.411801 0.831198
491.657568 0.831454
491.903458 0.831681
492.149472 0.831925
492.395608 0.832153
492.641867 0.832405
492.88825 0.832626
493.134756 0.832854
493.381385 0.833071
493.628137 0.833304
493.875013 0.833526
494.122012 0.833729
494.369135 0.833973
494.616381 0.834193
494.863751 0.834409
495.111245 0.834617
495.358863 0.834806
495.606604 0.834993
495.854469 0.835178
496.102458 0.835353
496.350572 0.835505
496.598809 0.83567
496.84717 0.835831
497.095656 0.836013
497.344266 0.836161
497.593 0.836288
497.841859 0.836429
498.090842 0.836551
498.33995 0.836632
498.589182 0.83674
498.838539 0.836826
499.088021 0.836933
499.337627 0.836965
499.587358 0.837078
499.837215 0.837146
500.087196 0.837205
500.337302 0.837217
500.587533 0.837315
500.837889 0.837389
501.088371 0.83736
501.338978 0.837415
501.58971 0.837438
501.840568 0.837282
502.091551 0.836991
502.342659 0.837817
502.593893 0.837456
502.845253 0.83734
503.096738 0.836408
503.34835 0.837393
503.600087 0.833856
503.85195 0.834251
504.103939 0.836522
504.356054 0.83441
504.608295 0.837326
504.860662 0.838385
505.113156 0.838484
505.365775 0.838762
505.618521 0.839171
505.871394 0.836074
506.124393 0.838708
506.377518 0.839975
506.63077 0.839448
506.884149 0.838301
507.137655 0.83992
507.391287 0.839672
507.645046 0.840875
507.898932 0.839871
508.152945 0.840291
508.407085 0.841708
508.661352 0.841607
508.915746 0.842212
509.170268 0.843281
509.424916 0.842212
509.679693 0.843021
509.934596 0.843971
510.189627 0.844055
510.444786 0.843966
510.700072 0.844849
510.955486 0.845011
511.211028 0.844785
511.466697 0.845552
511.722494 0.845562
511.978419 0.845886
512.234473 0.845989
512.490654 0.846187
512.746963 0.84637
513.003401 0.846607
513.259967 0.846741
513.516661 0.846907
513.773483 0.847075
514.030434 0.847237
514.287514 0.847382
514.544722 0.84755
514.802059 0.847688
515.059524 0.847818
515.317118 0.847965
515.574841 0.848134
515.832693 0.848288
516.090674 0.848446
516.348784 0.848605
516.607023 0.848761
516.865391 0.848918
517.123888 0.849077
517.382515 0.849237
517.641271 0.8494
517.900156 0.849558
518.159171 0.849701
518.418315 0.849821
518.677589 0.84997
518.936993 0.850132
519.196526 0.850276
519.456189 0.850419
519.715982 0.850561
519.975905 0.850703
520.235958 0.850819
520.496141 0.850927
520.756454 0.850996
521.016898 0.851088
521.277471 0.851192
521.538175 0.851266
521.79901 0.851345
522.059974 0.851426
522.32107 0.851478
522.582295 0.851508
522.843652 0.851555
523.105139 0.851597
523.366757 0.851568
523.628506 0.851547
523.890386 0.851593
524.152396 0.851373
524.414538 0.851433
524.676811 0.851452
524.939215 0.851516
525.20175 0.851446
525.464417 0.851515
525.727215 0.851676
525.990144 0.851663
526.253205 0.85164
526.516397 0.851623
526.779721 0.851387
527.043177 0.851488
527.306764 0.85146
527.570484 0.851577
527.834335 0.851496
528.098318 0.851581
528.362433 0.851605
528.62668 0.851498
528.89106 0.851496
529.155572 0.851533
529.420215 0.851645
529.684992 0.851611
529.9499 0.851602
530.214942 0.851704
530.480115 0.851702
530.745422 0.851731
531.010861 0.851868
531.276433 0.851913
531.542137 0.852006
531.807975 0.852087
532.073945 0.852234
532.340049 0.852372
532.606285 0.852467
532.872655 0.852621
533.139158 0.852774
533.405794 0.852961
533.672564 0.853147
533.939467 0.853362
534.206503 0.853568
534.473673 0.853773
534.740977 0.854021
535.008414 0.854262
535.275986 0.854501
535.54369 0.854759
535.811529 0.855013
536.079502 0.855233
536.347609 0.855457
536.61585 0.855635
536.884225 0.855882
537.152734 0.856037
537.421377 0.856283
537.690155 0.856387
537.959068 0.856622
538.228114 0.856749
538.497296 0.856797
538.766612 0.856952
539.036062 0.857082
539.305648 0.857087
539.575368 0.857344
539.845223 0.857134
540.115213 0.857396
540.385338 0.857129
540.655599 0.857543
540.925994 0.856563
541.196525 0.856709
541.467191 0.856058
541.737992 0.857541
542.008929 0.857144
542.280001 0.857284
542.551209 0.857314
542.822552 0.858124
543.094031 0.857855
543.365646 0.858228
543.637397 0.856786
543.909283 0.857572
544.181306 0.858419
544.453465 0.858043
544.72576 0.858682
544.998191 0.857651
545.270758 0.858723
545.543461 0.858907
545.816301 0.85792
546.089278 0.858247
546.362391 0.858005
546.63564 0.85896
546.909026 0.859111
547.182549 0.859217
547.456209 0.859659
547.730005 0.859836
548.003939 0.859628
548.278009 0.860049
548.552217 0.860309
548.826562 0.860326
549.101043 0.860614
549.375663 0.86065
549.650419 0.860609
549.925313 0.860823
550.200345 0.860996
550.475513 0.861217
550.75082 0.861341
551.026264 0.861276
551.301846 0.861514
551.577566 0.86163
551.853424 0.86171
552.12942 0.861873
552.405553 0.861961
552.681825 0.862005
552.958235 0.862158
553.234783 0.862183
553.51147 0.86226
553.788295 0.862351
554.065258 0.862432
554.34236 0.862496
554.619601 0.862545
554.89698 0.862581
555.174498 0.86262
555.452154 0.862662
555.72995 0.862702
556.007884 0.86272
556.285958 0.862714
556.56417 0.862743
556.842522 0.862752
557.121013 0.862728
557.399643 0.862729
557.678413 0.862721
557.957321 0.862687
558.23637 0.862657
558.515558 0.862604
558.794885 0.862531
559.074353 0.86248
559.35396 0.86243
559.633707 0.862364
559.913594 0.862283
560.19362 0.86224
560.473787 0.862176
560.754094 0.862101
561.034541 0.861985
561.315129 0.861943
561.595856 0.861878
561.876725 0.861744
562.157733 0.861704
562.438882 0.861632
562.720172 0.861528
563.001603 0.861422
563.283174 0.8614
563.564886 0.86135
563.846739 0.861259
564.128733 0.861137
564.410867 0.861077
564.693143 0.861055
564.975561 0.860894
565.258119 0.860875
565.540819 0.860758
565.82366 0.860716
566.106642 0.860596
566.389767 0.860482
566.673032 0.860293
566.95644 0.860215
567.239989 0.859992
567.52368 0.859605
567.807512 0.859559
568.091487 0.859281
568.375604 0.858296
568.659863 0.85674
568.944264 0.856489
569.228807 0.856122
569.513493 0.855891
569.798321 0.85766
570.083291 0.854692
570.368404 0.856773
570.653659 0.858026
570.939058 0.857742
571.224598 0.857225
571.510282 0.857128
571.796109 0.856444
572.082078 0.854845
572.368191 0.855927
572.654447 0.856607
572.940845 0.855234
573.227387 0.855353
573.514073 0.856282
573.800902 0.85461
574.087874 0.856314
574.374989 0.855582
574.662249 0.854071
574.949652 0.856326
575.237198 0.85641
575.524889 0.855377
575.812723 0.85645
576.100702 0.856246
576.388824 0.855968
576.67709 0.857298
576.965501 0.856842
577.254056 0.857022
577.542755 0.857084
577.831599 0.857865
578.120587 0.858387
578.409719 0.858511
578.698997 0.859386
578.988418 0.859667
579.277985 0.860401
579.567696 0.860897
579.857553 0.861626
580.147554 0.86242
580.4377 0.86319
580.727992 0.863629
581.018428 0.864579
581.30901 0.865211
581.599737 0.865606
581.89061 0.866166
582.181628 0.8669
582.472792 0.867246
582.764101 0.867927
583.055556 0.868049
583.347156 0.86867
583.638903 0.86892
583.930795 0.869396
584.222834 0.869753
584.515018 0.870091
584.807349 0.870324
585.099826 0.870656
585.392449 0.870821
585.685218 0.87119
585.978134 0.871175
586.271196 0.87084
586.564405 0.871699
586.857761 0.870893
587.151263 0.870139
587.444912 0.871563
587.738708 0.868114
588.032651 0.868566
588.32674 0.86295
588.620977 0.861893
588.915361 0.856918
589.209893 0.854124
589.504571 0.862417
589.799397 0.861651
590.094371 0.852092
590.389492 0.858043
590.68476 0.868917
590.980177 0.862016
591.275741 0.864557
591.571452 0.862544
591.867312 0.862577
592.16332 0.853415
592.459475 0.853624
592.755779 0.869245
593.052231 0.868634
593.348831 0.863396
593.64558 0.870017
593.942477 0.871168
594.239523 0.855417
594.536717 0.856783
594.834059 0.854018
595.131551 0.859923
595.429191 0.870862
595.72698 0.867421
596.024918 0.860157
596.323005 0.870863
596.621241 0.872483
596.919626 0.85754
597.218161 0.867482
597.516844 0.872481
597.815677 0.861161
598.11466 0.871454
598.413792 0.871352
598.713074 0.870534
599.012505 0.869134
599.312086 0.869051
599.611817 0.871378
599.911698 0.871854
600.211729 0.871471
600.51191 0.871791
600.812241 0.873468
601.112722 0.873154
601.413354 0.873407
601.714136 0.872423
602.015068 0.873813
602.316151 0.874277
602.617384 0.874267
602.918768 0.874138
603.220303 0.874605
603.521988 0.874976
603.823825 0.87517
604.125812 0.875419
604.427951 0.875531
604.73024 0.875834
605.032681 0.876032
605.335273 0.876315
605.638016 0.876537
605.940911 0.876775
606.243957 0.877076
606.547155 0.877343
606.850504 0.877586
607.154005 0.877892
607.457658 0.878191
607.761463 0.878467
608.06542 0.878754
608.369529 0.879027
608.673789 0.879347
608.978202 0.879607
609.282768 0.879936
609.587485 0.880255
609.892355 0.880548
610.197378 0.880835
610.502553 0.881168
610.80788 0.881435
611.11336 0.88175
611.418994 0.882049
611.724779 0.882313
612.030718 0.882593
612.33681 0.882894
612.643055 0.883154
612.949453 0.883412
613.256005 0.883659
613.562709 0.883907
613.869567 0.884183
614.176579 0.884436
614.483744 0.884669
614.791063 0.884915
615.098535 0.885149
615.406161 0.88538
615.713941 0.885626
616.021875 0.885844
616.329963 0.886062
616.638205 0.886275
616.946601 0.886493
617.255152 0.886677
617.563857 0.886891
617.872716 0.88708
618.181729 0.887251
618.490897 0.887411
618.80022 0.887577
619.109698 0.88775
619.41933 0.887885
619.729117 0.888007
620.039059 0.888138
620.349156 0.888284
620.659408 0.888365
620.969816 0.888478
621.280378 0.888605
621.591096 0.8887
621.901969 0.888783
622.212998 0.888845
622.524182 0.888896
622.835522 0.888979
623.147018 0.889047
623.458669 0.889114
623.770477 0.889174
624.08244 0.889205
624.394559 0.889282
624.706834 0.889278
625.019266 0.889269
625.331854 0.88938
625.644598 0.889407
625.957498 0.889406
626.270555 0.888931
626.583769 0.889348
626.897139 0.888354
627.210666 0.889234
627.52435 0.888363
627.83819 0.850875
628.152188 0.854736
628.466343 0.874153
628.780654 0.886183
629.095123 0.876988
629.409749 0.876484
629.724533 0.876763
630.039474 0.876661
630.354573 0.880524
630.669829 0.886784
630.985242 0.887547
631.300814 0.885617
631.616543 0.887779
631.93243 0.88865
632.248476 0.889567
632.564679 0.89009
632.88104 0.893699
633.19756 0.893033
633.514238 0.8934
633.831074 0.894601
634.148069 0.89516
634.465222 0.89477
634.782534 0.8949
635.100005 0.896293
635.417634 0.897009
635.735423 0.897647
636.05337 0.897371
636.371476 0.897911
636.689741 0.899223
637.008166 0.89897
637.32675 0.89883
637.645493 0.900221
637.964395 0.900748
638.283457 0.900924
638.602679 0.901361
638.92206 0.901917
639.241601 0.901983
639.561301 0.902578
639.881162 0.90286
640.201183 0.903223
640.521363 0.903644
640.841704 0.903988
641.162205 0.904077
641.482866 0.904729
641.803688 0.904854
642.12467 0.905218
642.445812 0.905889
642.767116 0.905355
643.08858 0.906156
643.410204 0.905864
643.73199 0.906544
644.053936 0.906565
644.376044 0.906892
644.698312 0.906678
645.020742 0.90661
645.343333 0.907516
645.666086 0.906289
645.988999 0.903556
646.312075 0.905098
646.635311 0.902772
646.95871 0.901009
647.28227 0.899862
647.605992 0.886623
647.929876 0.902975
648.253922 0.896751
648.57813 0.891848
648.9025 0.902666
649.227033 0.899388
649.551727 0.900877
649.876584 0.899393
650.201604 0.910591
650.526786 0.907601
650.852131 0.91095
651.177638 0.908286
651.503308 0.897384
651.829141 0.887359
652.155138 0.90507
652.481297 0.903965
652.807619 0.912224
653.134104 0.911974
653.460753 0.903675
653.787565 0.909869
654.114541 0.913262
654.44168 0.901639
654.768982 0.912483
655.096449 0.903885
655.424079 0.903249
655.751873 0.909465
656.079831 0.910846
656.407953 0.911081
656.736239 0.909328
657.064689 0.912434
657.393303 0.909337
657.722082 0.908108
658.051025 0.916102
658.380133 0.912381
658.709406 0.912046
659.038843 0.916107
659.368445 0.916517
659.698211 0.916058
660.028143 0.915445
660.358239 0.916443
660.688501 0.917271
661.018928 0.918165
661.34952 0.917394
661.680277 0.918598
662.0112 0.918718
662.342289 0.918756
662.673543 0.919015
663.004962 0.918975
663.336548 0.919315
663.668299 0.919792
664.000216 0.920002
664.332299 0.919558
664.664548 0.920252
664.996964 0.920342
665.329545 0.920731
665.662293 0.920943
665.995208 0.921252
666.328288 0.921101
666.661536 0.921468
666.99495 0.921935
667.328531 0.9219
667.662279 0.922271
667.996193 0.9225
668.330275 0.922694
668.664523 0.922751
668.998939 0.923043
669.333522 0.923274
669.668273 0.923483
670.003191 0.923657
670.338276 0.923856
670.673529 0.924045
671.00895 0.924247
671.344538 0.924421
671.680294 0.924629
672.016218 0.924823
672.35231 0.924988
672.688571 0.925185
673.024999 0.925374
673.361596 0.925556
673.698361 0.925742
674.035294 0.925915
674.372396 0.926078
674.709667 0.926245
675.047106 0.92642
675.384714 0.926596
675.72249 0.926768
676.060436 0.926926
676.398551 0.927116
676.736835 0.927281
677.075288 0.92745
677.41391 0.927606
677.752702 0.92779
678.091663 0.92796
678.430793 0.928051
678.770094 0.928235
679.109564 0.928395
679.449203 0.928544
679.789013 0.928613
680.128992 0.928796
680.469142 0.928888
680.809461 0.928978
681.149951 0.929262
681.490611 0.929223
681.831442 0.929362
682.172443 0.929555
682.513614 0.929439
682.854957 0.929672
683.196469 0.929853
683.538153 0.92993
683.880008 0.93022
684.222033 0.929889
684.56423 0.930133
684.906597 0.930393
685.249136 0.930915
685.591846 0.930405
685.934728 0.930968
686.277781 0.930955
686.621006 0.929935
686.964402 0.661711
687.30797 0.638754
687.65171 0.741284
687.995622 0.787108
688.339706 0.903431
688.683962 0.835488
689.02839 0.769168
689.37299 0.805154
689.717763 0.826434
690.062708 0.858361
690.407826 0.873141
690.753116 0.837781
691.098579 0.854151
691.444214 0.867516
691.790023 0.927347
692.136005 0.883465
692.482159 0.883088
692.828487 0.925749
693.174988 0.883551
693.521662 0.903173
693.868509 0.903787
694.21553 0.886049
694.562725 0.896061
694.910093 0.9021
695.257635 0.909151
695.605351 0.918109
695.95324 0.897316
696.301304 0.8998
696.649542 0.927054
696.997954 0.935539
697.34654 0.927442
697.6953 0.93397
698.044235 0.926944
698.393344 0.929355
698.742628 0.914226
699.092087 0.904065
699.44172 0.908739
699.791529 0.932565
700.141512 0.90884
700.49167 0.922339
700.842004 0.910051
701.192512 0.916125
701.543196 0.932865
701.894056 0.904976
702.24509 0.926355
702.596301 0.916631
702.947687 0.901914
703.299248 0.935856
703.650986 0.937962
704.002899 0.909522
704.354989 0.931185
704.707254 0.932644
705.059696 0.933296
705.412314 0.914058
705.765109 0.929058
706.118079 0.930376
706.471227 0.931102
706.824551 0.927413
707.178051 0.93633
707.531729 0.932126
707.885583 0.93026
708.239614 0.93132
708.593823 0.937552
708.948208 0.931087
709.302771 0.936846
709.657511 0.934584
710.012428 0.934249
710.367523 0.934494
710.722796 0.93393
711.078246 0.936408
711.433874 0.936866
711.78968 0.938711
712.145664 0.935262
712.501826 0.937397
712.858166 0.936443
713.214684 0.934337
713.57138 0.937618
713.928255 0.93533
714.285309 0.936265
714.642541 0.934607
714.999951 0.930085
715.357541 0.928456
715.715309 0.93261
716.073256 0.928975
716.431382 0.92744
716.789687 0.897286
717.148172 0.850181
717.506836 0.828277
717.865679 0.812147
718.224701 0.854519
718.583904 0.829666
718.943285 0.763472
719.302847 0.823051
719.662588 0.822792
720.022509 0.857472
720.382611 0.794217
720.742892 0.784539
721.103354 0.903008
721.463995 0.92563
721.824818 0.903123
722.18582 0.932373
722.547004 0.898653
722.908367 0.90119
723.269912 0.910499
723.631637 0.765792
723.993544 0.907031
724.355631 0.825895
724.717899 0.820847
725.080349 0.881253
725.44298 0.787794
725.805792 0.908167
726.168785 0.882364
726.531961 0.857349
726.895317 0.867903
727.258856 0.908318
727.622576 0.823664
727.986479 0.808994
728.350563 0.903668
728.714829 0.938989
729.079278 0.813938
729.443908 0.873101
729.808722 0.898507
730.173717 0.90025
730.538895 0.828685
730.904256 0.919137
731.2698 0.877001
731.635526 0.893488
732.001435 0.86733
732.367527 0.935757
732.733803 0.922937
733.100261 0.923917
733.466903 0.906485
733.833728 0.93059
734.200737 0.939798
734.567929 0.925652
734.935305 0.93775
735.302864 0.923875
735.670608 0.932697
736.038535 0.93453
736.406646 0.9161
736.774942 0.935669
737.143421 0.924054
737.512085 0.937525
737.880933 0.938308
738.249966 0.942082
738.619183 0.931287
738.988585 0.944962
739.358172 0.932741
739.727943 0.938549
740.0979 0.943491
740.468041 0.945732
740.838368 0.945021
741.20888 0.942693
741.579577 0.946032
741.950459 0.947558
742.321527 0.94598
742.692781 0.944969
743.06422 0.948399
743.435845 0.94862
743.807656 0.948423
744.179653 0.947513
744.551836 0.948702
744.924205 0.949114
745.29676 0.948625
745.669502 0.948821
746.04243 0.948944
746.415544 0.949438
746.788845 0.949328
747.162333 0.949258
747.536007 0.949674
747.909869 0.949551
748.283917 0.949782
748.658153 0.949947
749.032576 0.949978
749.407186 0.950116
749.781983 0.950202
750.156968 0.950345
750.53214 0.950314
750.9075 0.950602
751.283047 0.950772
751.658783 0.950841
752.034706 0.950985
752.410818 0.951145
752.787117 0.951299
753.163605 0.951381
753.540281 0.951537
753.917145 0.951608
754.294198 0.951739
754.671439 0.951896
755.048869 0.951955
755.426488 0.952093
755.804296 0.952182
756.182292 0.95228
756.560478 0.952413
756.938853 0.952494
757.317417 0.952563
757.69617 0.952651
758.075113 0.952759
758.454246 0.952702
758.833567 0.952431
759.213079 0.950116
759.592781 0.659245
759.972672 0.369342
760.352753 0.262689
760.733025 0.195892
761.113486 0.280149
761.494138 0.479862
761.874981 0.66669
762.256013 0.741716
762.637237 0.522541
763.018651 0.481739
763.400255 0.472954
763.782051 0.485319
764.164037 0.520698
764.546215 0.640045
764.928584 0.7123
765.311143 0.710631
765.693895 0.677462
766.076837 0.754201
766.459972 0.919518
766.843297 0.792008
767.226815 0.835375
767.610524 0.949973
767.994425 0.871425
768.378519 0.926276
768.762804 0.926431
769.147282 0.91895
769.531951 0.952073
769.916814 0.934716
770.301868 0.949483
770.687115 0.950043
771.072555 0.952972
771.458188 0.952389
771.844014 0.953038
772.230032 0.95314
772.616244 0.953314
773.002648 0.95439
773.389246 0.954348
773.776038 0.95407
774.163022 0.954359
774.550201 0.954568
774.937573 0.955086
775.325138 0.954808
775.712898 0.954898
776.100851 0.955168
776.488999 0.955113
776.87734 0.955199
777.265876 0.955279
777.654606 0.955225
778.043531 0.955331
778.43265 0.955347
778.821963 0.955426
779.211472 0.955427
779.601175 0.955471
779.991073 0.955633
780.381166 0.955474
780.771454 0.955816
781.161937 0.955791
781.552616 0.955931
781.94349 0.955832
782.33456 0.955958
782.725825 0.956084
783.117285 0.95613
783.508942 0.956162
783.900794 0.956186
784.292843 0.955415
784.685087 0.955061
785.077528 0.956142
785.470165 0.955891
785.862998 0.955405
786.256028 0.955514
786.649254 0.949097
787.042677 0.952245
787.436297 0.952943
787.830114 0.946848
788.224127 0.949393
788.618338 0.954139
789.012745 0.944747
789.40735 0.937985
789.802153 0.936073
790.197153 0.945692
790.59235 0.944358
790.987745 0.938977
791.383338 0.950357
791.779128 0.945911
792.175117 0.941473
792.571304 0.948295
792.967688 0.940113
793.364271 0.953113
793.761053 0.957858
794.158032 0.957608
794.555211 0.954942
794.952588 0.953439
795.350163 0.953073
795.747938 0.953345
796.145911 0.931483
796.544084 0.929493
796.942455 0.948392
797.341026 0.949735
797.739796 0.952309
798.138766 0.952882
798.537935 0.948035
798.937304 0.951995
799.336873 0.953567
799.736641 0.952905
800.136609 0.934924
800.536778 0.953414
800.937146 0.93753
801.337715 0.944607
801.738484 0.949221
802.139453 0.94867
802.540623 0.941642
802.941994 0.942131
803.343565 0.955459
803.745338 0.939601
804.147311 0.952783
804.549485 0.943246
804.95186 0.950323
805.354437 0.955628
805.757215 0.95612
806.160194 0.955137
806.563375 0.951642
806.966757 0.957756
807.370342 0.952113
807.774128 0.955177
808.178116 0.953234
808.582306 0.947271
808.986698 0.956751
809.391293 0.952076
809.79609 0.942032
810.201089 0.948533
810.606291 0.950649
811.011695 0.939656
811.417302 0.927213
811.823112 0.950586
812.229126 0.930652
812.635342 0.924184
813.041761 0.935843
813.448383 0.865034
813.855209 0.895556
814.262239 0.862137
814.669472 0.902088
815.076908 0.82671
815.484549 0.851388
815.892393 0.859077
816.300441 0.794156
816.708693 0.82905
817.11715 0.799512
817.52581 0.938952
817.934676 0.747036
818.343745 0.868615
818.753019 0.897865
819.162498 0.854241
819.572182 0.875297
819.98207 0.847058
820.392164 0.893975
820.802463 0.951731
821.212966 0.934613
821.623676 0.922658
822.03459 0.906826
822.44571 0.885665
822.857036 0.721867
823.268567 0.697309
823.680305 0.881398
824.092248 0.912673
824.504397 0.875523
824.916752 0.953944
825.329314 0.931813
825.742081 0.880087
826.155056 0.907941
826.568237 0.920758
826.981624 0.95408
827.395218 0.910553
827.809019 0.826372
828.223027 0.867504
828.637242 0.919851
829.051664 0.830379
829.466294 0.900732
829.881131 0.918635
830.296175 0.906156
830.711427 0.862994
831.126887 0.951513
831.542554 0.916031
831.958429 0.880479
832.374512 0.863759
832.790804 0.953324
833.207303 0.92075
833.624011 0.914569
834.040927 0.90782
834.458052 0.94632
834.875385 0.958369
835.292927 0.940819
835.710678 0.939024
836.128638 0.935265
836.546807 0.93883
836.965185 0.945343
837.383772 0.955601
837.802569 0.932915
838.221575 0.95987
838.64079 0.946892
839.060216 0.956121
839.479851 0.957502
839.899696 0.955347
840.31975 0.959672
840.740015 0.953915
841.16049 0.948832
841.581176 0.956911
842.002072 0.955046
842.423178 0.963504
842.844495 0.961882
843.266023 0.957714
843.687761 0.956616
844.10971 0.959767
844.531871 0.960094
844.954242 0.963335
845.376825 0.962095
845.799619 0.964283
846.222625 0.960514
846.645842 0.963649
847.06927 0.964247
847.492911 0.964
847.916763 0.96316
848.340828 0.961395
848.765104 0.962358
849.189593 0.964117
849.614294 0.962464
850.039207 0.962245
850.464333 0.963712
850.889672 0.962927
851.315223 0.957222
851.740987 0.963023
852.166964 0.961037
852.593154 0.96346
853.019557 0.963478
853.446174 0.964492
853.873003 0.962044
854.300047 0.96044
854.727303 0.964207
855.154774 0.964668
855.582458 0.962773
856.010356 0.964335
856.438469 0.964978
856.866795 0.965847
857.295335 0.963549
857.72409 0.96389
858.15306 0.965558
858.582243 0.965932
859.011642 0.965865
859.441255 0.964462
859.871083 0.966146
860.301126 0.966224
860.731384 0.966253
861.161858 0.96586
861.592546 0.966663
862.02345 0.966563
862.45457 0.966546
862.885905 0.966295
863.317456 0.966769
863.749222 0.966935
864.181205 0.967015
864.613403 0.967054
865.045818 0.967173
865.478449 0.967126
865.911297 0.967279
866.344361 0.967321
866.777641 0.967337
867.211138 0.967448
867.644852 0.967442
868.078783 0.967628
868.512931 0.967663
868.947296 0.967646
869.381879 0.967673
869.816678 0.96784
870.251695 0.967819
870.68693 0.967912
871.122382 0.967828
871.558052 0.967982
871.99394 0.968052
872.430046 0.968111
872.86637 0.968138
873.302913 0.968182
873.739673 0.968017
874.176652 0.968241
874.61385 0.968196
875.051266 0.968149
875.488901 0.968409
875.926755 0.96809
876.364828 0.968249
876.80312 0.968361
877.241631 0.968293
877.680362 0.968512
878.119312 0.967916
878.558481 0.968172
878.99787 0.968195
879.437479 0.968423
879.877308 0.968788
880.317356 0.967953
880.757625 0.967343
881.198114 0.967454
881.638823 0.968408
882.079753 0.965743
882.520903 0.968387
882.962274 0.969032
883.403865 0.967034
883.845678 0.967348
884.287711 0.968353
884.729965 0.968174
885.172441 0.968805
885.615138 0.967397
886.058056 0.959312
886.501196 0.969238
886.944557 0.964555
887.388141 0.968558
887.831946 0.968815
888.275973 0.957514
888.720222 0.969161
889.164693 0.969155
889.609386 0.967549
890.054302 0.964383
890.499441 0.965665
890.944802 0.965803
891.390386 0.967499
891.836192 0.958374
892.282222 0.964472
892.728474 0.965052
893.17495 0.931886
893.621649 0.93975
894.068572 0.953545
894.515718 0.941019
894.963088 0.908058
895.410681 0.917715
895.858498 0.860564
896.30654 0.859739
896.754805 0.804337
897.203295 0.844367
897.652008 0.856983
898.100947 0.844396
898.550109 0.938342
898.999497 0.663225
899.449109 0.707735
899.898946 0.958819
900.349008 0.784187
900.799295 0.746161
901.249807 0.826912
901.700545 0.845221
902.151508 0.869211
902.602696 0.810722
903.054111 0.850057
903.50575 0.902952
903.957616 0.957704
904.409708 0.876391
904.862026 0.948112
905.31457 0.922623
905.767341 0.91552
906.220338 0.892942
906.673561 0.872686
907.127011 0.83743
907.580688 0.770937
908.034592 0.83661
908.488723 0.856802
908.943081 0.790562
909.397666 0.850837
909.852478 0.878607
910.307518 0.776819
910.762786 0.810303
911.218281 0.878151
911.674004 0.92944
912.129955 0.755206
912.586134 0.927217
913.042541 0.826108
913.499177 0.776666
913.956041 0.72225
914.413133 0.910302
914.870454 0.916196
915.328003 0.773062
915.785782 0.704142
916.243789 0.887259
916.702026 0.92296
917.160491 0.868876
917.619186 0.713488
918.07811 0.854319
918.537264 0.81868
918.996648 0.944908
919.456261 0.905088
919.916104 0.846905
920.376177 0.957097
920.83648 0.905504
921.297014 0.938863
921.757777 0.840057
922.218771 0.931298
922.679996 0.911636
923.141451 0.922831
923.603138 0.899503
924.065055 0.883912
924.527203 0.891912
924.989582 0.896996
925.452192 0.899779
925.915034 0.938907
926.378107 0.857321
926.841412 0.947118
927.304949 0.918039
927.768717 0.869572
928.232718 0.752882
928.69695 0.771492
929.161415 0.821461
929.626111 0.745467
930.091041 0.687796
930.556203 0.680124
931.021597 0.560058
931.487224 0.801913
931.953084 0.34487
932.419177 0.609926
932.885503 0.391876
933.352063 0.654966
933.818856 0.342527
934.285882 0.411245
934.753142 0.190716
935.220635 0.790419
935.688362 0.349429
936.156323 0.369871
936.624519 0.63608
937.092948 0.390981
937.561612 0.459574
938.03051 0.460264
938.499642 0.478535
938.969009 0.559959
939.438611 0.825347
939.908448 0.809576
940.37852 0.608671
940.848826 0.737037
941.319368 0.569999
941.790146 0.712368
942.261159 0.637472
942.732407 0.648789
943.203891 0.347912
943.675611 0.872382
944.147567 0.348317
944.619759 0.451542
945.092187 0.689628
945.564851 0.637947
946.037751 0.508491
946.510889 0.533039
946.984262 0.550002
947.457873 0.747658
947.93172 0.622939
948.405805 0.359045
948.880126 0.746991
949.354685 0.810538
949.829481 0.385519
950.304514 0.364828
950.779785 0.814929
951.255294 0.843079
951.731041 0.635963
952.207025 0.526459
952.683248 0.534012
953.159709 0.608933
953.636408 0.714887
954.113345 0.732723
954.590521 0.551911
955.067936 0.714875
955.545589 0.604357
956.023481 0.604762
956.501612 0.702504
956.979983 0.541284
957.458592 0.771464
957.937441 0.865949
958.41653 0.560402
958.895858 0.740086
959.375426 0.492953
959.855234 0.692324
960.335281 0.79947
960.815569 0.649204
961.296097 0.786306
961.776865 0.781322
962.257874 0.652101
962.739123 0.648355
963.220613 0.872346
963.702344 0.799533
964.184315 0.663208
964.666528 0.709383
965.148982 0.835478
965.631677 0.819374
966.114613 0.817436
966.597792 0.679157
967.081211 0.792755
967.564873 0.910566
968.048776 0.92885
968.532922 0.826174
969.017309 0.926584
969.501939 0.90464
969.986811 0.926542
970.471926 0.852228
970.957283 0.915401
971.442883 0.954273
971.928726 0.861608
972.414812 0.895657
972.901141 0.881812
973.387713 0.91761
973.874529 0.735286
974.361588 0.913766
974.84889 0.865068
975.336437 0.851409
975.824227 0.764005
976.312261 0.862623
976.800539 0.858206
977.289061 0.947252
977.777828 0.886197
978.266839 0.865194
978.756095 0.889479
979.245595 0.891348
979.735341 0.866548
980.225331 0.854937
980.715566 0.924533
981.206046 0.961266
981.696772 0.922274
982.187743 0.950269
982.67896 0.873102
983.170422 0.961038
983.66213 0.934195
984.154084 0.96537
984.646285 0.929051
985.138731 0.924065
985.631423 0.967187
986.124362 0.966299
986.617548 0.969713
987.11098 0.956218
987.604659 0.951395
988.098585 0.967506
988.592757 0.973504
989.087177 0.97293
989.581845 0.969632
990.076759 0.957217
990.571921 0.970703
991.067331 0.970165
991.562989 0.973889
992.058894 0.972407
992.555048 0.974076
993.051449 0.960033
993.548099 0.973133
994.044997 0.974489
994.542144 0.974543
995.03954 0.976166
995.537184 0.974253
996.035077 0.973675
996.533219 0.976062
997.03161 0.973407
997.530251 0.976262
998.02914 0.973413
998.52828 0.974728
999.027669 0.975039
999.527307 0.972393
1000.0272 0.972575
1000.52733 0.976662
1001.02772 0.97684
1001.52836 0.973209
1002.02925 0.961811
1002.53039 0.969846
1003.03178 0.976399
1003.53342 0.976821
1004.03532 0.971783
1004.53746 0.973796
1005.03985 0.975486
1005.5425 0.972817
1006.0454 0.975721
1006.54854 0.97552
1007.05194 0.975083
1007.5556 0.976259
1008.0595 0.972053
1008.56366 0.975666
1009.06806 0.970712
1009.57272 0.965499
1010.07764 0.972488
1010.5828 0.976803
1011.08822 0.975721
1011.59389 0.975544
1012.09981 0.972228
1012.60599 0.977027
1013.11242 0.975596
1013.6191 0.977506
1014.12604 0.976587
1014.63323 0.973492
1015.14067 0.977562
1015.64837 0.97381
1016.15632 0.9776
1016.66453 0.97621
1017.17298 0.976597
1017.6817 0.975133
1018.19067 0.977685
1018.69989 0.976956
1019.20937 0.969432
1019.7191 0.977521
1020.22909 0.976708
1020.73933 0.976898
1021.24982 0.977145
1021.76058 0.974386
1022.27159 0.97785
1022.78285 0.974037
1023.29437 0.97685
1023.80614 0.967608
1024.31817 0.977777
1024.83046 0.977803
1025.34301 0.976921
1025.8558 0.976207
1026.36886 0.976486
1026.88217 0.977989
1027.39574 0.972768
1027.90957 0.97757
1028.42365 0.975886
1028.93799 0.977095
1029.45259 0.977385
1029.96745 0.977312
1030.48256 0.978022
1030.99793 0.977519
1031.51356 0.976758
1032.02944 0.977964
1032.54559 0.978118
1033.06199 0.978118
1033.57865 0.977034
1034.09557 0.978109
1034.61274 0.977994
1035.13018 0.978135
1035.64787 0.977992
1036.16583 0.977698
1036.68404 0.977842
1037.20251 0.977582
1037.72124 0.977796
1038.24023 0.978068
1038.75948 0.977713
1039.27899 0.977894
1039.79876 0.97787
1040.31879 0.977869
1040.83908 0.977935
1041.35963 0.977609
1041.88044 0.977959
1042.40151 0.977741
1042.92284 0.977884
1043.44443 0.977845
1043.96629 0.977819
1044.4884 0.977818
1045.01077 0.977663
1045.53341 0.977545
1046.05631 0.977638
1046.57947 0.977576
1047.10289 0.977455
1047.62657 0.977328
1048.15051 0.977316
1048.67472 0.977214
1049.19919 0.976263
1049.72392 0.976147
1050.24891 0.976451
1050.77417 0.976568
1051.29969 0.976156
1051.82547 0.975825
1052.35151 0.975723
1052.87782 0.975547
1053.40439 0.975352
1053.93122 0.975084
1054.45832 0.974732
1054.98568 0.974444
1055.51331 0.973986
1056.0412 0.973539
1056.56935 0.973123
1057.09777 0.972563
1057.62645 0.972004
1058.15539 0.971468
1058.6846 0.970927
1059.21408 0.970385
1059.74382 0.970295
1060.27382 0.969847
1060.80409 0.969817
1061.33462 0.96928
1061.86542 0.969358
1062.39649 0.968084
1062.92782 0.967751
1063.45942 0.967816
1063.99128 0.967589
1064.52341 0.966145
1065.0558 0.966244
1065.58846 0.966717
1066.12139 0.966588
1066.65459 0.96716
1067.18805 0.966526
1067.72177 0.964894
1068.25577 0.967199
1068.79003 0.96877
1069.32456 0.965887
1069.85935 0.970081
1070.39442 0.968421
1070.92975 0.972078
1071.46535 0.972992
1072.00121 0.970901
1072.53735 0.968134
1073.07375 0.972711
1073.61042 0.976026
1074.14736 0.97592
1074.68457 0.955271
1075.22205 0.976782
1075.75979 0.976689
1076.29781 0.974751
1076.83609 0.978089
1077.37464 0.948518
1077.91347 0.97811
1078.45256 0.971814
1078.99192 0.978885
1079.53155 0.975422
1080.07145 0.952398
1080.61162 0.973071
1081.15206 0.958323
1081.69277 0.971476
1082.23375 0.977508
1082.77501 0.978931
1083.31653 0.950898
1083.85832 0.961906
1084.40039 0.966241
1084.94272 0.978824
1085.48533 0.969579
1086.02821 0.922137
1086.57136 0.946139
1087.11478 0.959082
1087.65847 0.972029
1088.20244 0.978868
1088.74668 0.968059
1089.29118 0.94133
1089.83597 0.978383
1090.38102 0.925229
1090.92635 0.965993
1091.47195 0.977461
1092.01782 0.976248
1092.56397 0.878394
1093.11038 0.958898
1093.65708 0.957305
1094.20404 0.972914
1094.75128 0.907176
1095.29879 0.970617
1095.84658 0.903775
1096.39464 0.939733
1096.94297 0.979567
1097.49158 0.950903
1098.04046 0.898931
1098.58962 0.949866
1099.13905 0.925299
1099.68876 0.841766
1100.23874 0.952791
1100.789 0.885046
1101.33953 0.939419
1101.89034 0.85749
1102.44142 0.88829
1102.99278 0.901918
1103.54442 0.91395
1104.09633 0.890519
1104.64851 0.851732
1105.20097 0.947216
1105.75371 0.857419
1106.30673 0.796129
1106.86002 0.903316
1107.41359 0.933055
1107.96743 0.813651
1108.52156 0.771354
1109.07596 0.907164
1109.63063 0.847053
1110.18559 0.939302
1110.74082 0.699502
1111.29633 0.686143
1111.85211 0.924673
1112.40818 0.827633
1112.96452 0.684144
1113.52114 0.556039
1114.07804 0.733422
1114.63522 0.835301
1115.19268 0.520296
1115.75041 0.672213
1116.30843 0.388098
1116.86672 0.359212
1117.4253 0.436627
1117.98415 0.804879
1118.54328 0.563919
1119.10269 0.293469
1119.66238 0.578426
1120.22235 0.317054
1120.7826 0.740706
1121.34314 0.503181
1121.90395 0.337256
1122.46504 0.221181
1123.02641 0.514857
1123.58807 0.292023
1124.15 0.599581
1124.71222 0.67206
1125.27471 0.278539
1125.83749 0.309903
1126.40055 0.400762
1126.96389 0.641622
1127.52752 0.363944
1128.09142 0.448863
1128.65561 0.496781
1129.22008 0.422259
1129.78483 0.317395
1130.34986 0.495703
1130.91518 0.755455
1131.48078 0.729986
1132.04666 0.760502
1132.61282 0.572904
1133.17927 0.511137
1133.746 0.325999
1134.31302 0.176558
1134.88031 0.033867
1135.4479 0.427481
1136.01576 0.323777
1136.58391 0.728965
1137.15235 0.831242
1137.72106 0.566805
1138.29007 0.588686
1138.85935 0.734954
1139.42893 0.885782
1139.99878 0.493288
1140.56893 0.767718
1141.13935 0.584806
1141.71007 0.602122
1142.28106 0.671278
1142.85235 0.710792
1143.42392 0.862434
1143.99577 0.44729
1144.56791 0.47019
1145.14034 0.481591
1145.71305 0.435576
1146.28605 0.589057
1146.85934 0.315122
1147.43291 0.318639
1148.00677 0.838667
1148.58092 0.621253
1149.15535 0.725767
1149.73007 0.329301
1150.30508 0.639271
1150.88038 0.670763
1151.45596 0.663014
1152.03183 0.581244
1152.60799 0.419972
1153.18444 0.86449
1153.76118 0.551544
1154.3382 0.520434
1154.91552 0.760463
1155.49312 0.673362
1156.07101 0.761553
1156.64919 0.710263
1157.22766 0.772884
1157.80642 0.654758
1158.38547 0.84323
1158.9648 0.731832
1159.54443 0.776407
1160.12435 0.728317
1160.70455 0.760926
1161.28505 0.828245
1161.86584 0.888351
1162.44692 0.780032
1163.02829 0.954709
1163.60995 0.816891
1164.1919 0.927647
1164.77414 0.877675
1165.35667 0.851919
1165.9395 0.777299
1166.52261 0.848693
1167.10602 0.896573
1167.68972 0.888275
1168.27371 0.876603
1168.85799 0.939744
1169.44257 0.88697
1170.02743 0.936058
1170.61259 0.898735
1171.19805 0.90313
1171.78379 0.933554
1172.36983 0.905862
1172.95616 0.895074
1173.54279 0.914879
1174.1297 0.71066
1174.71692 0.957729
1175.30442 0.864582
1175.89222 0.96889
1176.48031 0.961878
1177.0687 0.968738
1177.65738 0.731624
1178.24636 0.907477
1178.83563 0.969413
1179.42519 0.886019
1180.01505 0.922335
1180.60521 0.953247
1181.19566 0.909861
1181.7864 0.761367
1182.37745 0.820777
1182.96878 0.938335
1183.56041 0.953989
1184.15234 0.855776
1184.74457 0.864827
1185.33709 0.912484
1185.9299 0.95268
1186.52302 0.942378
1187.11643 0.932292
1187.71013 0.82363
1188.30414 0.787747
1188.89844 0.960487
1189.49304 0.913976
1190.08793 0.920438
1190.68312 0.93167
1191.27861 0.933789
1191.8744 0.929039
1192.47049 0.970928
1193.06687 0.957376
1193.66356 0.879862
1194.26054 0.958884
1194.85782 0.921549
1195.45539 0.929418
1196.05327 0.93088
1196.65145 0.950974
1197.24992 0.958368
1197.8487 0.901124
1198.44777 0.940707
1199.04715 0.812053
1199.64682 0.94954
