300 0.629218
301.6 1.36129
303.2 2.55351
304.8 3.95653
306.4 5.5468
308 8.2362
309.6 11.3547
311.2 13.2832
312.8 16.7723
314.4 19.4566
316 21.2394
317.6 22.6085
319.2 27.0243
320.8 28.9034
322.4 29.1126
324 32.758
325.6 32.2191
327.2 34.2781
328.8 36.0125
330.4 36.2223
332 38.1334
333.6 38.1001
335.2 40.0768
336.8 40.5728
338.4 41.5697
340 41.9904
341.6 43.0344
343.2 43.6453
344.8 44.2982
346.4 45.1216
348 45.7675
349.6 46.4198
351.2 47.0239
352.8 47.6497
354.4 48.2686
356 48.8422
357.6 49.3712
359.2 49.879
360.8 50.425
362.4 51.1122
364 51.764
365.6 52.3562
367.2 52.9182
368.8 53.4644
370.4 54.0025
372 54.5337
373.6 55.0538
375.2 55.5665
376.8 56.05
378.4 56.491
380 56.9413
381.6 57.4741
383.2 58.0216
384.8 58.5282
386.4 59.0085
388 59.4741
389.6 59.9321
391.2 60.3864
392.8 60.8329
394.4 61.2721
396 61.7044
397.6 62.1284
399.2 62.5495
400.8 62.9761
402.4 63.4076
404 63.8345
405.6 64.2554
407.2 64.6726
408.8 65.0812
410.4 65.4808
412 65.879
413.6 66.2726
415.2 66.66
416.8 67.0394
418.4 67.412
420 67.7837
421.6 68.1511
423.2 68.5102
424.8 68.8608
426.4 69.2097
428 69.5587
429.6 69.9027
431.2 70.2365
432.8 70.5566
434.4 70.8829
436 71.2072
437.6 71.5229
439.2 71.8227
440.8 72.1099
442.4 72.3818
444 72.6773
445.6 72.9709
447.2 73.2721
448.8 73.5715
450.4 73.8596
452 74.1435
453.6 74.4218
455.2 74.6871
456.8 74.9318
458.4 75.1565
460 75.3833
461.6 75.6176
463.2 75.8686
464.8 76.1366
466.4 76.3812
468 76.5918
469.6 76.7767
471.2 76.9529
472.8 77.1158
474.4 77.2284
476 77.2344
477.6 77.3437
479.2 77.6203
480.8 77.9369
482.4 78.2295
484 78.5127
485.6 78.7791
487.2 79.0106
488.8 79.1984
490.4 79.3676
492 79.5402
493.6 79.7177
495.2 79.8824
496.8 80.0192
498.4 80.1172
500 80.1813
501.6 80.2255
503.2 80.2037
504.8 80.3178
506.4 80.5001
508 80.7065
509.6 80.9376
511.2 81.1377
512.8 81.2855
514.4 81.4009
516 81.5158
517.6 81.6274
519.2 81.7353
520.8 81.8268
522.4 81.8779
524 81.8968
525.6 81.9052
527.2 81.9023
528.8 81.9031
530.4 81.9188
532 81.9746
533.6 82.084
535.2 82.2392
536.8 82.3967
538.4 82.5231
540 82.592
541.6 82.6323
543.2 82.6869
544.8 82.7483
546.4 82.8188
548 82.9151
549.6 83.0091
551.2 83.0862
552.8 83.1459
554.4 83.1902
556 83.2199
557.6 83.2211
559.2 83.1929
560.8 83.1465
562.4 83.0945
564 83.0418
565.6 82.9955
567.2 82.9211
568.8 82.7414
570.4 82.6734
572 82.5801
573.6 82.5094
575.2 82.5353
576.8 82.6351
578.4 82.8379
580 83.1997
581.6 83.6062
583.2 83.933
584.8 84.1693
586.4 84.3009
588 84.0338
589.6 83.8643
591.2 83.8488
592.8 84.1275
594.4 83.9959
596 84.0184
597.6 84.254
599.2 84.3757
600.8 84.4988
602.4 84.6218
604 84.742
605.6 84.8794
607.2 85.0464
608.8 85.2275
610.4 85.4158
612 85.6002
613.6 85.7696
615.2 85.9261
616.8 86.0628
618.4 86.1804
620 86.2757
621.6 86.3437
623.2 86.4002
624.8 86.448
626.4 86.4329
628 85.1503
629.6 85.0333
631.2 86.0934
632.8 86.8174
634.4 87.2237
636 87.4962
637.6 87.7724
639.2 88.0197
640.8 88.2338
642.4 88.422
644 88.5765
645.6 88.5859
647.2 88.3067
648.8 88.3788
650.4 88.6243
652 88.8551
653.6 89.0383
655.2 89.1434
656.8 89.3401
658.4 89.5839
660 89.791
661.6 89.9577
663.2 90.092
664.8 90.21
666.4 90.3307
668 90.4495
669.6 90.5635
671.2 90.6728
672.8 90.7815
674.4 90.8831
676 90.9838
677.6 91.0822
679.2 91.1732
680.8 91.2569
682.4 91.3313
684 91.4016
685.6 88.2496
687.2 80.6016
688.8 78.197
690.4 83.3247
692 87.5234
693.6 89.0287
695.2 90.0346
696.8 91.2039
698.4 91.4167
700 91.0775
701.6 91.066
703.2 91.4496
704.8 91.8448
706.4 91.952
708 92.1803
709.6 92.2967
711.2 92.4245
712.8 92.4777
714.4 92.3586
716 90.7766
717.6 87.4223
719.2 85.0148
720.8 87.5602
722.4 89.7766
724 87.4777
725.6 87.6972
727.2 89.011
728.8 88.8872
730.4 89.0496
732 90.3967
733.6 92.1081
735.2 92.5178
736.8 92.7068
738.4 92.9341
740 93.2154
741.6 93.5027
743.2 93.6104
744.8 93.6932
746.4 93.7406
748 93.7899
749.6 93.845
751.2 93.9073
752.8 93.9733
754.4 94.035
756 94.0899
757.6 94.1107
759.2 70.5496
760.8 44.7956
762.4 51.6904
764 54.7426
765.6 69.8704
767.2 85.0605
768.8 90.9186
770.4 93.3366
772 94.1788
773.6 94.3293
775.2 94.4152
776.8 94.4502
778.4 94.4734
780 94.5055
781.6 94.5439
783.2 94.5716
784.8 94.585
786.4 94.492
788 94.1968
789.6 93.9465
791.2 94.0168
792.8 94.312
794.4 94.4584
796 94.264
797.6 94.1467
799.2 94.3616
800.8 94.1854
802.4 94.2675
804 94.3571
805.6 94.6138
807.2 94.7107
808.8 94.5969
810.4 94.2483
812 93.1735
813.6 91.2483
815.2 88.9288
816.8 86.8005
818.4 87.6211
820 90.3286
821.6 90.2686
823.2 86.9755
824.8 91.8145
826.4 91.7263
828 90.8281
829.6 90.7815
831.2 92.1088
832.8 92.3899
834.4 93.3989
836 94.3324
837.6 94.6112
839.2 95.0472
840.8 95.1159
842.4 95.2142
844 95.3806
845.6 95.5276
847.2 95.5597
848.8 95.5494
850.4 95.5406
852 95.4924
853.6 95.6059
855.2 95.6381
856.8 95.6946
858.4 95.7419
860 95.805
861.6 95.8478
863.2 95.8799
864.8 95.9223
866.4 95.9477
868 95.9752
869.6 95.9998
871.2 96.0238
872.8 96.0464
874.4 96.0613
876 96.0772
877.6 96.0887
879.2 96.0878
880.8 96.0855
882.4 96.0665
884 96.0961
885.6 96.0693
887.2 95.9677
888.8 96.0069
890.4 96.001
892 95.6651
893.6 94.679
895.2 92.5018
896.8 89.1979
898.4 87.3486
900 82.7803
901.6 86.4626
903.2 90.5046
904.8 93.3794
906.4 90.1678
908 86.4591
909.6 88.8366
911.2 88.1609
912.8 88.387
914.4 85.7017
916 86.2898
917.6 88.3761
919.2 91.7003
920.8 92.3866
922.4 92.3269
924 92.6427
925.6 92.2443
927.2 90.9481
928.8 84.6049
930.4 77.6495
932 66.2917
933.6 58.142
935.2 55.7698
936.8 58.9669
938.4 64.9824
940 76.7724
941.6 74.4148
943.2 69.2494
944.8 65.978
946.4 67.2123
948 68.2223
949.6 74.3943
951.2 73.9289
952.8 68.0261
954.4 75.751
956 76.7992
957.6 76.3914
959.2 72.9303
960.8 79.5693
962.4 80.3459
964 84.8865
965.6 84.5722
967.2 85.7652
968.8 92.0825
970.4 92.378
972 92.2888
973.6 88.2598
975.2 89.4691
976.8 89.7976
978.4 91.6403
980 90.8033
981.6 94.5401
983.2 94.2153
984.8 95.1187
986.4 96.5118
988 96.1645
989.6 96.6364
991.2 96.6817
992.8 96.6731
994.4 96.9708
996 96.9886
997.6 96.9784
999.2 96.9774
1000.8 96.9799
1002.4 96.7201
1004 96.9955
1005.6 97.0341
1007.2 97.0618
1008.8 96.8952
1010.4 96.9008
1012 97.0709
1013.6 97.152
1015.2 97.0655
1016.8 97.1763
1018.4 97.1569
1020 97.0563
1021.6 97.1627
1023.2 97.1159
1024.8 97.0966
1026.4 97.1969
1028 97.1341
1029.6 97.2312
1031.2 97.2423
1032.8 97.267
1034.4 97.2764
1036 97.2683
1037.6 97.2517
1039.2 97.2593
1040.8 97.258
1042.4 97.2597
1044 97.2516
1045.6 97.2302
1047.2 97.2061
1048.8 97.1415
1050.4 97.0779
1052 97.0176
1053.6 96.9468
1055.2 96.8302
1056.8 96.665
1058.4 96.4778
1060 96.3451
1061.6 96.2476
1063.2 96.0957
1064.8 95.9557
1066.4 95.9519
1068 96.0177
1069.6 96.2536
1071.2 96.6492
1072.8 96.7262
1074.4 96.6952
1076 97.1424
1077.6 96.6922
1079.2 97.1738
1080.8 96.3644
1082.4 97.3059
1084 96.2647
1085.6 95.5505
1087.2 96.833
1088.8 96.505
1090.4 96.1098
1092 95.5521
1093.6 96.2635
1095.2 94.8162
1096.8 95.9901
1098.4 93.9431
