0.78 0.
0.8  49.
0.81  49.
0.82  49.
0.83  49.
0.84  49.
0.85  49.
0.86  49.
0.87  49.03489
0.88  49.07811
0.89  49.18327
0.903  49.46804
0.904  49.54538
0.906  49.6219
0.908  49.69495
0.91  49.76176
0.912  49.8199
0.913  49.8679
0.915  49.90562
0.917  49.93419
0.919  49.9559
0.921  49.97385
0.922  49.98696
0.924  49.99529
0.926  49.9999
0.928  50.00167
0.93  50.00119
0.931  49.99895
0.933  49.99514
0.935  49.98976
0.937  49.98277
0.939  49.97438
0.94  49.96533
0.942  49.957
0.944  49.95143
0.946  49.95134
0.948  49.95976
0.949  49.97981
0.951  50.0139
0.953  50.06348
0.955  50.12881
0.957  50.20876
0.958  50.30081
0.96  50.40171
0.962  50.50786
0.964  50.61538
0.966  50.72019
0.967  50.818
0.969  50.90424
0.971  50.97414
0.973  51.02324
0.975  51.04895
0.976  51.05238
0.978  51.03967
0.98  51.022
0.982  51.01571
0.984  51.0389
0.985  51.09904
0.987  51.17857
0.989  51.238
0.991  51.25505
0.993  51.25039
0.994  51.2578
0.996  51.27971
0.998  51.29538
1.  51.30376
1.002  51.33072
1.003  51.3961
1.005  51.49485
1.007  51.60948
1.009  51.72486
1.011  51.836
1.012  51.94529
1.014  52.05829
1.016  52.18048
1.018  52.31538
1.02  52.46
1.021  52.60172
1.023  52.72553
1.025  52.83205
1.027  52.94395
1.029  53.0742
1.03  53.20191
1.032  53.30024
1.034  53.3791
1.036  53.4721
1.038  53.58725
1.039  53.69424
1.041  53.76181
1.043  53.78748
1.045  53.79581
1.047  53.82133
1.048  53.8891
1.05  54.00539
1.052  54.159
1.054  54.32724
1.056  54.48238
1.057  54.60104
1.059  54.67562
1.061  54.71957
1.063  54.75862
1.065  54.81567
1.066  54.90105
1.068  55.01219
1.07  55.13814
1.072  55.26372
1.074  55.37486
1.075  55.46534
1.077  55.54196
1.079  55.62014
1.081  55.71314
1.083  55.82086
1.084  55.93076
1.086  56.02738
1.088  56.10104
1.09  56.14967
1.092  56.17776
1.093  56.195
1.095  56.21348
1.097  56.24262
1.099  56.28648
1.101  56.34448
1.102  56.41301
1.104  56.48629
1.106  56.55576
1.108  56.61166
1.11  56.64657
1.111  56.65958
1.113  56.65657
1.115  56.647
1.117  56.63966
1.119  56.64038
1.12  56.65186
1.122  56.67434
1.124  56.70662
1.126  56.74705
1.128  56.79314
1.129  56.83848
1.131  56.87395
1.133  56.89572
1.135  56.90858
1.137  56.91977
1.138  56.92948
1.14  56.93124
1.142  56.92052
1.144  56.90048
1.146  56.88124
1.147  56.87452
1.149  56.88795
1.151  56.92238
1.153  56.97223
1.155  57.02772
1.156  57.07686
1.158  57.10743
1.16  57.11033
1.162  57.08271
1.164  57.02999
1.165  56.96476
1.167  56.90509
1.169  56.86833
1.171  56.85981
1.173  56.86928
1.174  56.88009
1.176  56.88328
1.178  56.88186
1.18  56.88367
1.182  56.89543
1.183  56.91948
1.185  56.95381
1.187  56.99291
1.189  57.03005
1.191  57.06043
1.192  57.0831
1.194  57.1012
1.196  57.12066
1.198  57.14714
1.2  57.18314
1.201  57.22643
1.203  57.27024
1.205  57.30605
1.207  57.3271
1.209  57.33172
1.21  57.3241
1.212  57.31163
1.214  57.30157
1.216  57.29828
1.218  57.30261
1.219  57.31176
1.221  57.31942
1.223  57.31718
1.225  57.30028
1.227  57.27366
1.228  57.25171
1.23  57.2448
1.232  57.24776
1.234  57.24562
1.236  57.22967
1.237  57.20329
1.239  57.17381
1.241  57.14566
1.243  57.12262
1.245  57.11033
1.246  57.11429
1.248  57.13523
1.25  57.1679
1.252  57.20357
1.254  57.23404
1.255  57.25428
1.257  57.26395
1.259  57.2678
1.261  57.27394
1.263  57.28719
1.264  57.30223
1.266  57.30333
1.268  57.27776
1.27  57.22795
1.272  57.16752
1.273  57.10733
1.275  57.0509
1.277  57.00229
1.279  56.97038
1.281  56.96258
1.282  56.97818
1.284  57.00833
1.286  57.04115
1.288  57.06747
1.29  57.08281
1.291  57.08605
1.293  57.07714
1.295  57.05586
1.297  57.02153
1.299  56.97405
1.3  56.91553
1.302  56.8511
1.304  56.78981
1.306  56.74362
1.308  56.72372
1.309  56.73481
1.311  56.77091
1.313  56.81348
1.315  56.83395
1.317  56.805
1.318  56.71638
1.32  56.58195
1.322  56.43033
1.324  56.28843
1.326  56.1711
1.327  56.08105
1.329  56.01209
1.331  55.954
1.333  55.89829
1.335  55.84262
1.336  55.78848
1.338  55.73438
1.34  55.67453
1.342  55.604
1.344  55.52376
1.345  55.43757
1.347  55.34638
1.349  55.24857
1.351  55.14843
1.353  55.06238
1.354  55.01324
1.356  55.01133
1.358  55.04114
1.36  55.068
1.362  55.06019
1.363  55.0079
1.365  54.92718
1.367  54.84752
1.369  54.78942
1.371  54.75114
1.372  54.71924
1.374  54.69338
1.376  54.69281
1.378  54.72886
1.38  54.78558
1.381  54.82991
1.383  54.841
1.385  54.82282
1.387  54.79391
1.389  54.77396
1.39  54.77501
1.392  54.79833
1.394  54.84
1.396  54.89871
1.398  54.97895
1.399  55.08433
1.401  55.20872
1.403  55.33243
1.405  55.43209
1.407  55.49843
1.408  55.54357
1.41  55.58557
1.412  55.62505
1.414  55.64462
1.416  55.63763
1.417  55.62172
1.419  55.62367
1.421  55.65462
1.423  55.70601
1.425  55.76215
1.426  55.80785
1.428  55.83129
1.43  55.82586
1.432  55.79115
1.434  55.73248
1.435  55.65891
1.437  55.58057
1.439  55.50562
1.441  55.43881
1.443  55.38157
1.444  55.33356
1.446  55.29348
1.448  55.25938
1.45  55.22915
1.452  55.20062
1.453  55.17186
1.455  55.14148
1.457  55.10991
1.459  55.08082
1.461  55.06124
1.462  55.05943
1.464  55.08081
1.466  55.12424
1.468  55.18219
1.47  55.24343
1.471  55.2971
1.473  55.33576
1.475  55.35771
1.477  55.36719
1.479  55.37248
1.48  55.38319
1.482  55.40824
1.484  55.45467
1.486  55.52714
1.488  55.62728
1.489  55.75328
1.491  55.89976
1.493  56.05804
1.495  56.21729
1.497  56.36586
1.498  56.49309
1.5  56.59152
1.502  56.6591
1.504  56.70076
1.506  56.72628
1.507  56.74662
1.509  56.76986
1.511  56.79986
1.513  56.83591
1.515  56.87419
1.516  56.90938
1.518  56.93609
1.52  56.94943
1.522  56.94514
1.524  56.92029
1.525  56.87362
1.527  56.80619
1.529  56.72139
1.531  56.62453
1.533  56.52158
1.534  56.41796
1.536  56.31757
1.538  56.22267
1.54  56.13395
1.542  56.05062
1.543  55.97095
1.545  55.89328
1.547  55.81695
1.549  55.74233
1.551  55.67133
1.552  55.6068
1.554  55.55219
1.556  55.51114
1.558  55.48704
1.56  55.4829
1.561  55.49995
1.563  55.53648
1.565  55.58699
1.567  55.64423
1.569  55.70157
1.57  55.75509
1.572  55.80372
1.574  55.84909
1.576  55.89519
1.578  55.94729
1.579  56.01114
1.581  56.0912
1.583  56.18887
1.585  56.30133
1.587  56.42181
1.588  56.54138
1.59  56.65176
1.592  56.748
1.594  56.82896
1.596  56.89591
1.597  56.95029
1.599  56.99282
1.601  57.02444
1.603  57.047
1.605  57.06263
1.606  57.07385
1.608  57.084
1.61  57.09785
1.612  57.12081
1.614  57.15681
1.615  57.20676
1.617  57.26767
1.619  57.33394
1.621  57.39909
1.623  57.458
1.624  57.50906
1.626  57.5541
1.628  57.59663
1.63  57.63948
1.632  57.68353
1.633  57.72814
1.635  57.77219
1.637  57.81571
1.639  57.86029
1.641  57.90895
1.642  57.96486
1.644  58.02891
1.646  58.09834
1.648  58.16643
1.65  58.22433
1.651  58.26357
1.653  58.27847
1.655  58.2679
1.657  58.23529
1.659  58.18801
1.66  58.13548
1.662  58.08657
1.664  58.04718
1.666  58.01994
1.668  58.004
1.669  57.99643
1.671  57.99348
1.673  57.99205
1.675  57.99014
1.677  57.98666
1.678  57.98158
1.68  57.97596
1.682  57.9719
1.684  57.9721
1.686  57.97886
1.687  57.99372
1.689  58.01719
1.691  58.04896
1.693  58.08763
1.695  58.131
1.696  58.17634
1.698  58.22077
1.7  58.26186
1.702  58.2979
1.704  58.32776
1.705  58.351
1.707  58.36771
1.709  58.37847
1.711  58.38409
1.713  58.38557
1.714  58.3842
1.716  58.38138
1.718  58.37867
1.72  58.37748
1.722  58.37881
1.723  58.38334
1.725  58.39128
1.727  58.40232
1.729  58.41581
1.731  58.43061
1.732  58.44538
1.734  58.45866
1.736  58.46938
1.738  58.47686
1.74  58.48081
1.741  58.48133
1.743  58.47895
1.745  58.47471
1.747  58.47028
1.749  58.46805
1.75  58.47071
1.752  58.48019
1.754  58.49638
1.756  58.51653
1.758  58.53576
1.759  58.5491
1.761  58.55376
1.763  58.55057
1.765  58.5439
1.767  58.5399
1.768  58.54538
1.77  58.56657
1.772  58.60834
1.774  58.67276
1.776  58.75815
1.777  58.85853
1.779  58.96434
1.781  59.06472
1.783  59.15005
1.785  59.2141
1.786  59.25438
1.788  59.27224
1.79  59.27224
1.792  59.26162
1.794  59.24919
1.795  59.24457
1.797  59.25624
1.799  59.2891
1.801  59.34328
1.803  59.41467
1.804  59.49666
1.806  59.58171
1.808  59.66218
1.81  59.73109
1.812  59.78314
1.813  59.81575
1.815  59.83052
1.817  59.83348
1.819  59.83343
1.821  59.83966
1.822  59.85957
1.824  59.89753
1.826  59.95362
1.828  60.02425
1.83  60.1032
1.831  60.18405
1.833  60.26115
1.835  60.3301
1.837  60.38828
1.839  60.43447
1.84  60.46861
1.842  60.49157
1.844  60.50481
1.846  60.51067
1.848  60.512
1.849  60.51239
1.851  60.5159
1.853  60.52623
1.855  60.54565
1.857  60.57446
1.858  60.61061
1.86  60.65014
1.862  60.6878
1.864  60.7189
1.866  60.74038
1.867  60.75133
1.869  60.75267
1.871  60.74609
1.873  60.73381
1.875  60.71819
1.876  60.70229
1.878  60.68981
1.88  60.68538
1.882  60.69366
1.884  60.71743
1.885  60.75504
1.887  60.79985
1.889  60.84285
1.891  60.87728
1.893  60.90147
1.894  60.91881
1.896  60.93523
1.898  60.95643
1.9  60.98614
1.902  61.02586
1.903  61.07481
1.905  61.13043
1.907  61.1891
1.909  61.24781
1.911  61.30481
1.912  61.35985
1.914  61.41371
1.916  61.46709
1.918  61.51913
1.92  61.56675
1.921  61.6058
1.923  61.63395
1.925  61.65209
1.927  61.66438
1.929  61.67662
1.93  61.69485
1.932  61.72385
1.934  61.76567
1.936  61.819
1.938  61.87996
1.939  61.94439
1.941  62.00948
1.943  62.07415
1.945  62.1381
1.947  62.20047
1.948  62.25939
1.95  62.31158
1.952  62.35272
1.954  62.37833
1.956  62.38509
1.957  62.37233
1.959  62.34257
1.961  62.30134
1.963  62.25619
1.965  62.21391
1.966  62.17733
1.968  62.1441
1.97  62.10805
1.972  62.06324
1.974  62.007
1.975  61.94095
1.977  61.86852
1.979  61.79343
1.981  61.71909
1.983  61.64838
1.984  61.58367
1.986  61.52634
1.988  61.47696
1.99  61.43529
1.992  61.40086
1.993  61.37296
1.995  61.35072
1.997  61.33338
1.999  61.3201
2.001  61.31015
2.002  61.303
2.004  61.29847
2.006  61.29658
2.008  61.29729
2.01  61.30028
2.011  61.30495
2.013  61.31028
2.015  61.31533
2.017  61.31909
2.019  61.32033
2.02  61.31805
2.022  61.31138
2.024  61.30029
2.026  61.28533
2.028  61.26776
2.029  61.2489
2.031  61.23028
2.033  61.21347
2.035  61.19995
2.037  61.19143
2.038  61.18929
2.04  61.19444
2.042  61.20677
2.044  61.22505
2.046  61.24709
2.047  61.27013
2.049  61.29095
2.051  61.30618
2.053  61.31242
2.055  61.30709
2.056  61.28899
2.058  61.25852
2.06  61.21758
2.062  61.169
2.064  61.11653
2.065  61.06429
2.067  61.01633
2.069  60.97562
2.071  60.94362
2.073  60.92034
2.074  60.90424
2.076  60.89252
2.078  60.88152
2.08  60.86771
2.082  60.84852
2.083  60.82275
2.085  60.79086
2.087  60.75471
2.089  60.71772
2.091  60.68452
2.092  60.66
2.094  60.64834
2.096  60.65224
2.098  60.67268
2.1  60.70881
2.101  60.75805
2.103  60.81638
2.105  60.87891
2.107  60.9408
2.109  60.99805
2.11  61.04776
2.112  61.08833
2.114  61.11972
2.116  61.14323
2.118  61.16109
2.119  61.17562
2.121  61.1891
2.123  61.20301
2.125  61.21829
2.127  61.23495
2.128  61.25214
2.13  61.26833
2.132  61.28172
2.134  61.29067
2.136  61.29395
2.137  61.29144
2.139  61.28467
2.141  61.27701
2.143  61.27396
2.145  61.28253
2.146  61.3052
2.148  61.33224
2.15  61.34762
2.152  61.34295
2.154  61.32347
2.155  61.30053
2.157  61.28124
2.159  61.26819
2.161  61.26109
2.163  61.25804
2.164  61.25723
2.166  61.257
2.168  61.25581
2.17  61.25234
2.172  61.24538
2.173  61.23391
2.175  61.21662
2.177  61.19147
2.179  61.15567
2.181  61.10524
2.182  61.03581
2.184  60.94828
2.186  60.85604
2.188  60.77876
2.19  60.72809
2.191  60.70167
2.193  60.69052
2.195  60.68938
2.197  60.69581
2.199  60.7081
2.2  60.72347
2.202  60.73771
2.204  60.74662
2.206  60.74757
2.208  60.74005
2.209  60.72543
2.211  60.70714
2.213  60.68991
2.215  60.67853
2.217  60.67629
2.218  60.68409
2.22  60.70034
2.222  60.72133
2.224  60.74238
2.226  60.759
2.227  60.76762
2.229  60.76577
2.231  60.75219
2.233  60.72686
2.235  60.69143
2.236  60.64943
2.238  60.60599
2.24  60.56709
2.242  60.53857
2.244  60.52542
2.245  60.53157
2.247  60.55962
2.249  60.60961
2.251  60.6779
2.253  60.75748
2.254  60.83995
2.256  60.91786
2.258  60.98539
2.26  61.0381
2.262  61.07296
2.263  61.08905
2.265  61.08934
2.267  61.08153
2.269  61.07577
2.271  61.08076
2.272  61.10081
2.274  61.13523
2.276  61.17923
2.278  61.22476
2.28  61.26238
2.281  61.28333
2.283  61.28057
2.285  61.24909
2.287  61.18691
2.289  61.09642
2.29  60.98524
2.292  60.86552
2.294  60.75252
2.296  60.66176
2.298  60.60514
2.299  60.5869
2.301  60.60267
2.303  60.64124
2.305  60.68695
2.307  60.72352
2.308  60.73795
2.31  60.724
2.312  60.68324
2.314  60.62362
2.316  60.55705
2.317  60.49571
2.319  60.44914
2.321  60.4229
2.323  60.41851
2.325  60.434
2.326  60.46467
2.328  60.50381
2.33  60.54306
2.332  60.57272
2.334  60.58366
2.335  60.57133
2.337  60.53867
2.339  60.49509
2.341  60.45214
2.343  60.41956
2.344  60.40371
2.346  60.40747
2.348  60.43043
2.35  60.46905
2.352  60.51829
2.353  60.57304
2.355  60.62947
2.357  60.6851
2.359  60.73876
2.361  60.79067
2.362  60.84194
2.364  60.89386
2.366  60.9471
2.368  61.00153
2.37  61.0559
2.371  61.10853
2.373  61.15715
2.375  61.19949
2.377  61.23334
2.379  61.25677
2.38  61.26862
2.382  61.26762
2.384  61.25167
2.386  61.21705
2.388  61.159
2.389  61.07429
2.391  60.96495
2.393  60.84114
2.395  60.72205
2.397  60.63138
2.398  60.58276
2.4  60.56519
2.402  60.54985
2.404  60.51534
2.406  60.46705
2.407  60.43319
2.409  60.44362
2.411  60.50324
2.413  60.58776
2.415  60.66619
2.416  60.73167
2.418  60.80095
2.42  60.89257
2.422  61.01181
2.424  61.15547
2.425  61.32
2.427  61.50248
2.429  61.69677
2.431  61.89025
2.433  62.06239
2.434  62.18924
2.436  62.25796
2.438  62.28152
2.44  62.29195
2.442  62.31485
2.443  62.34938
2.445  62.37205
2.447  62.35752
2.449  62.30482
2.451  62.24142
2.452  62.20076
2.454  62.19101
2.456  62.19543
2.458  62.195
2.46  62.18401
2.461  62.16606
2.463  62.14548
2.465  62.12343
2.467  62.09796
2.469  62.06538
2.47  62.02276
2.472  61.96961
2.474  61.9087
2.476  61.84614
2.478  61.79062
2.479  61.7499
2.481  61.72614
2.483  61.71186
2.485  61.68872
2.487  61.63562
2.488  61.54653
2.49  61.43791
2.492  61.33076
2.494  61.21782
2.496  61.05843
2.497  60.81562
2.499  60.50158
2.501  60.18038
2.503  59.9169
2.505  59.72829
2.506  59.57343
2.508  59.39762
2.51  59.194
2.512  58.99733
2.514  58.80991
2.515  58.59571
2.517  58.33247
2.519  58.01453
2.521  57.65324
2.523  57.33295
2.524  57.12096
2.526  56.90301
2.528  56.59591
2.53  56.21795
2.532  55.80719
2.533  55.24867
2.535  54.51748
2.537  53.64057
2.539  52.71409
2.541  51.91505
2.542  51.26457
2.544  50.58319
2.546  49.77804
2.548  48.87614
2.55  48.08566
2.551  47.35995
2.553  46.74462
2.555  45.95738
2.557  44.9501
2.559  43.78371
2.56  42.72329
2.562  41.72462
2.564  40.84991
2.566  40.054
2.568  39.18115
2.569  38.15443
2.571  37.17138
2.573  37.03109
2.575  36.60582
2.577  36.08089
2.578  35.22489
2.58  33.65371
2.582  33.18829
2.584  34.2938
2.586  32.6672
2.587  30.03833
2.589  29.59967
2.591  32.235
2.592   0.0
