300 0.0171955
300.100017 0.017222
300.200067 0.0177502
300.30015 0.0185957
300.400267 0.0191581
300.500417 0.0197488
300.6006 0.020217
300.700817 0.0211127
300.801068 0.0221942
300.901351 0.0234407
301.001669 0.0249175
301.102019 0.0261951
301.202403 0.0278508
301.302821 0.0290152
301.403272 0.0299367
301.503756 0.0311477
301.604274 0.0319224
301.704826 0.0323993
301.805411 0.0328829
301.906029 0.0333917
302.006682 0.0339645
302.107367 0.0348347
302.208086 0.0359574
302.308839 0.03699
302.409626 0.0382721
302.510446 0.0400121
302.611299 0.0417417
302.712187 0.043631
302.813107 0.0456831
302.914062 0.0472615
303.01505 0.0495867
303.116072 0.0514619
303.217128 0.0529957
303.318217 0.0544797
303.41934 0.0553729
303.520496 0.0564815
303.621687 0.0574761
303.722911 0.0585612
303.824169 0.0590094
303.92546 0.0588216
304.026786 0.05925
304.128145 0.0603053
304.229538 0.0624818
304.330964 0.0644153
304.432425 0.0661901
304.533919 0.0678093
304.635448 0.0699618
304.73701 0.0733267
304.838606 0.0757106
304.940235 0.0786903
305.041899 0.0818553
305.143597 0.0842695
305.245328 0.0871393
305.347094 0.0887597
305.448893 0.0906118
305.550726 0.0915069
305.652593 0.0918714
305.754495 0.0922074
305.85643 0.0934003
305.958399 0.0950202
306.060402 0.0964312
306.162439 0.0966966
306.26451 0.0965062
306.366615 0.0973617
306.468755 0.0995348
306.570928 0.102751
306.673135 0.105708
306.775377 0.108024
306.877652 0.110176
306.979962 0.114219
307.082306 0.117982
307.184683 0.12198
307.287095 0.12547
307.389541 0.128125
307.492022 0.131367
307.594536 0.133561
307.697085 0.135231
307.799668 0.13584
307.902285 0.135224
308.004936 0.134977
308.107621 0.135652
308.210341 0.136806
308.313095 0.138753
308.415883 0.14269
308.518705 0.146215
308.621562 0.145519
308.724453 0.145174
308.827378 0.146284
308.930338 0.14818
309.033332 0.150121
309.13636 0.151987
309.239423 0.156071
309.34252 0.159059
309.445651 0.16565
309.548817 0.172393
309.652017 0.175696
309.755252 0.179707
309.858521 0.179892
309.961824 0.181725
310.065162 0.18181
310.168534 0.181956
310.271941 0.181029
310.375382 0.181508
310.478858 0.185069
310.582368 0.188673
310.685913 0.190605
310.789492 0.191946
310.893106 0.193865
310.996754 0.195921
311.100437 0.197221
311.204154 0.19794
311.307906 0.197228
311.411693 0.196739
311.515514 0.197764
311.61937 0.201314
311.72326 0.206448
311.827185 0.211205
311.931145 0.215729
312.035139 0.219325
312.139169 0.222217
312.243232 0.223981
312.347331 0.226192
312.451464 0.229743
312.555632 0.233712
312.659834 0.235533
312.764072 0.237619
312.868344 0.239388
312.97265 0.239825
313.076992 0.241967
313.181368 0.242261
313.28578 0.241878
313.390226 0.238553
313.494706 0.234855
313.599222 0.234635
313.703773 0.238079
313.808358 0.241404
313.912978 0.245637
314.017633 0.250211
314.122323 0.254151
314.227048 0.258875
314.331808 0.263475
314.436603 0.269039
314.541432 0.274319
314.646297 0.277147
314.751197 0.277907
314.856131 0.277255
314.961101 0.277938
315.066105 0.279917
315.171145 0.280778
315.276219 0.280464
315.381329 0.278539
315.486474 0.271678
315.591653 0.267816
315.696868 0.269817
315.802118 0.275488
315.907403 0.280651
316.012723 0.287207
316.118078 0.291553
316.223468 0.295189
316.328894 0.297489
316.434354 0.300159
316.53985 0.303977
316.645381 0.307349
316.750947 0.311404
316.856548 0.312344
316.962184 0.309879
317.067856 0.306183
317.173563 0.305869
317.279305 0.307838
317.385083 0.310068
317.490895 0.309155
317.596743 0.303946
317.702626 0.300761
317.808545 0.304329
317.914499 0.310992
318.020488 0.315943
318.126512 0.31767
318.232572 0.32177
318.338667 0.327053
318.444798 0.333067
318.550964 0.337706
318.657165 0.340392
318.763402 0.342646
318.869674 0.344312
318.975982 0.347638
319.082325 0.351002
319.188703 0.3513
319.295117 0.34831
319.401567 0.341049
319.508052 0.333889
319.614572 0.333924
319.721128 0.337698
319.82772 0.340447
319.934347 0.337009
320.041009 0.33161
320.147707 0.334419
320.254441 0.342418
320.36121 0.349348
320.468015 0.355136
320.574856 0.357448
320.681732 0.36093
320.788643 0.366435
320.895591 0.370916
321.002574 0.375446
321.109593 0.378055
321.216647 0.378891
321.323737 0.378466
321.430863 0.377902
321.538024 0.378862
321.645221 0.380553
321.752454 0.381047
321.859723 0.377134
321.967028 0.364534
322.074368 0.356592
322.181744 0.358525
322.289156 0.364132
322.396603 0.369374
322.504087 0.371309
322.611606 0.364599
322.719161 0.361866
322.826752 0.366396
322.934379 0.372962
323.042042 0.379989
323.14974 0.385784
323.257475 0.391572
323.365245 0.395488
323.473052 0.399663
323.580894 0.402575
323.688772 0.405677
323.796686 0.408247
323.904637 0.409557
324.012623 0.409034
324.120645 0.406422
324.228703 0.403776
324.336798 0.403739
324.444928 0.404788
324.553094 0.405346
324.661297 0.403197
324.769535 0.391443
324.87781 0.384066
324.98612 0.386123
325.094467 0.390798
325.20285 0.396597
325.311269 0.401319
325.419724 0.401906
325.528215 0.399137
325.636743 0.400905
325.745307 0.405546
325.853906 0.409844
325.962543 0.414292
326.071215 0.417977
326.179923 0.421114
326.288668 0.423693
326.397449 0.425416
326.506266 0.427137
326.61512 0.428714
326.72401 0.430215
326.832936 0.431252
326.941898 0.430951
327.050897 0.428137
327.159932 0.42421
327.269004 0.42285
327.378112 0.42404
327.487256 0.426217
327.596437 0.427496
327.705654 0.425553
327.814907 0.418343
327.924197 0.4122
328.033523 0.411112
328.142886 0.414425
328.252285 0.419611
328.361721 0.423915
328.471193 0.428384
328.580702 0.432052
328.690247 0.435482
328.799828 0.438559
328.909447 0.441021
329.019101 0.443152
329.128793 0.44507
329.238521 0.446766
329.348285 0.447924
329.458086 0.448849
329.567924 0.449237
329.677798 0.449329
329.787709 0.449853
329.897657 0.450638
330.007641 0.451245
330.117662 0.450362
330.227719 0.446133
330.337813 0.441372
330.447944 0.441233
330.558112 0.442804
330.668316 0.444802
330.778558 0.446705
330.888836 0.446507
330.99915 0.441802
331.109502 0.439083
331.21989 0.440854
331.330315 0.443593
331.440777 0.446998
331.551275 0.45035
331.661811 0.45299
331.772383 0.455639
331.882993 0.457669
331.993639 0.45967
332.104322 0.461297
332.215042 0.462813
332.325798 0.464057
332.436592 0.465282
332.547423 0.466117
332.65829 0.466625
332.769195 0.466983
332.880136 0.466639
332.991115 0.466214
333.102131 0.466285
333.213183 0.466631
333.324273 0.467052
333.435399 0.466834
333.546563 0.464421
333.657764 0.459777
333.769001 0.458155
333.880276 0.4594
333.991588 0.461666
334.102937 0.464123
334.214324 0.466674
334.325747 0.46887
334.437207 0.47068
334.548705 0.472083
334.66024 0.473121
334.771812 0.474325
334.883421 0.475643
334.995068 0.476902
335.106751 0.47815
335.218472 0.479176
335.33023 0.480025
335.442026 0.480707
335.553858 0.481322
335.665728 0.481727
335.777635 0.482304
335.88958 0.482976
336.001562 0.483419
336.113581 0.483669
336.225637 0.483453
336.337731 0.482816
336.449863 0.481691
336.562031 0.481602
336.674237 0.482294
336.786481 0.483143
336.898762 0.483767
337.01108 0.483388
337.123436 0.481755
337.235829 0.479047
337.34826 0.478777
337.460728 0.480358
337.573233 0.482208
337.685777 0.484074
337.798357 0.485911
337.910975 0.487423
338.023631 0.488862
338.136325 0.49014
338.249055 0.491461
338.361824 0.492446
338.47463 0.49347
338.587474 0.494205
338.700355 0.494782
338.813274 0.495523
338.926231 0.496139
339.039225 0.496586
339.152257 0.497033
339.265326 0.497465
339.378434 0.497675
339.491579 0.497953
339.604761 0.498399
339.717982 0.498834
339.83124 0.499071
339.944536 0.498833
340.05787 0.497485
340.171241 0.496338
340.28465 0.496751
340.398098 0.497691
340.511583 0.498856
340.625105 0.49996
340.738666 0.501067
340.852264 0.502105
340.965901 0.503028
341.079575 0.503894
341.193287 0.504696
341.307037 0.505438
341.420825 0.506122
341.534651 0.506747
341.648515 0.50736
341.762417 0.507806
341.876357 0.508305
341.990334 0.508751
342.10435 0.509253
342.218404 0.509756
342.332496 0.510258
342.446626 0.510756
342.560794 0.511193
342.674999 0.511567
342.789244 0.511881
342.903526 0.512139
343.017846 0.512446
343.132204 0.512643
343.246601 0.512907
343.361035 0.51335
343.475508 0.513841
343.590019 0.514203
343.704568 0.514368
343.819155 0.514129
343.933781 0.513245
344.048445 0.512989
344.163146 0.513516
344.277887 0.51445
344.392665 0.515443
344.507482 0.516438
344.622337 0.517428
344.73723 0.518291
344.852162 0.519037
344.967131 0.519776
345.08214 0.520398
345.197186 0.521016
345.312271 0.521576
345.427394 0.522136
345.542556 0.522691
345.657756 0.523187
345.772995 0.523683
345.888271 0.524189
346.003587 0.524812
346.11894 0.525429
346.234333 0.525988
346.349763 0.526543
346.465233 0.527034
346.58074 0.527471
346.696286 0.527962
346.811871 0.528394
346.927494 0.52882
347.043156 0.529184
347.158856 0.529472
347.274595 0.529594
347.390373 0.529843
347.506189 0.530213
347.622044 0.530656
347.737937 0.531278
347.853869 0.531898
347.96984 0.532514
348.085849 0.533066
348.201897 0.533559
348.317983 0.534051
348.434109 0.534543
348.550273 0.535031
348.666476 0.535458
348.782717 0.53589
348.898997 0.536382
349.015316 0.536868
349.131674 0.5373
349.248071 0.537781
349.364506 0.538147
349.480981 0.538568
349.597494 0.538929
349.714046 0.539299
349.830636 0.539784
349.947266 0.540209
350.063935 0.540633
350.180642 0.541057
350.297388 0.541481
350.414174 0.54191
350.530998 0.542393
350.647861 0.542816
350.764763 0.543239
350.881704 0.543661
350.998684 0.544078
351.115703 0.544434
351.232761 0.544776
351.349858 0.544936
351.466995 0.545099
351.58417 0.545328
351.701384 0.545632
351.818637 0.546128
351.93593 0.546738
352.053261 0.547289
352.170632 0.547835
352.288042 0.548314
352.405491 0.548738
352.522979 0.549222
352.640506 0.549706
352.758072 0.550185
352.875678 0.550608
352.993323 0.551091
353.111007 0.551569
353.22873 0.551986
353.346493 0.552408
353.464295 0.552885
353.582136 0.553301
353.700016 0.553717
353.817936 0.554132
353.935895 0.554547
354.053893 0.554962
354.171931 0.555371
354.290008 0.555724
354.408124 0.556138
354.52628 0.556552
354.644475 0.556966
354.762709 0.557373
354.880983 0.557725
354.999297 0.558137
355.117649 0.558544
355.236042 0.558894
355.354473 0.559306
355.472945 0.559717
355.591455 0.560128
355.710006 0.560533
355.828595 0.560882
355.947225 0.561286
356.065894 0.561634
356.184602 0.562044
356.30335 0.562447
356.422138 0.562794
356.540965 0.563192
356.659832 0.56347
356.778738 0.56381
356.897684 0.56415
357.01667 0.564495
357.135695 0.564902
357.25476 0.565303
357.373865 0.565641
357.493009 0.565985
357.612194 0.566385
357.731418 0.566728
357.850681 0.567127
357.969985 0.567463
358.089328 0.567805
358.208711 0.568203
358.328134 0.568539
358.447596 0.56888
358.567099 0.569277
358.686641 0.569611
358.806223 0.569945
358.925845 0.570278
359.045507 0.570612
359.165209 0.570944
359.284951 0.571276
359.404732 0.571608
359.524554 0.57194
359.644415 0.572277
359.764317 0.572671
359.884258 0.573007
360.00424 0.573288
360.124261 0.573676
360.244322 0.57407
360.364424 0.574462
360.484565 0.574849
360.604747 0.575239
360.724969 0.575647
360.84523 0.576071
360.965532 0.576499
361.085874 0.576944
361.206256 0.577398
361.326678 0.577874
361.44714 0.57837
361.567643 0.578859
361.688186 0.579357
361.808768 0.579865
361.929391 0.580372
362.050055 0.580877
362.170758 0.581384
362.291502 0.581891
362.412286 0.582398
362.53311 0.582889
362.653974 0.583368
362.774879 0.583857
362.895824 0.584347
363.01681 0.584814
363.137836 0.585264
363.258902 0.585716
363.380008 0.586167
363.501155 0.586618
363.622342 0.587068
363.74357 0.587495
363.864838 0.587934
363.986147 0.58836
364.107495 0.588767
364.228885 0.589169
364.350315 0.589565
364.471785 0.589982
364.593296 0.590385
364.714847 0.590782
364.836439 0.591189
364.958072 0.591614
365.079745 0.592033
365.201458 0.592421
365.323212 0.592815
365.445007 0.593274
365.566842 0.593693
365.688718 0.594083
365.810635 0.594473
365.932592 0.594875
366.05459 0.595269
366.176628 0.595655
366.298708 0.59604
366.420827 0.596425
366.542988 0.596809
366.665189 0.597194
366.787432 0.597585
366.909714 0.597999
367.032038 0.598383
367.154402 0.598766
367.276808 0.599149
367.399254 0.599531
367.52174 0.599913
367.644268 0.600295
367.766837 0.600677
367.889446 0.601058
368.012096 0.601439
368.134787 0.60182
368.257519 0.6022
368.380292 0.60258
368.503106 0.60296
368.625961 0.603339
368.748857 0.603718
368.871794 0.604097
368.994772 0.604476
369.11779 0.604854
369.24085 0.605232
369.363951 0.605609
369.487093 0.605987
369.610276 0.606364
369.7335 0.606741
369.856765 0.607117
369.980071 0.607493
370.103418 0.607869
370.226806 0.608244
370.350236 0.60862
370.473707 0.608994
370.597218 0.609369
370.720771 0.609743
370.844366 0.610117
370.968001 0.610491
371.091678 0.610864
371.215395 0.611238
371.339154 0.61161
371.462955 0.611983
371.586796 0.612355
371.710679 0.612727
371.834604 0.613098
371.958569 0.61347
372.082576 0.613841
372.206624 0.614211
372.330714 0.614582
372.454845 0.614952
372.579017 0.615321
372.703231 0.615691
372.827486 0.61606
372.951782 0.616429
373.07612 0.616797
373.2005 0.617165
373.324921 0.617533
373.449383 0.617902
373.573887 0.618264
373.698432 0.618596
373.823019 0.618962
373.947648 0.619329
374.072318 0.619695
374.197029 0.62006
374.321782 0.620426
374.446577 0.620791
374.571413 0.621156
374.696291 0.62152
374.821211 0.621885
374.946172 0.622245
375.071175 0.622587
375.19622 0.622945
375.321306 0.623307
375.446434 0.623626
375.571603 0.623989
375.696815 0.62435
375.822068 0.624688
375.947363 0.625046
376.0727 0.62536
376.198078 0.625721
376.323498 0.626075
376.44896 0.626406
376.574464 0.626726
376.70001 0.627065
376.825598 0.627394
376.951227 0.627725
377.076898 0.62805
377.202612 0.628357
377.328367 0.628672
377.454164 0.628982
377.580003 0.629291
377.705884 0.629609
377.831807 0.629912
377.957772 0.630208
378.083779 0.630502
378.209828 0.630798
378.335919 0.631091
378.462052 0.631396
378.588227 0.631707
378.714444 0.632009
378.840703 0.632306
378.967004 0.632613
379.093348 0.632921
379.219733 0.633226
379.346161 0.633549
379.472631 0.633871
379.599143 0.634191
379.725697 0.634511
379.852293 0.634835
379.978932 0.635171
380.105612 0.635524
380.232335 0.635885
380.359101 0.636262
380.485908 0.636638
380.612758 0.637001
380.73965 0.63739
380.866584 0.637788
380.993561 0.63818
381.12058 0.63858
381.247641 0.638968
381.374745 0.639374
381.501891 0.639784
381.62908 0.640194
381.756311 0.640604
381.883584 0.641013
382.0109 0.641421
382.138258 0.641819
382.265658 0.642205
382.393102 0.642611
382.520587 0.643015
382.648115 0.643402
382.775686 0.643796
382.903299 0.644183
383.030955 0.644561
383.158653 0.644937
383.286394 0.645313
383.414177 0.645688
383.542003 0.646056
383.669872 0.646437
383.797783 0.646809
383.925737 0.647151
384.053734 0.647503
384.181773 0.647886
384.309855 0.648235
384.43798 0.648595
384.566147 0.648935
384.694357 0.649286
384.82261 0.649664
384.950906 0.650002
385.079244 0.650343
385.207625 0.650691
385.336049 0.651051
385.464516 0.65139
385.593025 0.651728
385.721578 0.652066
385.850173 0.652404
385.978811 0.652751
386.107492 0.653119
386.236216 0.653457
386.364983 0.653793
386.493793 0.65413
386.622646 0.654466
386.751541 0.654801
386.88048 0.655136
387.009462 0.655471
387.138486 0.655806
387.267554 0.65614
387.396665 0.656474
387.525818 0.656808
387.655015 0.657142
387.784255 0.657475
387.913538 0.657808
388.042864 0.65814
388.172233 0.658472
388.301646 0.658804
388.431101 0.659136
388.5606 0.659467
388.690141 0.659798
388.819726 0.660129
388.949355 0.66046
389.079026 0.66079
389.208741 0.661119
389.338498 0.661449
389.4683 0.661778
389.598144 0.662107
389.728032 0.662436
389.857963 0.662764
389.987937 0.663092
390.117955 0.66342
390.248016 0.663747
390.37812 0.664074
390.508268 0.664402
390.638459 0.664738
390.768693 0.665079
390.898971 0.665394
391.029293 0.665725
391.159658 0.666049
391.290066 0.666377
391.420518 0.666717
391.551013 0.667042
391.681552 0.667366
391.812134 0.66769
391.94276 0.668013
392.073429 0.668336
392.204142 0.668659
392.334899 0.668982
392.465699 0.669304
392.596542 0.669626
392.72743 0.669948
392.858361 0.670269
392.989335 0.67059
393.120354 0.670911
393.251415 0.671232
393.382521 0.671552
393.51367 0.671872
393.644864 0.672191
393.7761 0.67251
393.907381 0.672829
394.038705 0.673148
394.170073 0.673466
394.301485 0.673785
394.432941 0.674102
394.564441 0.67442
394.695984 0.674737
394.827571 0.675054
394.959202 0.67537
395.090877 0.675687
395.222596 0.676003
395.354359 0.676318
395.486166 0.676634
395.618017 0.676949
395.749911 0.677264
395.88185 0.677578
396.013833 0.677892
396.145859 0.678206
396.27793 0.678513
396.410044 0.678829
396.542203 0.679115
396.674406 0.679425
396.806653 0.679771
396.938944 0.680054
397.071279 0.680354
397.203658 0.680596
397.336081 0.680919
397.468549 0.681185
397.60106 0.681634
397.733616 0.681948
397.866216 0.682247
397.99886 0.682569
398.131549 0.682849
398.264281 0.683158
398.397058 0.68347
398.529879 0.683742
398.662745 0.684114
398.795654 0.684403
398.928608 0.684689
399.061607 0.685003
399.19465 0.685323
399.327737 0.685595
399.460868 0.685957
399.594044 0.686225
399.727264 0.686498
399.860529 0.686852
399.993838 0.687141
400.127191 0.687441
400.260589 0.687753
400.394032 0.688097
400.527519 0.688428
400.66105 0.688748
400.794626 0.689033
400.928246 0.68939
401.061911 0.689708
401.195621 0.690029
401.329375 0.690357
401.463174 0.690698
401.597017 0.690993
401.730905 0.691307
401.864838 0.691626
401.998815 0.691945
402.132837 0.692263
402.266904 0.69258
402.401015 0.692898
402.535171 0.693215
402.669372 0.693532
402.803617 0.693848
402.937908 0.694164
403.072243 0.69448
403.206622 0.694796
403.341047 0.695111
403.475516 0.695427
403.610031 0.695741
403.74459 0.696056
403.879194 0.69637
404.013843 0.696684
404.148536 0.696998
404.283275 0.697311
404.418059 0.697624
404.552887 0.697937
404.68776 0.69825
404.822679 0.698562
404.957642 0.698874
405.092651 0.699186
405.227704 0.699497
405.362802 0.699808
405.497946 0.700119
405.633134 0.700429
405.768368 0.700738
405.903647 0.701047
406.03897 0.701356
406.174339 0.701624
406.309753 0.701933
406.445213 0.702242
406.580717 0.702564
406.716266 0.702904
406.851861 0.703236
406.987501 0.703547
407.123186 0.703853
407.258916 0.704158
407.394692 0.704462
407.530513 0.704767
407.666379 0.705071
407.80229 0.705375
407.938247 0.705678
408.074249 0.705982
408.210297 0.706285
408.346389 0.706588
408.482528 0.706891
408.618711 0.707194
408.75494 0.707497
408.891214 0.707799
409.027534 0.708101
409.163899 0.708403
409.30031 0.708663
409.436766 0.708965
409.573268 0.709268
409.709815 0.70957
409.846408 0.709872
409.983046 0.710173
410.11973 0.710474
410.256459 0.710775
410.393234 0.711076
410.530055 0.711376
410.666921 0.711677
410.803833 0.711976
410.94079 0.712276
411.077793 0.712575
411.214842 0.712874
411.351937 0.713173
411.489077 0.713471
411.626263 0.71377
411.763494 0.714067
411.900772 0.714365
412.038095 0.714662
412.175464 0.714959
412.312878 0.715256
412.450339 0.715553
412.587845 0.715849
412.725397 0.716145
412.862996 0.71644
413.000639 0.716736
413.138329 0.717031
413.276065 0.717326
413.413847 0.71762
413.551674 0.717915
413.689548 0.718209
413.827467 0.718502
413.965433 0.718796
414.103444 0.719089
414.241502 0.719382
414.379605 0.719671
414.517755 0.719957
414.65595 0.720259
414.794192 0.720551
414.93248 0.720842
415.070814 0.721133
415.209194 0.721414
415.34762 0.721695
415.486092 0.721984
415.624611 0.722272
415.763175 0.722558
415.901786 0.722846
416.040443 0.723134
416.179146 0.723421
416.317896 0.723708
416.456692 0.723995
416.595534 0.724276
416.734422 0.724557
416.873357 0.724845
417.012338 0.725139
417.151365 0.725425
417.290439 0.725711
417.429559 0.725991
417.568725 0.726241
417.707938 0.726527
417.847197 0.726813
417.986502 0.727098
418.125855 0.727383
418.265253 0.727668
418.404698 0.727953
418.54419 0.728237
418.683728 0.728521
418.823312 0.728805
418.962943 0.729089
419.102621 0.729372
419.242345 0.729655
419.382116 0.729938
419.521933 0.73022
419.661797 0.730502
419.801707 0.730784
419.941665 0.731066
420.081669 0.731347
420.221719 0.731628
420.361816 0.731909
420.50196 0.732189
420.642151 0.73247
420.782388 0.73275
420.922673 0.733029
421.063004 0.733309
421.203381 0.733588
421.343806 0.733867
421.484277 0.734146
421.624795 0.734424
421.76536 0.734702
421.905972 0.73498
422.046631 0.735258
422.187337 0.735535
422.328089 0.735812
422.468889 0.736088
422.609735 0.73636
422.750629 0.736631
422.891569 0.736903
423.032556 0.737174
423.173591 0.737443
423.314672 0.737713
423.4558 0.737982
423.596976 0.73825
423.738198 0.738479
423.879468 0.738753
424.020785 0.739027
424.162149 0.7393
424.30356 0.739573
424.445018 0.739846
424.586523 0.740119
424.728075 0.74039
424.869675 0.740656
425.011322 0.740922
425.153016 0.74119
425.294757 0.741458
425.436546 0.741725
425.578381 0.741993
425.720265 0.74226
425.862195 0.742526
426.004173 0.742793
426.146198 0.743063
426.28827 0.743333
426.43039 0.743602
426.572557 0.743871
426.714772 0.74414
426.857034 0.744409
426.999343 0.744678
427.1417 0.744948
427.284104 0.745218
427.426556 0.745483
427.569055 0.745748
427.711602 0.746027
427.854196 0.746296
427.996838 0.746565
428.139528 0.746833
428.282264 0.7471
428.425049 0.747368
428.567881 0.747632
428.710761 0.747902
428.853688 0.748168
428.996663 0.748434
429.139686 0.748693
429.282757 0.748963
429.425875 0.749225
429.56904 0.749491
429.712254 0.749754
429.855515 0.750018
429.998824 0.75028
430.142181 0.75054
430.285586 0.7508
430.429038 0.751059
430.572539 0.751318
430.716087 0.751577
430.859683 0.751835
431.003326 0.752093
431.147018 0.752348
431.290758 0.752601
431.434545 0.752854
431.578381 0.753069
431.722264 0.753329
431.866196 0.753588
432.010175 0.753847
432.154202 0.754081
432.298278 0.754332
432.442401 0.754585
432.586573 0.754838
432.730792 0.75509
432.87506 0.755306
433.019376 0.755563
433.16374 0.75582
433.308152 0.756077
433.452612 0.756333
433.59712 0.756589
433.741676 0.756845
433.886281 0.757101
434.030934 0.757356
434.175635 0.757611
434.320384 0.757866
434.465182 0.758121
434.610028 0.758375
434.754922 0.75863
434.899864 0.758884
435.044855 0.759137
435.189894 0.759391
435.334982 0.759644
435.480118 0.759897
435.625302 0.760149
435.770535 0.760402
435.915816 0.760654
436.061145 0.760906
436.206523 0.761157
436.351949 0.761409
436.497424 0.76166
436.642948 0.761911
436.78852 0.762161
436.93414 0.762412
437.079809 0.762657
437.225527 0.762899
437.371293 0.763142
437.517108 0.763383
437.662971 0.763624
437.808883 0.763866
437.954843 0.764107
438.100853 0.764314
438.246911 0.764562
438.393017 0.764809
438.539173 0.765053
438.685377 0.765288
438.83163 0.765523
438.977931 0.765758
439.124282 0.765953
439.270681 0.766199
439.417129 0.766445
439.563626 0.766679
439.710171 0.766894
439.856766 0.76709
440.003409 0.767313
440.150101 0.767532
440.296842 0.767784
440.443633 0.768018
440.590472 0.76822
440.737359 0.768464
440.884296 0.768705
441.031282 0.768907
441.178317 0.769149
441.325401 0.769323
441.472534 0.769547
441.619716 0.769733
441.766947 0.769918
441.914228 0.77015
442.061557 0.770517
442.208935 0.770619
442.356363 0.770862
442.50384 0.771081
442.651365 0.770899
442.79894 0.770903
442.946565 0.771474
443.094238 0.771556
443.241961 0.772224
443.389733 0.772507
443.537554 0.772753
443.685425 0.77299
443.833344 0.773079
443.981313 0.773485
444.129332 0.773594
444.2774 0.773746
444.425517 0.773995
444.573683 0.774394
444.721899 0.774613
444.870165 0.77438
445.018479 0.774931
445.166844 0.775299
445.315257 0.775255
445.46372 0.775805
445.612233 0.775757
445.760795 0.776226
445.909407 0.77612
446.058068 0.776708
446.206779 0.776943
446.355539 0.77705
446.504349 0.777182
446.653209 0.777674
446.802118 0.777851
446.951077 0.778098
447.100086 0.778225
447.249144 0.77857
447.398252 0.778803
447.547409 0.779038
447.696617 0.779337
447.845874 0.779485
447.995181 0.779801
448.144537 0.780053
448.293944 0.780284
448.4434 0.780511
448.592906 0.780735
448.742462 0.780981
448.892067 0.781216
449.041723 0.781465
449.191429 0.781705
449.341184 0.781918
449.490989 0.782169
449.640845 0.782359
449.79075 0.782588
449.940705 0.782817
450.09071 0.783045
450.240766 0.783273
450.390871 0.783501
450.541026 0.783748
450.691232 0.784002
450.841487 0.784221
450.991793 0.78441
451.142148 0.784637
451.292554 0.784864
451.44301 0.78509
451.593516 0.785335
451.744072 0.785598
451.894679 0.785817
452.045336 0.786041
452.196042 0.786267
452.3468 0.786493
452.497607 0.786719
452.648465 0.786945
452.799373 0.787161
452.950331 0.787393
453.10134 0.787619
453.252398 0.787835
453.403508 0.788063
453.554667 0.788288
453.705878 0.788511
453.857138 0.788733
454.008449 0.788954
454.15981 0.789171
454.311222 0.789384
454.462685 0.789566
454.614197 0.789788
454.765761 0.790009
454.917375 0.79023
455.069039 0.79045
455.220754 0.790658
455.372519 0.790862
455.524336 0.791065
455.676202 0.791236
455.82812 0.791455
455.980088 0.791674
456.132106 0.791869
456.284176 0.792061
456.436296 0.792236
456.588467 0.792445
456.740688 0.792636
456.89296 0.792795
457.045284 0.793013
457.197657 0.7932
457.350082 0.793403
457.502557 0.793569
457.655084 0.793757
457.807661 0.793907
457.960289 0.794121
458.112968 0.794304
458.265697 0.794459
458.418478 0.794668
458.57131 0.794849
458.724192 0.795009
458.877126 0.795212
459.03011 0.795393
459.183146 0.795557
459.336233 0.795754
459.48937 0.795935
459.642559 0.796103
459.795799 0.796295
459.949089 0.796475
460.102431 0.796647
460.255824 0.796849
460.409268 0.797037
460.562764 0.797225
460.71631 0.7974
460.869908 0.7976
461.023557 0.797791
461.177257 0.79799
461.331008 0.79819
461.484811 0.798361
461.638665 0.798572
461.79257 0.798782
461.946527 0.798991
462.100535 0.799193
462.254594 0.799376
462.408704 0.799572
462.562866 0.799785
462.71708 0.799995
462.871344 0.800206
463.02566 0.80042
463.180028 0.800645
463.334447 0.800872
463.488918 0.801082
463.64344 0.801311
463.798013 0.80155
463.952638 0.801748
464.107315 0.801955
464.262043 0.802185
464.416823 0.802413
464.571655 0.802628
464.726538 0.802855
464.881472 0.803095
465.036459 0.80332
465.191497 0.80352
465.346586 0.803707
465.501728 0.803921
465.656921 0.804137
465.812166 0.804353
465.967462 0.804565
466.122811 0.804735
466.278211 0.804885
466.433663 0.805089
466.589166 0.805293
466.744722 0.805464
466.90033 0.805633
467.055989 0.805798
467.2117 0.805996
467.367463 0.806118
467.523279 0.806292
467.679146 0.806481
467.835065 0.806649
467.991036 0.806805
468.147059 0.806968
468.303134 0.807136
468.459261 0.807297
468.61544 0.807465
468.771671 0.80751
468.927954 0.807753
469.08429 0.807912
469.240677 0.80803
469.397117 0.808181
469.553609 0.808253
469.710153 0.808294
469.866749 0.808562
470.023397 0.808761
470.180098 0.808824
470.336851 0.809049
470.493656 0.80923
470.650513 0.809351
470.807423 0.809499
470.964385 0.809603
471.121399 0.809755
471.278466 0.809774
471.435585 0.810077
471.592756 0.810242
471.74998 0.81031
471.907256 0.810472
472.064585 0.810626
472.221966 0.810674
472.379399 0.810861
472.536885 0.811009
472.694424 0.811141
472.852015 0.811186
473.009659 0.811332
473.167355 0.811535
473.325103 0.811565
473.482905 0.811732
473.640759 0.811854
473.798665 0.811942
473.956624 0.812019
474.114636 0.812118
474.272701 0.812221
474.430818 0.812236
474.588988 0.812313
474.747211 0.812309
474.905486 0.812343
475.063814 0.812368
475.222195 0.812357
475.380629 0.812316
475.539116 0.812272
475.697655 0.812287
475.856248 0.812254
476.014893 0.81219
476.173591 0.81208
476.332342 0.812093
476.491146 0.812131
476.650003 0.812166
476.808913 0.812198
476.967875 0.812269
477.126891 0.812365
477.28596 0.812489
477.445082 0.81268
477.604257 0.812902
477.763485 0.813116
477.922766 0.813306
478.0821 0.813517
478.241487 0.813766
478.400927 0.814038
478.560421 0.814314
478.719968 0.814588
478.879568 0.814863
479.039221 0.815164
479.198927 0.815456
479.358687 0.815717
479.5185 0.815982
479.678366 0.816245
479.838285 0.816509
479.998258 0.816813
480.158284 0.817118
480.318363 0.817399
480.478496 0.817661
480.638682 0.81791
480.798922 0.81816
480.959215 0.81843
481.119562 0.818713
481.279961 0.818985
481.440415 0.819227
481.600922 0.81946
481.761482 0.819698
481.922096 0.819953
482.082764 0.820213
482.243485 0.820478
482.404259 0.820731
482.565087 0.820962
482.725969 0.821192
482.886905 0.821421
483.047894 0.821653
483.208937 0.821907
483.370033 0.822159
483.531183 0.822417
483.692387 0.822688
483.853645 0.822935
484.014956 0.823133
484.176322 0.823384
484.337741 0.823598
484.499213 0.823836
484.66074 0.824076
484.822321 0.824296
484.983955 0.824469
485.145643 0.824691
485.307385 0.824889
485.469182 0.825146
485.631032 0.825355
485.792936 0.82552
485.954894 0.825833
486.116906 0.826079
486.278972 0.826278
486.441092 0.826474
486.603266 0.826627
486.765494 0.826827
486.927776 0.827025
487.090112 0.827135
487.252503 0.827347
487.414947 0.827538
487.577446 0.827706
487.739999 0.827943
487.902606 0.827992
488.065267 0.828274
488.227983 0.828388
488.390753 0.828563
488.553577 0.828603
488.716455 0.828874
488.879388 0.82895
489.042375 0.829052
489.205416 0.829228
489.368512 0.829358
489.531662 0.829485
489.694866 0.829654
489.858125 0.829794
490.021438 0.829947
490.184806 0.830094
490.348228 0.830222
490.511705 0.830368
490.675236 0.830535
490.838821 0.830667
491.002462 0.830829
491.166156 0.830964
491.329906 0.831136
491.49371 0.831288
491.657568 0.831466
491.821481 0.831617
491.985449 0.831759
492.149472 0.831934
492.313549 0.832068
492.477681 0.832238
492.641867 0.832408
492.806109 0.832558
492.970405 0.832703
493.134756 0.832853
493.299161 0.832986
493.463622 0.833145
493.628137 0.833303
493.792707 0.833453
493.957332 0.833603
494.122012 0.833729
494.286747 0.833897
494.451537 0.834046
494.616381 0.834192
494.781281 0.834338
494.946235 0.834468
495.111245 0.834618
495.27631 0.834742
495.441429 0.834868
495.606604 0.834992
495.771834 0.8351
495.937118 0.835239
496.102458 0.835353
496.267853 0.83546
496.433304 0.835563
496.598809 0.83567
496.764369 0.835771
496.929985 0.835899
497.095656 0.836014
497.261382 0.836115
497.427164 0.836206
497.593 0.836288
497.758892 0.836376
497.92484 0.836472
498.090842 0.83655
498.2569 0.836608
498.423014 0.836683
498.589182 0.836747
498.755406 0.836818
498.921686 0.836868
499.088021 0.836949
499.254411 0.836961
499.420857 0.837042
499.587358 0.837099
499.753915 0.837131
499.920528 0.837182
500.087196 0.837225
500.253919 0.837261
500.420698 0.837275
500.587533 0.837354
500.754423 0.837402
500.921369 0.83742
501.088371 0.837404
501.255428 0.837558
501.422541 0.837462
501.58971 0.837482
501.756934 0.837491
501.924215 0.837423
502.091551 0.837256
502.258942 0.837709
502.42639 0.837884
502.593893 0.837537
502.761452 0.837506
502.929068 0.837423
503.096738 0.836955
503.264465 0.837857
503.432248 0.837765
503.600087 0.835093
503.767982 0.836592
503.935932 0.834874
504.103939 0.836995
504.272001 0.836564
504.44012 0.836331
504.608295 0.837656
504.776526 0.838782
504.944813 0.838322
505.113156 0.8388
505.281555 0.839393
505.45001 0.838516
505.618521 0.83962
505.787089 0.838368
505.955713 0.837616
506.124393 0.83903
506.293129 0.839735
506.461922 0.840509
506.63077 0.840651
506.799675 0.837588
506.968637 0.84012
507.137655 0.84053
507.306729 0.841115
507.475859 0.839798
507.645046 0.84143
507.814289 0.839759
507.983589 0.840669
508.152945 0.84145
508.322357 0.842324
508.491826 0.841728
508.661352 0.842498
508.830934 0.841608
509.000573 0.843164
509.170268 0.843346
509.340019 0.842677
509.509828 0.842861
509.679693 0.843536
509.849614 0.843963
510.019592 0.844214
510.189627 0.84417
510.359719 0.843964
510.529867 0.844642
510.700072 0.8449
510.870334 0.844931
511.040652 0.845168
511.211028 0.844917
511.38146 0.845459
511.551948 0.845573
511.722494 0.8457
511.893097 0.845832
512.063756 0.845928
512.234473 0.846028
512.405246 0.846134
512.576076 0.846334
512.746963 0.846409
512.917907 0.84655
513.088909 0.846633
513.259967 0.846774
513.431082 0.84686
513.602254 0.846987
513.773483 0.847083
513.94477 0.847183
514.116113 0.847282
514.287514 0.847395
514.458972 0.8475
514.630487 0.847606
514.802059 0.847689
514.973688 0.847765
515.145374 0.84787
515.317118 0.847965
515.488919 0.848079
515.660777 0.848187
515.832693 0.848289
516.004666 0.848392
516.176696 0.8485
516.348784 0.848604
516.520929 0.848709
516.693131 0.848812
516.865391 0.848917
517.037708 0.849021
517.210083 0.849131
517.382515 0.849236
517.555004 0.849346
517.727551 0.849452
517.900156 0.849557
518.072818 0.849653
518.245538 0.849739
518.418315 0.849818
518.59115 0.849921
518.764043 0.850022
518.936993 0.850132
519.110001 0.850229
519.283066 0.850322
519.456189 0.850418
519.62937 0.850513
519.802609 0.850607
519.975905 0.850703
520.14926 0.850784
520.322672 0.850854
520.496141 0.850927
520.669669 0.850975
520.843254 0.851019
521.016898 0.851087
521.190599 0.851159
521.364358 0.851222
521.538175 0.851264
521.71205 0.851313
521.885983 0.851375
522.059974 0.851431
522.234023 0.851467
522.40813 0.851481
522.582295 0.851511
522.756519 0.851538
522.9308 0.851576
523.105139 0.851596
523.279537 0.851594
523.453992 0.851584
523.628506 0.851568
523.803078 0.851629
523.977708 0.851632
524.152396 0.851405
524.327143 0.85155
524.501948 0.851533
524.676811 0.851509
524.851732 0.851555
525.026712 0.851565
525.20175 0.851534
525.376847 0.851567
525.552001 0.851559
525.727215 0.851683
525.902486 0.851672
526.077816 0.851671
526.253205 0.85164
526.428652 0.851642
526.604157 0.851616
526.779721 0.851421
526.955344 0.851623
527.131025 0.851448
527.306764 0.851511
527.482563 0.851599
527.658419 0.851593
527.834335 0.851521
528.010309 0.851583
528.186342 0.851581
528.362433 0.851606
528.538583 0.851516
528.714792 0.851601
528.89106 0.851496
529.067386 0.851632
529.243771 0.85154
529.420215 0.851644
529.596718 0.851625
529.77328 0.851649
529.9499 0.851638
530.12658 0.851686
530.303318 0.851751
530.480115 0.851716
530.656972 0.851733
530.833887 0.85183
531.010861 0.851871
531.187894 0.851921
531.364986 0.85194
531.542137 0.852024
531.719348 0.852106
531.896617 0.852122
532.073945 0.852235
532.251333 0.852331
532.42878 0.852395
532.606285 0.852499
532.78385 0.85258
532.961475 0.852675
533.139158 0.852774
533.316901 0.852896
533.494703 0.853023
533.672564 0.853153
533.850484 0.853282
534.028464 0.853432
534.206503 0.853568
534.384602 0.853697
534.56276 0.853852
534.740977 0.854025
534.919254 0.854194
535.09759 0.854336
535.275986 0.854516
535.454441 0.854679
535.632955 0.854847
535.811529 0.855013
535.990163 0.85517
536.168856 0.855322
536.347609 0.855457
536.526421 0.85556
536.705293 0.855749
536.884225 0.855889
537.063216 0.855968
537.242267 0.85616
537.421377 0.856284
537.600548 0.856376
537.779778 0.856479
537.959068 0.856641
538.138417 0.856695
538.317827 0.856801
538.497296 0.856826
538.676825 0.856939
538.856414 0.857071
539.036062 0.857126
539.215771 0.857121
539.39554 0.85727
539.575368 0.857401
539.755256 0.857393
539.935205 0.857154
540.115213 0.857573
540.295282 0.857379
540.47541 0.857555
540.655599 0.857613
540.835847 0.857233
541.016156 0.856774
541.196525 0.857393
541.376954 0.857031
541.557443 0.85691
541.737992 0.857848
541.918601 0.85757
542.099271 0.857472
542.280001 0.857536
542.460791 0.857483
542.641641 0.858206
542.822552 0.858224
543.003523 0.85814
543.184554 0.858233
543.365646 0.858315
543.546798 0.857822
543.728011 0.857399
543.909283 0.858094
544.090617 0.858414
544.272011 0.858644
544.453465 0.858193
544.63498 0.858791
544.816555 0.858691
544.998191 0.858072
545.179887 0.858673
545.361644 0.85899
545.543461 0.859209
545.72534 0.858072
545.907278 0.858938
546.089278 0.858484
546.271338 0.859037
546.453459 0.85837
546.63564 0.859167
546.817882 0.859323
547.000185 0.859538
547.182549 0.859284
547.364974 0.859949
547.547459 0.859776
547.730005 0.860105
547.912612 0.859483
548.09528 0.860113
548.278009 0.860118
548.460799 0.860443
548.64365 0.86039
548.826562 0.860343
549.009534 0.860684
549.192568 0.860624
549.375663 0.86075
549.558818 0.860735
549.742035 0.860787
549.925313 0.86103
550.108652 0.860992
550.292052 0.861105
550.475513 0.861235
550.659036 0.861375
550.84262 0.861375
551.026264 0.861392
551.20997 0.86141
551.393738 0.86163
551.577566 0.861644
551.761456 0.861676
551.945407 0.861828
552.12942 0.861889
552.313493 0.861958
552.497629 0.861991
552.681825 0.862017
552.866083 0.862135
553.050403 0.862158
553.234783 0.862202
553.419226 0.862245
553.60373 0.862289
553.788295 0.862359
553.972922 0.862409
554.15761 0.862453
554.34236 0.862499
554.527172 0.862529
554.712045 0.862559
554.89698 0.862579
555.081976 0.862603
555.267035 0.862634
555.452154 0.862663
555.637336 0.862689
555.822579 0.862715
556.007884 0.862719
556.193251 0.862707
556.37868 0.862721
556.56417 0.862741
556.749723 0.862754
556.935337 0.862742
557.121013 0.862725
557.306751 0.862727
557.492551 0.862726
557.678413 0.862719
557.864336 0.862704
558.050322 0.862675
558.23637 0.862659
558.42248 0.862626
558.608652 0.86258
558.794885 0.862535
558.981181 0.862492
559.16754 0.862474
559.35396 0.862435
559.540442 0.862384
559.726987 0.862363
559.913594 0.862293
560.100263 0.862259
560.286994 0.862227
560.473787 0.862189
560.660643 0.862142
560.847561 0.862082
561.034541 0.861993
561.221584 0.861962
561.408689 0.861942
561.595856 0.861885
561.783086 0.861829
561.970379 0.861718
562.157733 0.861717
562.34515 0.861658
562.53263 0.861617
562.720172 0.86154
562.907777 0.861495
563.095444 0.861426
563.283174 0.861402
563.470966 0.861364
563.658821 0.861334
563.846739 0.861276
564.034719 0.861175
564.222762 0.861132
564.410867 0.86109
564.599036 0.861083
564.787267 0.861026
564.975561 0.860958
565.163917 0.860858
565.352337 0.860856
565.540819 0.860791
565.729364 0.860701
565.917972 0.860719
566.106642 0.860637
566.295376 0.860526
566.484173 0.860463
566.673032 0.860334
566.861955 0.860292
567.05094 0.860286
567.239989 0.860084
567.4291 0.860073
567.618275 0.859563
567.807512 0.859608
567.996813 0.859884
568.186177 0.859173
568.375604 0.858514
568.565094 0.857903
568.754647 0.85836
568.944264 0.856639
569.133943 0.856092
569.323686 0.857378
569.513493 0.857722
569.703362 0.858322
569.893295 0.856985
570.083291 0.856313
570.27335 0.856982
570.463473 0.858031
570.653659 0.858049
570.843909 0.857879
571.034222 0.858136
571.224598 0.85728
571.415038 0.857808
571.605542 0.85719
571.796109 0.857587
571.986739 0.855936
572.177433 0.855312
572.368191 0.856125
572.559012 0.856635
572.749897 0.85645
572.940845 0.856309
573.131857 0.855182
573.322933 0.857009
573.514073 0.856328
573.705276 0.856439
573.896543 0.855044
574.087874 0.856484
574.279268 0.856564
574.470727 0.855749
574.662249 0.854325
574.853835 0.856387
575.045485 0.856803
575.237198 0.856741
575.428976 0.856118
575.620818 0.85591
575.812723 0.856663
576.004693 0.85644
576.196726 0.856964
576.388824 0.856641
576.580986 0.856863
576.773211 0.857292
576.965501 0.857232
577.157855 0.857222
577.350273 0.856928
577.542755 0.857568
577.735302 0.857794
577.927912 0.858425
578.120587 0.858477
578.313326 0.858604
578.506129 0.858983
578.698997 0.859414
578.891928 0.859639
579.084925 0.859975
579.277985 0.860443
579.47111 0.860765
579.664299 0.861333
579.857553 0.861773
580.050871 0.862132
580.244253 0.862765
580.4377 0.863283
580.631212 0.863474
580.824788 0.864055
581.018428 0.864637
581.212133 0.864988
581.405903 0.865446
581.599737 0.865696
581.793636 0.866109
581.9876 0.866479
582.181628 0.866951
582.375721 0.867183
582.569878 0.867547
582.764101 0.868
582.958388 0.868007
583.15274 0.868497
583.347156 0.868712
583.541638 0.868883
583.736184 0.869332
583.930795 0.869489
584.125471 0.869745
584.320212 0.869889
584.515018 0.870274
584.709889 0.870282
584.904825 0.870792
585.099826 0.870902
585.294891 0.870532
585.490022 0.871481
585.685218 0.871239
585.880479 0.871704
586.075805 0.870933
586.271196 0.871442
586.466652 0.872029
586.662174 0.871176
586.857761 0.871852
587.053412 0.872014
587.24913 0.870933
587.444912 0.872008
587.64076 0.870835
587.836672 0.869566
588.032651 0.871006
588.228694 0.867852
588.424803 0.866739
588.620977 0.867785
588.817217 0.858204
589.013522 0.866261
589.209893 0.861633
589.406329 0.859542
589.60283 0.86729
589.799397 0.866688
589.99603 0.860477
590.192728 0.861369
590.389492 0.862212
590.586321 0.869398
590.783216 0.871076
590.980177 0.863371
591.177203 0.865919
591.374295 0.868207
591.571452 0.869515
591.768676 0.867898
591.965965 0.863823
592.16332 0.856609
592.36074 0.867674
592.558227 0.858642
592.755779 0.870678
592.953397 0.870246
593.151081 0.872452
593.348831 0.865068
593.546647 0.871922
593.744529 0.871911
593.942477 0.871307
594.140491 0.870446
594.338571 0.848083
594.536717 0.869978
594.734929 0.860503
594.933207 0.864839
595.131551 0.861798
595.329961 0.870724
595.528437 0.873317
595.72698 0.869072
595.925589 0.863627
596.124264 0.869239
596.323005 0.871206
596.521812 0.873688
596.720686 0.87101
596.919626 0.860426
597.118632 0.869904
597.317705 0.870436
597.516844 0.872877
597.71605 0.869085
597.915322 0.865189
598.11466 0.872554
598.314065 0.871581
598.513536 0.872709
598.713074 0.871243
598.912678 0.871997
599.112349 0.870619
599.312086 0.869402
599.51189 0.872711
599.711761 0.872415
599.911698 0.871997
600.111702 0.871914
600.311773 0.873182
600.51191 0.872813
600.712114 0.873109
600.912385 0.87349
601.112722 0.873478
601.313126 0.873707
601.513598 0.873888
601.714136 0.872471
601.91474 0.874214
602.115412 0.873972
602.316151 0.874309
602.516956 0.874231
602.717829 0.874537
602.918768 0.874361
603.119774 0.874691
603.320848 0.874712
603.521988 0.875119
603.723196 0.875162
603.924471 0.87528
604.125812 0.875435
604.327221 0.875606
604.528697 0.87566
604.73024 0.875855
604.931851 0.876001
605.133528 0.876136
605.335273 0.876338
605.537085 0.876509
605.738964 0.876637
605.940911 0.876779
606.142925 0.876985
606.345006 0.87718
606.547155 0.87735
606.749371 0.877504
606.951655 0.877695
607.154005 0.877896
607.356424 0.878095
607.55891 0.87829
607.761463 0.878469
607.964084 0.878667
608.166773 0.878839
608.369529 0.879028
608.572352 0.879248
608.775244 0.879435
608.978202 0.879603
609.181229 0.879819
609.384323 0.880045
609.587485 0.880252
609.790715 0.880458
609.994012 0.88064
610.197378 0.88084
610.400811 0.881062
610.604311 0.881262
610.80788 0.881433
611.011517 0.881643
611.215221 0.881853
611.418994 0.882047
611.622834 0.882228
611.826742 0.882395
612.030718 0.88259
612.234763 0.882793
612.438875 0.882984
612.643055 0.883151
612.847304 0.883323
613.05162 0.883495
613.256005 0.883656
613.460457 0.883816
613.664978 0.883995
613.869567 0.884181
614.074225 0.884353
614.27895 0.88451
614.483744 0.884665
614.688606 0.884833
614.893536 0.884988
615.098535 0.885148
615.303602 0.885304
615.508738 0.88546
615.713941 0.885626
615.919213 0.885774
616.124554 0.88592
616.329963 0.886057
616.535441 0.886197
616.740987 0.886348
616.946601 0.886495
617.152285 0.886611
617.358036 0.886742
617.563857 0.886888
617.769746 0.887018
617.975703 0.887136
618.181729 0.887247
618.387824 0.887357
618.593988 0.887462
618.80022 0.887573
619.006521 0.887687
619.212891 0.887801
619.41933 0.887882
619.625838 0.88797
619.832414 0.88804
620.039059 0.888131
620.245773 0.888239
620.452556 0.888318
620.659408 0.88836
620.866329 0.88843
621.073319 0.888514
621.280378 0.888601
621.487506 0.888674
621.694703 0.888722
621.901969 0.88878
622.109304 0.888818
622.316709 0.888867
622.524182 0.88889
622.731725 0.888957
622.939337 0.888994
623.147018 0.88904
623.354768 0.889092
623.562588 0.889144
623.770477 0.889179
623.978435 0.889212
624.186462 0.88924
624.394559 0.889284
624.602725 0.88931
624.810961 0.889268
625.019266 0.889301
625.22764 0.889414
625.436084 0.889455
625.644598 0.889423
625.853181 0.889554
626.061833 0.889452
626.270555 0.889119
626.479347 0.889585
626.688208 0.889386
626.897139 0.888725
627.10614 0.889166
627.31521 0.888873
627.52435 0.8895
627.733559 0.888904
627.942839 0.831306
628.152188 0.849353
628.361607 0.864055
628.571096 0.882089
628.780654 0.888235
628.990283 0.884573
629.199981 0.87603
629.409749 0.870789
629.619588 0.88072
629.829496 0.878968
630.039474 0.871795
630.249522 0.891539
630.45964 0.875052
630.669829 0.885183
630.880087 0.88514
631.090415 0.88703
631.300814 0.887346
631.511283 0.888898
631.721821 0.887793
631.93243 0.891415
632.14311 0.887348
632.353859 0.892575
632.564679 0.889732
632.775569 0.893616
632.986529 0.893432
633.19756 0.893564
633.408661 0.893455
633.619833 0.894418
633.831074 0.894896
634.042387 0.89557
634.253769 0.895231
634.465222 0.894929
634.676746 0.896387
634.88834 0.895267
635.100005 0.897202
635.31174 0.896011
635.523546 0.897767
635.735423 0.89768
635.94737 0.897874
636.159388 0.89805
636.371476 0.897956
636.583635 0.899119
636.795865 0.899501
637.008166 0.89912
637.220537 0.899446
637.43298 0.899383
637.645493 0.900443
637.858077 0.900923
638.070731 0.900953
638.283457 0.901292
638.496254 0.90114
638.709121 0.901734
638.92206 0.902121
639.135069 0.901998
639.34815 0.902466
639.561301 0.902755
639.774524 0.903116
639.987818 0.903084
640.201183 0.903448
640.414618 0.903735
640.628126 0.904042
640.841704 0.904362
641.055353 0.903792
641.269074 0.904802
641.482866 0.90499
641.696729 0.905044
641.910664 0.905073
642.12467 0.905357
642.338747 0.905894
642.552896 0.906041
642.767116 0.905519
642.981407 0.906529
643.19577 0.906272
643.410204 0.9059
643.62471 0.906531
643.839287 0.907315
644.053936 0.906998
644.268657 0.907052
644.483449 0.907122
644.698312 0.907131
644.913248 0.906895
645.128255 0.907853
645.343333 0.907904
645.558483 0.906303
645.773705 0.908174
645.988999 0.905059
646.204365 0.905861
646.419802 0.905945
646.635311 0.905181
646.850892 0.904248
647.066545 0.902223
647.28227 0.907347
647.498067 0.900774
647.713936 0.889778
647.929876 0.905076
648.145889 0.898023
648.361973 0.908558
648.57813 0.893435
648.794359 0.903933
649.01066 0.905476
649.227033 0.901821
649.443478 0.902295
649.659995 0.903678
649.876584 0.905384
650.093246 0.911331
650.30998 0.911044
650.526786 0.907828
650.743664 0.911912
650.960615 0.907588
651.177638 0.912168
651.394734 0.907895
651.611901 0.901056
651.829141 0.890358
652.046454 0.902542
652.263839 0.912501
652.481297 0.904533
652.698827 0.912592
652.916429 0.912991
653.134104 0.912508
653.351852 0.906979
653.569672 0.909109
653.787565 0.911091
654.005531 0.913831
654.223569 0.913489
654.44168 0.910487
654.659863 0.904014
654.87812 0.910799
655.096449 0.907305
655.314851 0.913834
655.533325 0.903886
655.751873 0.913878
655.970493 0.908825
656.189186 0.91234
656.407953 0.91424
656.626792 0.908046
656.845704 0.915316
657.064689 0.912798
657.283747 0.911171
657.502878 0.9141
657.722082 0.908233
657.941359 0.916525
658.16071 0.914373
658.380133 0.915902
658.59963 0.914934
658.8192 0.912335
659.038843 0.916398
659.258559 0.917204
659.478348 0.916794
659.698211 0.916341
659.918147 0.917286
660.138157 0.915682
660.358239 0.916663
660.578395 0.91783
660.798625 0.91765
661.018928 0.918441
661.239304 0.918224
661.459754 0.917679
661.680277 0.918652
661.900874 0.918798
662.121545 0.918951
662.342289 0.918934
662.563106 0.91917
662.783997 0.919113
663.004962 0.919003
663.226001 0.919681
663.447113 0.919387
663.668299 0.91986
663.889558 0.920059
664.110892 0.920111
664.332299 0.919895
664.55378 0.919926
664.775335 0.920528
664.996964 0.920451
665.218666 0.920815
665.440443 0.920794
665.662293 0.92104
665.884218 0.921209
666.106216 0.921331
666.328288 0.921154
666.550435 0.921659
666.772655 0.921555
666.99495 0.921938
667.217319 0.921913
667.439762 0.922126
667.662279 0.922289
667.88487 0.922432
668.107535 0.922592
668.330275 0.922711
668.553089 0.922675
668.775977 0.922984
668.998939 0.923067
669.221976 0.92323
669.445087 0.92335
669.668273 0.923483
669.891533 0.923622
670.114867 0.923724
670.338276 0.923865
670.561759 0.923998
670.785317 0.924113
671.00895 0.924249
671.232657 0.92436
671.456438 0.924506
671.680294 0.92463
671.904225 0.924759
672.12823 0.924885
672.35231 0.924991
672.576465 0.92512
672.800695 0.925257
673.024999 0.925382
673.249378 0.925501
673.473832 0.925619
673.698361 0.925742
673.922964 0.925861
674.147643 0.925974
674.372396 0.926085
674.597224 0.926189
674.822127 0.926308
675.047106 0.926422
675.272159 0.92654
675.497287 0.926654
675.72249 0.926769
675.947769 0.926879
676.173122 0.926992
676.398551 0.927119
676.624055 0.927232
676.849634 0.927346
677.075288 0.927457
677.301017 0.927567
677.526822 0.927673
677.752702 0.927793
677.978657 0.927904
678.204687 0.928014
678.430793 0.928076
678.656975 0.928189
678.883231 0.928298
679.109564 0.928411
679.335971 0.928526
679.562454 0.928596
679.789013 0.928668
680.015647 0.928787
680.242357 0.928848
680.469142 0.928924
680.696003 0.929042
680.922939 0.929086
681.149951 0.929291
681.377039 0.92938
681.604203 0.929292
681.831442 0.929394
682.058757 0.929611
682.286148 0.929653
682.513614 0.929658
682.741157 0.929569
682.968775 0.929876
683.196469 0.92992
683.424239 0.930032
683.652086 0.93018
683.880008 0.930325
684.108006 0.930106
684.33608 0.930078
684.56423 0.930389
684.792456 0.930517
685.020758 0.930666
685.249136 0.930943
685.477591 0.930433
685.706121 0.931071
685.934728 0.931081
686.163411 0.931001
686.39217 0.931053
686.621006 0.930751
686.849918 0.813729
687.078906 0.541707
687.30797 0.678544
687.537111 0.707158
687.766328 0.71311
687.995622 0.796538
688.224992 0.885675
688.454439 0.915136
688.683962 0.818279
688.913561 0.839918
689.143238 0.756449
689.37299 0.836003
689.60282 0.83422
689.832725 0.757322
690.062708 0.915148
690.292767 0.784558
690.522903 0.862184
690.753116 0.856766
690.983405 0.872984
691.213771 0.871724
691.444214 0.883366
691.674734 0.883309
691.905331 0.895946
692.136005 0.89413
692.366755 0.928118
692.597582 0.869713
692.828487 0.926766
693.059468 0.882924
693.290526 0.916282
693.521662 0.907165
693.752874 0.91863
693.984164 0.913605
694.21553 0.882735
694.446974 0.910534
694.678495 0.917399
694.910093 0.900382
695.141768 0.917298
695.373521 0.924725
695.605351 0.919523
695.837258 0.89587
696.069242 0.918339
696.301304 0.91212
696.533443 0.930702
696.76566 0.932136
696.997954 0.935729
697.230325 0.928995
697.462774 0.934166
697.6953 0.9349
697.927904 0.928684
698.160585 0.934053
698.393344 0.929831
698.626181 0.932248
698.859095 0.91656
699.092087 0.911577
699.325157 0.924797
699.558304 0.90958
699.791529 0.936315
700.024832 0.910431
700.258212 0.934605
700.49167 0.932938
700.725206 0.90355
700.95882 0.931706
701.192512 0.926698
701.426282 0.926623
701.66013 0.930251
701.894056 0.908966
702.128059 0.931279
702.362141 0.929578
702.596301 0.919502
702.830539 0.912113
703.064854 0.926452
703.299248 0.936866
703.533721 0.938237
703.768271 0.937927
704.002899 0.923482
704.237606 0.920215
704.472391 0.934171
704.707254 0.936671
704.942196 0.932229
705.177216 0.927586
705.412314 0.924353
705.647491 0.935906
705.882746 0.931191
706.118079 0.933609
706.353491 0.932814
706.588982 0.932831
706.824551 0.930764
707.060198 0.936665
707.295924 0.935907
707.531729 0.936146
707.767612 0.935687
708.003574 0.930036
708.239614 0.934458
708.475733 0.938571
708.711931 0.937706
708.948208 0.932995
709.184564 0.93788
709.420998 0.937768
709.657511 0.936575
709.894103 0.93719
710.130774 0.935835
710.367523 0.936435
710.604352 0.938223
710.84126 0.935412
711.078246 0.937505
711.315312 0.93741
711.552456 0.939626
711.78968 0.938993
712.026983 0.936463
712.264365 0.939295
712.501826 0.938243
712.739366 0.939927
712.976985 0.937224
713.214684 0.935943
713.452462 0.939215
713.690319 0.938758
713.928255 0.935545
714.166271 0.938709
714.404366 0.935846
714.642541 0.939274
714.880795 0.931366
715.119128 0.937387
715.357541 0.931676
715.596033 0.937839
715.834605 0.934898
716.073256 0.930189
716.311987 0.934281
716.550797 0.925182
716.789687 0.922779
717.028657 0.879891
717.267707 0.887415
717.506836 0.825216
717.746044 0.907002
717.985333 0.829946
718.224701 0.91895
718.46415 0.863213
718.703677 0.783336
718.943285 0.780809
719.182973 0.931636
719.422741 0.804527
719.662588 0.825042
719.902516 0.887137
720.142523 0.840308
720.382611 0.840247
720.622778 0.847764
720.863026 0.851107
721.103354 0.905701
721.343762 0.924844
721.58425 0.93895
721.824818 0.91113
722.065466 0.927643
722.306195 0.941275
722.547004 0.897075
722.787893 0.940142
723.028862 0.900973
723.269912 0.934218
723.511042 0.838665
723.752253 0.795363
723.993544 0.935028
724.234915 0.814758
724.476367 0.849413
724.717899 0.896471
724.959512 0.911831
725.201206 0.903287
725.44298 0.813973
725.684834 0.899635
725.92677 0.88846
726.168785 0.912473
726.410882 0.901895
726.653059 0.81549
726.895317 0.932086
727.137656 0.908621
727.380076 0.886803
727.622576 0.882599
727.865158 0.809667
728.10782 0.905298
728.350563 0.913677
728.593387 0.938024
728.836292 0.900062
729.079278 0.907514
729.322345 0.832569
729.565493 0.904649
729.808722 0.909052
730.052032 0.927755
730.295423 0.906887
730.538895 0.833453
730.782449 0.932937
731.026084 0.917563
731.2698 0.887168
731.513597 0.914391
731.757475 0.917858
732.001435 0.86645
732.245476 0.936045
732.489599 0.934878
732.733803 0.941029
732.978088 0.922617
733.222455 0.930641
733.466903 0.915488
733.711433 0.930936
733.956044 0.945759
734.200737 0.943045
734.445511 0.943551
734.690367 0.925911
734.935305 0.939005
735.180324 0.923473
735.425425 0.942906
735.670608 0.941224
735.915872 0.934221
736.161218 0.933071
736.406646 0.936069
736.652156 0.929753
736.897748 0.942866
737.143421 0.925453
737.389177 0.940547
737.635014 0.943718
737.880933 0.942513
738.126935 0.942789
738.373018 0.93909
738.619183 0.93556
738.865431 0.947544
739.11176 0.941285
739.358172 0.937454
739.604666 0.947731
739.851242 0.936144
740.0979 0.946555
740.34464 0.947162
740.591463 0.947083
740.838368 0.946141
741.085355 0.947185
741.332425 0.943251
741.579577 0.947044
741.826811 0.946829
742.074128 0.948623
742.321527 0.946847
742.569009 0.946388
742.816573 0.946858
743.06422 0.94847
743.31195 0.948805
743.559762 0.948743
743.807656 0.948851
744.055633 0.948693
744.303693 0.947597
744.551836 0.949042
744.800061 0.949125
745.048369 0.949213
745.29676 0.948787
745.545234 0.949116
745.79379 0.949116
746.04243 0.948996
746.291152 0.949401
746.539957 0.949572
746.788845 0.949406
747.037816 0.949262
747.28687 0.949623
747.536007 0.949711
747.785228 0.949674
748.034531 0.949703
748.283917 0.949821
748.533387 0.949954
748.78294 0.950011
749.032576 0.950044
749.282295 0.950148
749.532097 0.950152
749.781983 0.950244
750.031952 0.950369
750.282004 0.950397
750.53214 0.950436
750.782359 0.950547
751.032661 0.95067
751.283047 0.950816
751.533517 0.95089
751.78407 0.950903
752.034706 0.951009
752.285426 0.951095
752.53623 0.951209
752.787117 0.951302
753.038088 0.951349
753.289142 0.951447
753.540281 0.95154
753.791503 0.95159
754.042808 0.951674
754.294198 0.95175
754.545671 0.95186
754.797228 0.951921
755.048869 0.951961
755.300594 0.95206
755.552403 0.952146
755.804296 0.952187
756.056273 0.952251
756.308333 0.952349
756.560478 0.952413
756.812707 0.952474
757.06502 0.952514
757.317417 0.952587
757.569898 0.952631
757.822464 0.952691
758.075113 0.952776
758.327847 0.952713
758.580665 0.952768
758.833567 0.952463
759.086554 0.951447
759.339625 0.948099
759.592781 0.667127
759.84602 0.332852
760.099345 0.386308
760.352753 0.20615
760.606246 0.265126
760.859824 0.235678
761.113486 0.275492
761.367233 0.364397
761.621065 0.450361
761.874981 0.728057
762.128981 0.906091
762.383067 0.631453
762.637237 0.393
762.891491 0.497732
763.145831 0.60741
763.400255 0.329763
763.654764 0.582226
763.909358 0.572079
764.164037 0.435068
764.418801 0.775675
764.67365 0.418868
764.928584 0.88149
765.183602 0.484613
765.438706 0.911937
765.693895 0.564631
765.949169 0.930672
766.204528 0.642134
766.459972 0.940735
766.715501 0.717301
766.971115 0.942858
767.226815 0.858909
767.4826 0.866744
767.73847 0.92716
767.994425 0.856164
768.250466 0.953665
768.506592 0.872852
768.762804 0.953175
769.019101 0.928516
769.275483 0.925773
769.531951 0.952667
769.788505 0.925455
770.045144 0.952532
770.301868 0.953793
770.558678 0.941699
770.815574 0.954581
771.072555 0.953042
771.329622 0.951017
771.586775 0.954019
771.844014 0.952305
772.101338 0.953984
772.358748 0.952972
772.616244 0.953764
772.873825 0.953636
773.131493 0.953271
773.389246 0.954921
773.647086 0.953551
773.905011 0.955051
774.163022 0.954035
774.42112 0.95499
774.679303 0.954381
774.937573 0.955099
775.195928 0.954661
775.45437 0.955103
775.712898 0.954951
775.971512 0.955034
776.230212 0.955116
776.488999 0.955134
776.747871 0.955233
777.006831 0.955186
777.265876 0.955281
777.525008 0.955292
777.784226 0.955222
778.043531 0.955331
778.302922 0.955359
778.562399 0.955402
778.821963 0.955441
779.081614 0.955466
779.341351 0.955378
779.601175 0.955551
779.861085 0.955608
780.121082 0.955684
780.381166 0.955491
780.641336 0.955779
780.901594 0.955846
781.161937 0.955797
781.422368 0.955921
781.682886 0.955974
781.94349 0.955941
782.204181 0.955911
782.46496 0.9561
782.725825 0.956101
782.986777 0.956203
783.247816 0.956277
783.508942 0.956232
783.770155 0.956312
784.031455 0.956106
784.292843 0.955716
784.554317 0.956691
784.815879 0.955088
785.077528 0.956365
785.339264 0.956618
785.601087 0.955107
785.862998 0.956586
786.124996 0.956669
786.387082 0.955742
786.649254 0.953851
786.911514 0.950946
787.173862 0.95262
787.436297 0.95428
787.698819 0.95386
787.961429 0.950195
788.224127 0.950973
788.486912 0.955731
788.749785 0.953036
789.012745 0.949236
789.275794 0.946513
789.538929 0.945306
789.802153 0.935942
790.065464 0.957243
790.328863 0.93768
790.59235 0.952434
790.855925 0.956802
791.119587 0.939373
791.383338 0.950788
791.647176 0.955668
791.911103 0.945743
792.175117 0.944156
792.439219 0.957157
792.70341 0.94852
792.967688 0.943999
793.232055 0.95266
793.49651 0.954657
793.761053 0.958512
794.025684 0.957236
794.290403 0.955744
794.555211 0.957833
794.820107 0.957576
795.085091 0.954474
795.350163 0.953214
795.615324 0.955316
795.880574 0.956328
796.145911 0.940877
796.411337 0.927477
796.676852 0.950974
796.942455 0.950112
797.208147 0.956249
797.473927 0.950609
797.739796 0.953683
798.005754 0.956907
798.2718 0.953528
798.537935 0.949113
798.804159 0.954109
799.070471 0.956453
799.336873 0.954401
799.603363 0.954719
799.869941 0.956163
800.136609 0.938016
800.403366 0.956018
800.670212 0.954308
800.937146 0.937302
801.20417 0.956795
801.471282 0.943262
801.738484 0.953867
802.005775 0.954214
802.273154 0.953264
802.540623 0.943533
802.808181 0.953352
803.075829 0.945403
803.343565 0.957113
803.611391 0.948594
803.879306 0.949972
804.147311 0.954263
804.415404 0.950797
804.683588 0.944927
804.95186 0.958802
805.220222 0.95805
805.488674 0.955859
805.757215 0.956512
806.025845 0.958649
806.294565 0.956173
806.563375 0.954365
806.832274 0.957145
807.101263 0.954431
807.370342 0.95652
807.63951 0.958543
807.908768 0.956891
808.178116 0.955
808.447553 0.95665
808.717081 0.948333
808.986698 0.958232
809.256405 0.953618
809.526202 0.95278
809.79609 0.949646
810.066067 0.950969
810.336134 0.954131
810.606291 0.953072
810.876538 0.947543
811.146875 0.947788
811.417302 0.94905
811.68782 0.934437
811.958428 0.952745
812.229126 0.941651
812.499914 0.932914
812.770792 0.942755
813.041761 0.95103
813.31282 0.911013
813.583969 0.885337
813.855209 0.902007
814.12654 0.941455
814.39796 0.871153
814.669472 0.925011
814.941073 0.857998
815.212766 0.893966
815.484549 0.884714
815.756422 0.870134
816.028386 0.888708
816.300441 0.844752
816.572586 0.760039
816.844823 0.931742
817.11715 0.78404
817.389567 0.948265
817.662076 0.944382
817.934676 0.780296
818.207366 0.876797
818.480147 0.874264
818.753019 0.897955
819.025982 0.85949
819.299037 0.930234
819.572182 0.865508
819.845418 0.941603
820.118745 0.823851
820.392164 0.914718
820.665674 0.95295
820.939274 0.959444
821.212966 0.937495
821.48675 0.926273
821.760624 0.952723
822.03459 0.903126
822.308647 0.923917
822.582796 0.906986
822.857036 0.819659
823.131367 0.678882
823.40579 0.802506
823.680305 0.883333
823.95491 0.926463
824.229608 0.937135
824.504397 0.867957
824.779277 0.955967
825.05425 0.958026
825.329314 0.958256
825.604469 0.931507
825.879717 0.865116
826.155056 0.911371
826.430487 0.947053
826.706009 0.932015
826.981624 0.960248
827.25733 0.954363
827.533129 0.841154
827.809019 0.878901
828.085002 0.901887
828.361076 0.871204
828.637242 0.957806
828.913501 0.865008
829.189851 0.907391
829.466294 0.95749
829.742829 0.8561
830.019456 0.958981
830.296175 0.904462
830.572987 0.922515
830.84989 0.886862
831.126887 0.956071
831.403975 0.922786
831.681156 0.949163
831.958429 0.876851
832.235795 0.902269
832.513253 0.909465
832.790804 0.955999
833.068447 0.924197
833.346183 0.94753
833.624011 0.933757
833.901932 0.947613
834.179946 0.907142
834.458052 0.948679
834.736251 0.959775
835.014543 0.949569
835.292927 0.952605
835.571405 0.94039
835.849975 0.936413
836.128638 0.9588
836.407394 0.939091
836.686243 0.963022
836.965185 0.945606
837.24422 0.959155
837.523348 0.950389
837.802569 0.945511
838.081883 0.958538
838.36129 0.961839
838.64079 0.95224
838.920384 0.953531
839.200071 0.962299
839.479851 0.963242
839.759724 0.955835
840.039691 0.958347
840.31975 0.960223
840.599904 0.961447
840.88015 0.9567
841.16049 0.950027
841.440924 0.963397
841.721451 0.956317
842.002072 0.956028
842.282786 0.964058
842.563594 0.964193
842.844495 0.963939
843.12549 0.960974
843.406579 0.959446
843.687761 0.963082
843.969037 0.955798
844.250407 0.962832
844.531871 0.961982
844.813428 0.962308
845.09508 0.964396
845.376825 0.962472
845.658664 0.964884
845.940597 0.964534
846.222625 0.960777
846.504746 0.963491
846.786961 0.965242
847.06927 0.964557
847.351674 0.964946
847.634172 0.964097
847.916763 0.963756
848.199449 0.961611
848.48223 0.964616
848.765104 0.965114
849.048073 0.96178
849.331136 0.963275
849.614294 0.964256
849.897546 0.963644
850.180892 0.963924
850.464333 0.963785
850.747869 0.962932
851.031498 0.965363
851.315223 0.960055
851.599042 0.961709
851.882956 0.963741
852.166964 0.96127
852.451067 0.964042
852.735265 0.963826
853.019557 0.965342
853.303944 0.963874
853.588426 0.963887
853.873003 0.963694
854.157675 0.963839
854.442442 0.962196
854.727303 0.964383
855.01226 0.965167
855.297312 0.96513
855.582458 0.963412
855.8677 0.96418
856.153037 0.965334
856.438469 0.965084
856.723996 0.965951
857.009618 0.965139
857.295335 0.964361
857.581148 0.964442
857.867056 0.965503
858.15306 0.966143
858.439158 0.965474
858.725352 0.9662
859.011642 0.9659
859.298027 0.964724
859.584507 0.966128
859.871083 0.966174
860.157755 0.966443
860.444522 0.96632
860.731384 0.966258
861.018343 0.966403
861.305397 0.966126
861.592546 0.966673
861.879792 0.966686
862.167133 0.966529
862.45457 0.966574
862.742102 0.966396
863.029731 0.966743
863.317456 0.966736
863.605276 0.966974
863.893192 0.966879
864.181205 0.967082
864.469313 0.967157
864.757518 0.967097
865.045818 0.967196
865.334215 0.967124
865.622708 0.967248
865.911297 0.96728
866.199982 0.967223
866.488763 0.967456
866.777641 0.967325
867.066615 0.96742
867.355686 0.967488
867.644852 0.967493
867.934116 0.967553
868.223475 0.967633
868.512931 0.967653
868.802484 0.967701
869.092133 0.967603
869.381879 0.967693
869.671721 0.967802
869.96166 0.967821
870.251695 0.96785
870.541827 0.967914
870.832056 0.967927
871.122382 0.967827
871.412805 0.967981
871.703324 0.968032
871.99394 0.968047
872.284653 0.968099
872.575463 0.968128
872.86637 0.96816
873.157374 0.968172
873.448475 0.968231
873.739673 0.968024
874.030968 0.968252
874.322361 0.968289
874.61385 0.968236
874.905437 0.968358
875.19712 0.968182
875.488901 0.968409
875.78078 0.968435
876.072755 0.968047
876.364828 0.968351
876.656998 0.96845
876.949266 0.96847
877.241631 0.968321
877.534094 0.968499
877.826654 0.968612
878.119312 0.968011
878.412067 0.968284
878.70492 0.968297
878.99787 0.968433
879.290918 0.968737
879.584064 0.968446
879.877308 0.968788
880.170649 0.967982
880.464088 0.9676
880.757625 0.968585
881.05126 0.968729
881.344993 0.967138
881.638823 0.968936
881.932752 0.968957
882.226778 0.965706
882.520903 0.968454
882.815126 0.969033
883.109446 0.969043
883.403865 0.967039
883.698382 0.967708
883.992998 0.96819
884.287711 0.968924
884.582523 0.969149
884.877433 0.968049
885.172441 0.969031
885.467548 0.96734
885.762753 0.969171
886.058056 0.959296
886.353458 0.969225
886.648959 0.969022
886.944557 0.965721
887.240255 0.968218
887.536051 0.96877
887.831946 0.969328
888.127939 0.95912
888.424031 0.967067
888.720222 0.969417
889.016511 0.969057
889.312899 0.969419
889.609386 0.967624
889.905972 0.966042
890.202657 0.964101
890.499441 0.969383
890.796323 0.969454
891.093305 0.965938
891.390386 0.967581
891.687565 0.968503
891.984844 0.959197
892.282222 0.964685
892.579699 0.968669
892.877275 0.96583
893.17495 0.932005
893.472725 0.963906
893.770599 0.943352
894.068572 0.96869
894.366645 0.929724
894.664816 0.964476
894.963088 0.916399
895.261458 0.948858
895.559929 0.883704
895.858498 0.89905
896.157168 0.93884
896.455937 0.816801
896.754805 0.837415
897.053773 0.956568
897.352841 0.822059
897.652008 0.862968
897.951276 0.945793
898.250643 0.817794
898.550109 0.961982
898.849676 0.811135
899.149342 0.74984
899.449109 0.67584
899.748975 0.961041
900.048942 0.957602
900.349008 0.76372
900.649174 0.815642
900.949441 0.840672
901.249807 0.932475
901.550274 0.848883
901.850841 0.747933
902.151508 0.94147
902.452275 0.840512
902.753143 0.806458
903.054111 0.937103
903.355179 0.895941
903.656347 0.957142
903.957616 0.968309
904.258986 0.939224
904.560456 0.898479
904.862026 0.950817
905.163697 0.958999
905.465469 0.876294
905.767341 0.964119
906.069313 0.963089
906.371387 0.863412
906.673561 0.89582
906.975836 0.949643
907.278212 0.80469
907.580688 0.766332
907.883265 0.963835
908.185944 0.80106
908.488723 0.865262
908.791603 0.861711
909.094584 0.836831
909.397666 0.891492
909.700849 0.863136
910.004133 0.926955
910.307518 0.778855
910.611005 0.958808
910.914592 0.759262
911.218281 0.915184
911.522071 0.957817
911.825963 0.914888
912.129955 0.752468
912.434049 0.962147
912.738245 0.927682
913.042541 0.872772
913.34694 0.761184
913.651439 0.866896
913.956041 0.718813
914.260743 0.936682
914.565548 0.911153
914.870454 0.950729
915.175461 0.907041
915.480571 0.746423
915.785782 0.735575
916.091095 0.945538
916.396509 0.882456
916.702026 0.939991
917.007644 0.891607
917.313364 0.927238
917.619186 0.741287
917.92511 0.826742
918.231136 0.913376
918.537264 0.914496
918.843494 0.860782
919.149827 0.951785
919.456261 0.917461
919.762797 0.835631
920.069436 0.956143
920.376177 0.967115
920.68302 0.942957
920.989966 0.913372
921.297014 0.963322
921.604164 0.886615
921.911416 0.877184
922.218771 0.965243
922.526229 0.950691
922.833789 0.921962
923.141451 0.938296
923.449217 0.928615
923.757084 0.919108
924.065055 0.897465
924.373128 0.944984
924.681303 0.895197
924.989582 0.917794
925.297963 0.897012
925.606447 0.939147
925.915034 0.954753
926.223724 0.890648
926.532517 0.924883
926.841412 0.951864
927.150411 0.94073
927.459513 0.902565
927.768717 0.929806
928.078025 0.786983
928.387436 0.868944
928.69695 0.830242
929.006567 0.824861
929.316288 0.872652
929.626111 0.769061
929.936039 0.760409
930.246069 0.722659
930.556203 0.761846
930.86644 0.861262
931.17678 0.504284
931.487224 0.859398
931.797772 0.40784
932.108423 0.619768
932.419177 0.672913
932.730036 0.383923
933.040997 0.690062
933.352063 0.716763
933.663232 0.402247
933.974505 0.531462
934.285882 0.589978
934.597362 0.167258
934.908947 0.507241
935.220635 0.833036
935.532427 0.447649
935.844323 0.542978
936.156323 0.372879
936.468427 0.797511
936.780636 0.470091
937.092948 0.553781
937.405364 0.388487
937.717885 0.767091
938.03051 0.522399
938.343239 0.344669
938.656072 0.832077
938.969009 0.490326
939.282051 0.866703
939.595197 0.858873
939.908448 0.891098
940.221803 0.67983
940.535262 0.723486
940.848826 0.78823
941.162495 0.63103
941.476268 0.758436
941.790146 0.858627
942.104128 0.674828
942.418215 0.71737
942.732407 0.829956
943.046704 0.250408
943.361105 0.649861
943.675611 0.913382
943.990222 0.555805
944.304938 0.400155
944.619759 0.536361
944.934684 0.78874
945.249715 0.7461
945.564851 0.706779
945.880092 0.525371
946.195438 0.535562
946.510889 0.64695
946.826445 0.757882
947.142106 0.569712
947.457873 0.85566
947.773745 0.573964
948.089722 0.841342
948.405805 0.272098
948.721993 0.821924
949.038286 0.846432
949.354685 0.882962
949.671189 0.424449
949.987799 0.646679
950.304514 0.296339
950.621335 0.853659
950.938262 0.84308
951.255294 0.871611
951.572432 0.796872
951.889676 0.584284
952.207025 0.658351
952.524481 0.53567
952.842042 0.75257
953.159709 0.607394
953.477481 0.831677
953.79536 0.692551
954.113345 0.851488
954.431436 0.77493
954.749633 0.488342
955.067936 0.815059
955.386345 0.864892
955.70486 0.544474
956.023481 0.586146
956.342209 0.921843
956.661043 0.558153
956.979983 0.67129
957.299029 0.689445
957.618182 0.931514
957.937441 0.87632
958.256807 0.575005
958.576279 0.840245
958.895858 0.825547
959.215543 0.565652
959.535335 0.619823
959.855234 0.824334
960.175239 0.725242
960.49535 0.899994
960.815569 0.651443
961.135894 0.773744
961.456326 0.92893
961.776865 0.75711
962.097511 0.828748
962.418263 0.622128
962.739123 0.762446
963.060089 0.829114
963.381163 0.946229
963.702344 0.884989
964.023631 0.636355
964.345026 0.841284
964.666528 0.748579
964.988137 0.779362
965.309853 0.905337
965.631677 0.847036
965.953608 0.88344
966.275646 0.835919
966.597792 0.688353
966.920045 0.881299
967.242405 0.791197
967.564873 0.966817
967.887448 0.966186
968.210131 0.817484
968.532922 0.918192
968.85582 0.944575
969.178826 0.947007
969.501939 0.921953
969.82516 0.94813
970.148489 0.916181
970.471926 0.856996
970.79547 0.962348
971.119123 0.920487
971.442883 0.960682
971.766751 0.845267
972.090728 0.965449
972.414812 0.946297
972.739004 0.853942
973.063305 0.937621
973.387713 0.92097
973.71223 0.868558
974.036855 0.798792
974.361588 0.957978
974.686429 0.817906
975.011379 0.947362
975.336437 0.851534
975.661603 0.863782
975.986878 0.806731
976.312261 0.936443
976.637753 0.836411
976.963353 0.923503
977.289061 0.955815
977.614879 0.918926
977.940805 0.932057
978.266839 0.914388
978.592983 0.857591
978.919235 0.933323
979.245595 0.89285
979.572065 0.862505
979.898644 0.957939
980.225331 0.914379
980.552127 0.855139
980.879032 0.967507
981.206046 0.962035
981.53317 0.941618
981.860402 0.950643
982.187743 0.956224
982.515194 0.950303
982.842753 0.881947
983.170422 0.973127
983.4982 0.933117
983.826088 0.966156
984.154084 0.966706
984.48219 0.949993
984.810406 0.950204
985.138731 0.929592
985.467165 0.964263
985.795709 0.970915
986.124362 0.970658
986.453125 0.973157
986.781998 0.97023
987.11098 0.964162
987.440072 0.966679
987.769273 0.952179
988.098585 0.968267
988.428006 0.974969
988.757537 0.97344
989.087177 0.974335
989.416928 0.973902
989.746789 0.969315
990.076759 0.962703
990.40684 0.968605
990.73703 0.974539
991.067331 0.972016
991.397742 0.973463
991.728263 0.974379
992.058894 0.975187
992.389636 0.973282
992.720487 0.973754
993.051449 0.961523
993.382522 0.974272
993.713704 0.974419
994.044997 0.976353
994.376401 0.973412
994.707915 0.97643
995.03954 0.976315
995.371275 0.974544
995.70312 0.975096
996.035077 0.974794
996.367144 0.976181
996.699322 0.976223
997.03161 0.974157
997.364009 0.976134
997.696519 0.97649
998.02914 0.973433
998.361872 0.976787
998.694715 0.974727
999.027669 0.975124
999.360733 0.976529
999.693909 0.972604
1000.0272 0.974324
1000.36059 0.974954
1000.6941 0.976928
1001.02772 0.976938
1001.36145 0.973471
1001.6953 0.976158
1002.02925 0.962121
1002.36332 0.973343
1002.69749 0.973257
1003.03178 0.976585
1003.36618 0.97697
1003.70069 0.976925
1004.03532 0.971792
1004.37005 0.973784
1004.7049 0.977103
1005.03985 0.97553
1005.37492 0.976895
1005.7101 0.973068
1006.0454 0.97579
1006.3808 0.977034
1006.71632 0.975662
1007.05194 0.976738
1007.38768 0.97558
1007.72354 0.976323
1008.0595 0.972061
1008.39558 0.975687
1008.73176 0.977223
1009.06806 0.97125
1009.40448 0.96757
1009.741 0.974569
1010.07764 0.975221
1010.41439 0.974311
1010.75125 0.976111
1011.08822 0.977045
1011.4253 0.97686
1011.7625 0.975762
1012.09981 0.972449
1012.43724 0.977415
1012.77477 0.977044
1013.11242 0.975655
1013.45018 0.977488
1013.78805 0.977541
1014.12604 0.977523
1014.46414 0.974726
1014.80235 0.975405
1015.14067 0.977592
1015.47911 0.973907
1015.81766 0.977487
1016.15632 0.977637
1016.4951 0.977648
1016.83398 0.975284
1017.17298 0.977616
1017.5121 0.975298
1017.85133 0.977463
1018.19067 0.977715
1018.53012 0.976977
1018.86969 0.977722
1019.20937 0.974419
1019.54916 0.9725
1019.88907 0.977775
1020.22909 0.977028
1020.56922 0.976696
1020.90946 0.977708
1021.24982 0.977339
1021.5903 0.974588
1021.93089 0.977465
1022.27159 0.97786
1022.6124 0.977856
1022.95333 0.973991
1023.29437 0.977858
1023.63552 0.974839
1023.97679 0.969539
1024.31817 0.977902
1024.65967 0.977936
1025.00128 0.977815
1025.34301 0.97694
1025.68484 0.976228
1026.02679 0.977938
1026.36886 0.976507
1026.71104 0.977996
1027.05333 0.977975
1027.39574 0.975162
1027.73827 0.975248
1028.0809 0.977966
1028.42365 0.977877
1028.76652 0.975122
1029.1095 0.978003
1029.45259 0.977391
1029.7958 0.978061
1030.13912 0.977328
1030.48256 0.978073
1030.82611 0.977491
1031.16978 0.978079
1031.51356 0.976742
1031.85745 0.977966
1032.20146 0.978114
1032.54559 0.978119
1032.88982 0.978122
1033.23418 0.977335
1033.57865 0.977848
1033.92323 0.978102
1034.26793 0.978126
1034.61274 0.978038
1034.95767 0.978102
1035.30272 0.978136
1035.64787 0.978034
1035.99315 0.977695
1036.33854 0.978062
1036.68404 0.977834
1037.02966 0.977799
1037.37539 0.977608
1037.72124 0.977803
1038.06721 0.978066
1038.41329 0.977945
1038.75948 0.977929
1039.10579 0.977881
1039.45222 0.977913
1039.79876 0.97784
1040.14542 0.977976
1040.49219 0.97785
1040.83908 0.977965
1041.18608 0.977678
1041.5332 0.977884
1041.88044 0.977973
1042.22779 0.97776
1042.57526 0.977944
1042.92284 0.977889
1043.27054 0.977854
1043.61836 0.977887
1043.96629 0.97782
1044.31433 0.977833
1044.6625 0.977791
1045.01077 0.977674
1045.35917 0.977717
1045.70768 0.977529
1046.05631 0.977637
1046.40505 0.977596
1046.75391 0.977554
1047.10289 0.977459
1047.45198 0.97736
1047.80119 0.977393
1048.15051 0.977324
1048.49996 0.977272
1048.84951 0.977181
1049.19919 0.976103
1049.54898 0.976144
1049.89889 0.976238
1050.24891 0.97637
1050.59905 0.976597
1050.94931 0.976489
1051.29969 0.976346
1051.65018 0.975869
1052.00079 0.975651
1052.35151 0.975799
1052.70235 0.975679
1053.05331 0.975386
1053.40439 0.975399
1053.75558 0.97522
1054.10689 0.975
1054.45832 0.974747
1054.80987 0.97453
1055.16153 0.974325
1055.51331 0.974049
1055.8652 0.973636
1056.21722 0.97342
1056.56935 0.973111
1056.9216 0.972715
1057.27396 0.972349
1057.62645 0.972068
1057.97905 0.971598
1058.33177 0.971285
1058.6846 0.971061
1059.03756 0.970435
1059.39063 0.970487
1059.74382 0.970282
1060.09712 0.969929
1060.45055 0.969883
1060.80409 0.969806
1061.15775 0.969267
1061.51153 0.969508
1061.86542 0.969347
1062.21944 0.968221
1062.57357 0.968748
1062.92782 0.967757
1063.28219 0.968084
1063.63668 0.967659
1063.99128 0.967825
1064.346 0.967293
1064.70084 0.966048
1065.0558 0.966043
1065.41088 0.966885
1065.76608 0.966127
1066.12139 0.967118
1066.47683 0.967019
1066.83238 0.967454
1067.18805 0.966441
1067.54384 0.965637
1067.89974 0.966224
1068.25577 0.967889
1068.61191 0.967864
1068.96818 0.97008
1069.32456 0.965772
1069.68106 0.971056
1070.03768 0.969431
1070.39442 0.969401
1070.75128 0.972372
1071.10825 0.9727
1071.46535 0.973026
1071.82256 0.971821
1072.1799 0.97301
1072.53735 0.968349
1072.89492 0.973181
1073.25261 0.975086
1073.61042 0.976004
1073.96835 0.976407
1074.3264 0.975837
1074.68457 0.957352
1075.04286 0.974574
1075.40127 0.976501
1075.75979 0.97722
1076.11844 0.977756
1076.4772 0.974888
1076.83609 0.978158
1077.1951 0.975888
1077.55422 0.950091
1077.91347 0.978506
1078.27283 0.974806
1078.63231 0.975593
1078.99192 0.978973
1079.35164 0.976564
1079.71149 0.975442
1080.07145 0.97012
1080.43153 0.961964
1080.79174 0.969777
1081.15206 0.977861
1081.51251 0.959967
1081.87307 0.974202
1082.23375 0.978282
1082.59456 0.978659
1082.95548 0.979823
1083.31653 0.972331
1083.67769 0.945204
1084.03898 0.97286
1084.40039 0.975143
1084.76191 0.970866
1085.12356 0.976149
1085.48533 0.973086
1085.84722 0.968186
1086.20923 0.900239
1086.57136 0.974122
1086.93361 0.96982
1087.29598 0.969132
1087.65847 0.973047
1088.02109 0.978803
1088.38382 0.970662
1088.74668 0.979839
1089.10965 0.956871
1089.47275 0.960154
1089.83597 0.979949
1090.19931 0.962394
1090.56277 0.926479
1090.92635 0.978993
1091.29005 0.9774
1091.65387 0.979604
1092.01782 0.9775
1092.38189 0.973605
1092.74607 0.862394
1093.11038 0.977257
1093.47481 0.967533
1093.83937 0.964584
1094.20404 0.973636
1094.56884 0.954704
1094.93375 0.926817
1095.29879 0.973785
1095.66395 0.965365
1096.02923 0.911084
1096.39464 0.943805
1096.76016 0.97944
1097.12581 0.976791
1097.49158 0.95865
1097.85747 0.910402
1098.22349 0.961335
1098.58962 0.953516
1098.95588 0.92902
1099.32226 0.958443
1099.68876 0.874576
1100.05539 0.937607
1100.42213 0.929294
1100.789 0.95984
1101.15599 0.894176
1101.5231 0.969099
1101.89034 0.904359
1102.2577 0.910455
1102.62518 0.904845
1102.99278 0.905901
1103.36051 0.930812
1103.72836 0.95651
1104.09633 0.908512
1104.46442 0.859008
1104.83264 0.930085
1105.20097 0.964981
1105.56944 0.880932
1105.93802 0.906712
1106.30673 0.84352
1106.67556 0.8736
1107.04451 0.969493
1107.41359 0.944188
1107.78279 0.931535
1108.15211 0.790911
1108.52156 0.889796
1108.89112 0.873607
1109.26082 0.875545
1109.63063 0.931552
1110.00057 0.917224
1110.37063 0.928253
1110.74082 0.692114
1111.11113 0.831243
1111.48156 0.732517
1111.85211 0.964578
1112.22279 0.842002
1112.5936 0.903055
1112.96452 0.707379
1113.33557 0.640239
1113.70675 0.69943
1114.07804 0.757379
1114.44946 0.916318
1114.82101 0.850883
1115.19268 0.472394
1115.56447 0.703951
1115.93639 0.775978
1116.30843 0.49777
1116.68059 0.237046
1117.05288 0.665626
1117.4253 0.361359
1117.79783 0.926137
1118.17049 0.701753
1118.54328 0.621729
1118.91619 0.451837
1119.28922 0.41324
1119.66238 0.705634
1120.03567 0.575266
1120.40907 0.407989
1120.7826 0.813862
1121.15626 0.752116
1121.53004 0.539602
1121.90395 0.348131
1122.27798 0.339757
1122.65213 0.207498
1123.02641 0.684448
1123.40082 0.770996
1123.77535 0.115984
1124.15 0.837242
1124.52478 0.630018
1124.89968 0.779353
1125.27471 0.340738
1125.64987 0.0914062
1126.02515 0.639538
1126.40055 0.417799
1126.77608 0.687594
1127.15174 0.786534
1127.52752 0.432445
1127.90342 0.290074
1128.27945 0.779527
1128.65561 0.543117
1129.03189 0.500004
1129.40829 0.617462
1129.78483 0.265409
1130.16148 0.455461
1130.53827 0.828009
1130.91518 0.78528
1131.29221 0.879788
1131.66937 0.730336
1132.04666 0.789006
1132.42407 0.60151
1132.80161 0.805182
1133.17927 0.52489
1133.55706 0.315493
1133.93497 0.484424
1134.31302 0.382808
1134.69118 0.0101853
1135.06948 0.13056
1135.4479 0.56226
1135.82644 0.644841
1136.20511 0.35557
1136.58391 0.81931
1136.96284 0.846627
1137.34189 0.819964
1137.72106 0.565236
1138.10037 0.871813
1138.4798 0.465063
1138.85935 0.853123
1139.23904 0.927317
1139.61885 0.839969
1139.99878 0.482512
1140.37885 0.909844
1140.75904 0.535736
1141.13935 0.782078
1141.5198 0.562041
1141.90037 0.882859
1142.28106 0.642675
1142.66189 0.85176
1143.04284 0.780928
1143.42392 0.92168
1143.80512 0.54908
1144.18645 0.464864
1144.56791 0.614543
1144.9495 0.524714
1145.33121 0.540851
1145.71305 0.745987
1146.09502 0.634396
1146.47711 0.458039
1146.85934 0.491937
1147.24169 0.452085
1147.62417 0.425829
1148.00677 0.885527
1148.3895 0.920435
1148.77236 0.441959
1149.15535 0.87516
1149.53847 0.614071
1149.92171 0.321886
1150.30508 0.781335
1150.68858 0.715054
1151.07221 0.78707
1151.45596 0.665301
1151.83984 0.754257
1152.22386 0.683075
1152.60799 0.33193
1152.99226 0.871567
1153.37666 0.869819
1153.76118 0.641194
1154.14583 0.559961
1154.53061 0.691284
1154.91552 0.756242
1155.30055 0.813817
1155.68572 0.591826
1156.07101 0.893273
1156.45643 0.712822
1156.84198 0.919241
1157.22766 0.818797
1157.61347 0.810571
1157.9994 0.669442
1158.38547 0.844187
1158.77166 0.889968
1159.15798 0.750367
1159.54443 0.806438
1159.93101 0.855193
1160.31772 0.659782
1160.70455 0.835453
1161.09152 0.908206
1161.47862 0.858284
1161.86584 0.90377
1162.25319 0.793605
1162.64068 0.909679
1163.02829 0.966434
1163.41603 0.921163
1163.8039 0.848499
1164.1919 0.932586
1164.58003 0.951428
1164.96828 0.887559
1165.35667 0.852047
1165.74519 0.803661
1166.13383 0.914266
1166.52261 0.935722
1166.91152 0.853923
1167.30055 0.921001
1167.68972 0.911179
1168.07901 0.955023
1168.46844 0.868354
1168.85799 0.947523
1169.24767 0.928854
1169.63749 0.930727
1170.02743 0.955141
1170.41751 0.890651
1170.80771 0.962794
1171.19805 0.904972
1171.58851 0.969232
1171.9791 0.936624
1172.36983 0.899148
1172.76068 0.935535
1173.15167 0.93483
1173.54279 0.916523
1173.93403 0.799787
1174.32541 0.849529
1174.71692 0.969177
1175.10855 0.962139
1175.50032 0.86002
1175.89222 0.972187
1176.28425 0.980383
1176.67641 0.963993
1177.0687 0.971013
1177.46112 0.849283
1177.85367 0.826047
1178.24636 0.906493
1178.63917 0.964678
1179.03212 0.981821
1179.42519 0.878391
1179.8184 0.921837
1180.21174 0.971066
1180.60521 0.969128
1180.99881 0.946159
1181.39254 0.920974
1181.7864 0.741435
1182.1804 0.81594
1182.57452 0.92451
1182.96878 0.967019
1183.36317 0.978261
1183.75769 0.939775
1184.15234 0.874929
1184.54713 0.941257
1184.94204 0.813926
1185.33709 0.968982
1185.73227 0.972054
1186.12758 0.961163
1186.52302 0.942154
1186.91859 0.944315
1187.3143 0.96525
1187.71013 0.8193
1188.1061 0.843087
1188.5022 0.882325
1188.89844 0.97134
1189.2948 0.901328
1189.6913 0.97449
1190.08793 0.951486
1190.48469 0.941859
1190.88159 0.92679
1191.27861 0.949919
1191.67577 0.94788
1192.07306 0.961478
1192.47049 0.973113
1192.86804 0.967781
1193.26573 0.954764
1193.66356 0.883792
1194.06151 0.979804
1194.4596 0.951114
1194.85782 0.973376
1195.25617 0.933102
1195.65465 0.913909
1196.05327 0.967723
1196.45202 0.936693
1196.85091 0.970768
1197.24992 0.971308
1197.64907 0.888697
1198.04836 0.979403
1198.44777 0.948822
1198.84732 0.863218
1199.247 0.908666
1199.64682 0.949331
