# ------------------------------------------------------------------------
# Radiance spectrum
# NASA-GSFC Planetary Spectrum Generator (PSG) (Villanueva et al. 2018)
# Synthesized on Tue Mar  9 20:08:07 2021
# ------------------------------------------------------------------------
# Cometary spectrum synthesized with CEM (Cometary Emission Model, Villanueva et al. 2004, 2011)
# Dust phase function (Halley-Marcus): 0.340700 at 48.656000
# Molecules considered: OH,CN,C2,NH,CH
# Molecular sources: GSFC[OH],GSFC[CN],GSFC[C2],GSFC[NH],GSFC[CH]
# Molecular abundances: 100,0.1,0.3,0.3,0.01
# Molecular abundance units: pct,pct,pct,pct,pct
# Molecular lifetimes: 2.4e4 1.6e5,1.3e4 2.1e5,2.2e4 6.6e4,5.0e4 1.5e5,7.8e4 4.8e3
# Molecular column densities [m-2] (area[m2]:1.9795e+15): 1.3222E+18,1.8146E+15,3.5177E+15,2.5206E+15,6.4098E+11
# Haser filling factors f(x): 8.7477E-02,9.1469E-02,1.8806E-01,5.9292E-02,1.4136E-02
# ------------------------------------------------------------------------
# Doppler velocities [km/s] (vobs,vrot+vorb,vwidth,vrfl,vstr): 30.84800,0.00000,0.00000,-0.72790,0.00000
# Spectral unit: Wavelength[A]
# Radiance unit: Irradiance [erg/s/cm2]
# Wave/freq Total C/2014-Q2 Nucleus Dust OH CN C2 NH CH
2.800000000e+03  4.2737378e-13  4.27374e-13  3.04487e-16  4.27069e-13  0.00000e+00  0.00000e+00  0.00000e+00  0.00000e+00  0.00000e+00
2.810000000e+03  9.0065923e-13  9.00659e-13  6.41684e-16  9.00017e-13  0.00000e+00  0.00000e+00  0.00000e+00  0.00000e+00  0.00000e+00
2.820000000e+03  3.6242038e-11  3.62420e-11  1.24110e-15  1.74075e-12  3.45001e-11  0.00000e+00  0.00000e+00  1.41291e-18  0.00000e+00
2.830000000e+03  5.5118560e-11  5.51186e-11  1.46493e-15  2.05468e-12  5.30623e-11  0.00000e+00  0.00000e+00  6.30175e-19  0.00000e+00
2.840000000e+03  2.8752895e-11  2.87529e-11  1.34939e-15  1.89264e-12  2.68589e-11  0.00000e+00  0.00000e+00  1.32229e-19  0.00000e+00
2.850000000e+03  1.1345147e-11  1.13451e-11  6.76253e-16  9.48502e-13  1.03960e-11  0.00000e+00  0.00000e+00  0.00000e+00  0.00000e+00
2.860000000e+03  5.9894866e-12  5.98949e-12  1.18880e-15  1.66739e-12  4.32090e-12  0.00000e+00  0.00000e+00  0.00000e+00  7.25485e-23
2.870000000e+03  3.7738279e-12  3.77383e-12  1.68079e-15  2.35746e-12  1.41469e-12  0.00000e+00  0.00000e+00  0.00000e+00  1.00089e-21
2.880000000e+03  5.4946897e-12  5.49469e-12  1.24365e-15  1.74432e-12  3.74911e-12  0.00000e+00  0.00000e+00  0.00000e+00  7.83197e-21
2.890000000e+03  1.2907654e-11  1.29077e-11  1.90367e-15  2.67009e-12  1.02357e-11  0.00000e+00  0.00000e+00  0.00000e+00  2.65041e-18
2.900000000e+03  8.6426288e-12  8.64263e-12  2.63042e-15  3.68940e-12  4.95059e-12  0.00000e+00  0.00000e+00  0.00000e+00  6.50342e-18
2.910000000e+03  7.0349726e-12  7.03497e-12  2.79839e-15  3.92498e-12  3.10715e-12  0.00000e+00  0.00000e+00  0.00000e+00  4.79737e-17
2.920000000e+03  4.3610277e-12  4.36103e-12  2.50086e-15  3.50768e-12  8.50831e-13  0.00000e+00  0.00000e+00  0.00000e+00  3.33498e-18
2.930000000e+03  3.8642927e-12  3.86429e-12  2.47472e-15  3.47102e-12  3.90811e-13  0.00000e+00  0.00000e+00  0.00000e+00  1.07534e-18
2.940000000e+03  3.6846736e-12  3.68467e-12  2.42044e-15  3.39488e-12  2.87374e-13  0.00000e+00  0.00000e+00  0.00000e+00  6.87503e-19
2.950000000e+03  5.4888199e-12  5.48882e-12  2.40144e-15  3.36824e-12  2.11818e-12  0.00000e+00  0.00000e+00  0.00000e+00  1.24787e-19
2.960000000e+03  6.8864375e-12  6.88644e-12  2.81659e-15  3.95053e-12  2.93310e-12  0.00000e+00  0.00000e+00  0.00000e+00  2.98510e-20
2.970000000e+03  4.8491796e-12  4.84918e-12  1.82056e-15  2.55349e-12  2.29387e-12  0.00000e+00  0.00000e+00  0.00000e+00  1.38788e-20
2.980000000e+03  4.6185414e-12  4.61854e-12  2.54534e-15  3.57007e-12  1.04593e-12  0.00000e+00  0.00000e+00  0.00000e+00  1.23448e-20
2.990000000e+03  3.7378708e-12  3.73787e-12  2.29431e-15  3.21797e-12  5.17613e-13  0.00000e+00  0.00000e+00  4.61153e-20  6.33442e-21
3.000000000e+03  2.8467528e-12  2.84675e-12  1.88055e-15  2.63762e-12  2.07246e-13  0.00000e+00  0.00000e+00  3.68602e-19  1.23352e-21
3.010000000e+03  3.2982277e-12  3.29823e-12  2.28735e-15  3.20821e-12  8.77243e-14  0.00000e+00  0.00000e+00  1.14081e-17  2.99313e-22
3.020000000e+03  2.9067427e-12  2.90674e-12  2.01228e-15  2.82241e-12  8.22682e-14  0.00000e+00  0.00000e+00  4.45742e-17  8.26353e-23
3.030000000e+03  4.4330341e-12  4.43303e-12  2.97312e-15  4.17006e-12  2.57792e-13  0.00000e+00  0.00000e+00  2.21306e-15  2.75939e-23
3.040000000e+03  4.5749057e-12  4.57491e-12  2.83632e-15  3.97818e-12  5.87292e-13  0.00000e+00  0.00000e+00  6.58472e-15  3.38759e-22
3.050000000e+03  8.0547091e-12  8.05471e-12  3.20878e-15  4.50061e-12  3.53012e-12  0.00000e+00  0.00000e+00  2.07720e-14  5.32297e-23
3.060000000e+03  1.3776401e-11  1.37764e-11  2.62776e-15  3.68567e-12  1.00832e-11  0.00000e+00  0.00000e+00  4.88971e-15  5.24129e-22
3.070000000e+03  1.8209435e-10  1.82094e-10  2.89068e-15  4.05445e-12  1.78033e-10  0.00000e+00  0.00000e+00  3.72209e-15  6.07283e-21
3.080000000e+03  4.8290230e-10  4.82902e-10  2.91924e-15  4.09451e-12  4.78803e-10  0.00000e+00  0.00000e+00  1.61830e-15  3.45906e-20
3.090000000e+03  6.1359728e-10  6.13597e-10  2.75858e-15  3.86915e-12  6.09725e-10  0.00000e+00  0.00000e+00  5.58713e-16  2.06696e-19
3.100000000e+03  3.5278138e-10  3.52781e-10  2.60210e-15  3.64968e-12  3.49128e-10  0.00000e+00  0.00000e+00  1.09114e-16  1.04091e-17
3.110000000e+03  1.4028118e-10  1.40281e-10  3.15776e-15  4.42903e-12  1.35849e-10  0.00000e+00  0.00000e+00  2.96158e-17  1.62502e-16
3.120000000e+03  5.9858872e-11  5.98589e-11  3.12989e-15  4.38995e-12  5.54650e-11  1.02936e-20  0.00000e+00  2.82355e-18  7.96537e-16
3.130000000e+03  4.1567851e-11  4.15679e-11  3.08071e-15  4.32097e-12  3.72401e-11  0.00000e+00  0.00000e+00  9.56721e-19  3.70125e-15
3.140000000e+03  8.4904574e-11  8.49046e-11  3.12799e-15  4.38726e-12  8.05032e-11  0.00000e+00  0.00000e+00  4.01717e-19  1.11447e-14
3.150000000e+03  8.5736496e-11  8.57365e-11  2.97388e-15  4.17113e-12  8.15590e-11  0.00000e+00  0.00000e+00  6.54800e-20  3.54703e-15
3.160000000e+03  3.5721879e-11  3.57219e-11  2.83571e-15  3.97735e-12  3.17376e-11  0.00000e+00  0.00000e+00  0.00000e+00  4.03278e-15
3.170000000e+03  1.7755062e-11  1.77551e-11  3.21016e-15  4.50253e-12  1.32485e-11  0.00000e+00  0.00000e+00  0.00000e+00  8.03645e-16
3.180000000e+03  1.1407352e-11  1.14074e-11  3.23399e-15  4.53596e-12  6.86800e-12  0.00000e+00  0.00000e+00  0.00000e+00  1.60647e-16
3.190000000e+03  8.2002723e-12  8.20027e-12  3.13179e-15  4.39259e-12  3.80452e-12  0.00000e+00  0.00000e+00  0.00000e+00  1.36174e-17
3.200000000e+03  9.0930332e-12  9.09303e-12  3.43126e-15  4.81263e-12  4.27697e-12  0.00000e+00  0.00000e+00  0.00000e+00  9.79728e-19
3.210000000e+03  9.3328268e-12  9.33283e-12  3.40558e-15  4.77662e-12  4.55281e-12  0.00000e+00  0.00000e+00  0.00000e+00  2.91907e-19
3.220000000e+03  7.0267771e-12  7.02678e-12  3.18964e-15  4.47375e-12  2.54983e-12  0.00000e+00  0.00000e+00  0.00000e+00  8.55574e-20
3.230000000e+03  5.5963219e-12  5.59632e-12  3.07861e-15  4.31802e-12  1.27522e-12  0.00000e+00  0.00000e+00  0.00000e+00  1.34258e-20
3.240000000e+03  4.8985744e-12  4.89857e-12  3.27711e-15  4.59643e-12  2.98879e-13  0.00000e+00  0.00000e+00  0.00000e+00  4.18536e-21
3.250000000e+03  5.4692540e-12  5.46925e-12  3.75469e-15  5.26627e-12  1.99231e-13  0.00000e+00  0.00000e+00  2.25841e-19  5.09606e-22
3.260000000e+03  6.5208866e-12  6.52089e-12  4.28147e-15  6.00514e-12  5.11476e-13  0.00000e+00  0.00000e+00  3.03691e-18  3.55159e-23
3.270000000e+03  6.8604111e-12  6.86041e-12  4.44817e-15  6.23895e-12  6.16983e-13  0.00000e+00  0.00000e+00  2.78340e-17  4.18624e-23
3.280000000e+03  6.8555381e-12  6.85554e-12  4.34539e-15  6.09479e-12  7.56342e-13  0.00000e+00  0.00000e+00  5.54198e-17  0.00000e+00
3.290000000e+03  6.7396007e-12  6.73960e-12  4.54620e-15  6.37645e-12  3.57955e-13  0.00000e+00  0.00000e+00  6.61104e-16  0.00000e+00
3.300000000e+03  6.8626815e-12  6.86268e-12  4.76831e-15  6.68799e-12  1.68036e-13  0.00000e+00  0.00000e+00  1.88786e-15  0.00000e+00
3.310000000e+03  6.5575635e-12  6.55756e-12  4.58524e-15  6.43120e-12  8.92113e-14  0.00000e+00  1.52655e-19  3.25686e-14  0.00000e+00
3.320000000e+03  6.6078812e-12  6.60788e-12  4.43482e-15  6.22024e-12  3.82457e-14  0.00000e+00  1.86735e-20  3.44953e-13  0.00000e+00
3.330000000e+03  8.1592023e-12  8.15920e-12  4.34975e-15  6.10090e-12  2.03336e-14  6.08159e-16  1.54592e-19  2.03301e-12  0.00000e+00
3.340000000e+03  1.3192579e-11  1.31926e-11  4.36317e-15  6.11971e-12  2.36814e-14  1.25743e-16  1.92664e-20  7.04468e-12  0.00000e+00
3.350000000e+03  1.9389667e-11  1.93897e-11  4.38585e-15  6.15153e-12  2.42647e-14  0.00000e+00  0.00000e+00  1.32094e-11  3.50203e-24
3.360000000e+03  3.6031242e-11  3.60312e-11  4.10259e-15  5.75423e-12  2.00390e-14  0.00000e+00  0.00000e+00  3.02528e-11  6.09012e-23
3.370000000e+03  1.3137296e-11  1.31373e-11  3.92661e-15  5.50741e-12  1.16954e-14  0.00000e+00  0.00000e+00  7.61427e-12  1.64200e-22
3.380000000e+03  1.3077583e-11  1.30776e-11  4.13401e-15  5.79829e-12  5.34233e-15  0.00000e+00  0.00000e+00  7.26980e-12  1.58848e-21
3.390000000e+03  1.0227138e-11  1.02271e-11  4.43407e-15  6.21918e-12  2.93375e-15  0.00000e+00  0.00000e+00  4.00059e-12  2.31592e-21
3.400000000e+03  7.2874656e-12  7.28747e-12  4.61234e-15  6.46920e-12  1.97018e-15  0.00000e+00  0.00000e+00  8.11678e-13  6.00156e-21
3.410000000e+03  6.5372962e-12  6.53730e-12  4.57302e-15  6.41407e-12  4.77834e-15  0.00000e+00  0.00000e+00  1.13879e-13  5.62412e-20
3.420000000e+03  6.4380267e-12  6.43803e-12  4.57186e-15  6.41244e-12  5.42159e-15  0.00000e+00  0.00000e+00  1.55962e-14  2.56565e-19
3.430000000e+03  6.3665187e-12  6.36652e-12  4.50916e-15  6.32447e-12  3.48746e-14  0.00000e+00  5.34619e-18  2.64897e-15  5.17161e-19
3.440000000e+03  6.2060779e-12  6.20608e-12  4.21853e-15  5.91685e-12  2.84195e-13  0.00000e+00  1.25712e-18  8.06375e-16  3.22958e-18
3.450000000e+03  6.4301818e-12  6.43018e-12  4.16361e-15  5.83984e-12  5.85738e-13  0.00000e+00  2.49628e-18  4.49779e-16  1.19718e-18
3.460000000e+03  7.8109285e-12  7.81093e-12  4.33592e-15  6.08150e-12  1.72499e-12  0.00000e+00  3.57400e-17  5.52620e-17  1.57595e-18
3.470000000e+03  7.8957819e-12  7.89578e-12  4.37762e-15  6.14000e-12  1.75137e-12  0.00000e+00  1.62185e-17  2.85641e-17  2.23683e-19
3.480000000e+03  7.0917138e-12  7.09171e-12  4.30161e-15  6.03338e-12  1.05401e-12  0.00000e+00  1.52671e-17  6.05450e-18  1.06704e-21
3.490000000e+03  7.0341235e-12  7.03412e-12  4.35139e-15  6.10321e-12  9.26446e-13  0.00000e+00  1.00862e-16  3.86675e-19  2.30539e-21
3.500000000e+03  6.8572548e-12  6.85725e-12  4.59235e-15  6.44118e-12  4.11402e-13  0.00000e+00  8.04075e-17  1.40832e-18  4.09692e-19
3.510000000e+03  7.0679209e-12  7.06792e-12  4.71982e-15  6.61995e-12  4.43198e-13  0.00000e+00  4.56848e-17  2.02434e-19  9.51619e-22
3.520000000e+03  6.9280982e-12  6.92810e-12  4.63958e-15  6.50741e-12  4.16018e-13  0.00000e+00  3.16765e-17  2.10805e-19  1.74555e-21
3.530000000e+03  7.0873392e-12  7.08734e-12  4.72435e-15  6.62632e-12  4.56182e-13  0.00000e+00  1.22634e-16  6.30112e-20  3.73942e-22
3.540000000e+03  7.2584858e-12  7.25849e-12  5.03819e-15  7.06652e-12  1.86798e-13  0.00000e+00  1.41213e-16  2.03054e-20  2.88502e-22
3.550000000e+03  7.2724035e-12  7.27240e-12  5.10996e-15  7.16715e-12  1.00042e-13  0.00000e+00  9.35878e-17  0.00000e+00  2.79396e-22
3.560000000e+03  6.6974600e-12  6.69746e-12  4.74291e-15  6.65237e-12  4.03084e-14  0.00000e+00  4.43662e-17  0.00000e+00  1.44244e-22
3.570000000e+03  5.9294967e-12  5.92950e-12  4.17641e-15  5.85779e-12  5.41146e-14  1.33862e-14  3.97635e-17  0.00000e+00  1.70406e-22
3.580000000e+03  9.6139119e-12  9.61391e-12  3.90592e-15  5.47839e-12  4.06483e-14  4.09094e-12  2.65412e-17  0.00000e+00  2.67673e-23
3.590000000e+03  6.1400336e-12  6.14003e-12  4.15579e-15  5.82886e-12  2.38662e-14  2.83071e-13  8.70662e-17  0.00000e+00  1.53136e-23
3.600000000e+03  6.3622179e-12  6.36222e-12  4.52516e-15  6.34692e-12  1.06488e-14  0.00000e+00  1.31310e-16  0.00000e+00  0.00000e+00
3.610000000e+03  6.4294435e-12  6.42944e-12  4.57592e-15  6.41815e-12  6.43467e-15  0.00000e+00  2.86623e-16  0.00000e+00  1.09884e-18
3.620000000e+03  6.4141230e-12  6.41412e-12  4.56713e-15  6.40582e-12  3.56604e-15  0.00000e+00  1.66582e-16  4.63154e-20  2.02341e-18
3.630000000e+03  6.6531598e-12  6.65316e-12  4.73505e-15  6.64133e-12  5.83314e-15  0.00000e+00  5.38828e-16  3.63437e-19  7.23927e-16
3.640000000e+03  6.9268984e-12  6.92690e-12  4.93091e-15  6.91603e-12  4.31981e-15  0.00000e+00  1.81166e-16  8.95600e-19  1.44095e-15
3.650000000e+03  7.3296616e-12  7.32966e-12  5.21709e-15  7.31742e-12  6.13254e-15  0.00000e+00  2.06627e-16  6.43629e-18  6.74244e-16
3.660000000e+03  7.8473101e-12  7.84731e-12  5.58898e-15  7.83904e-12  2.19550e-15  0.00000e+00  1.45075e-16  1.64604e-17  3.24774e-16
3.670000000e+03  7.9876496e-12  7.98765e-12  5.68987e-15  7.98054e-12  1.01479e-15  0.00000e+00  4.38369e-17  1.25972e-16  2.26049e-16
3.680000000e+03  7.9210515e-12  7.92105e-12  5.64249e-15  7.91407e-12  4.97361e-16  0.00000e+00  3.65379e-17  6.43742e-16  1.59033e-16
3.690000000e+03  7.9053803e-12  7.90538e-12  5.63101e-15  7.89798e-12  1.17089e-16  0.00000e+00  5.11446e-17  1.54456e-15  6.89413e-17
3.700000000e+03  7.9952729e-12  7.99527e-12  5.69173e-15  7.98315e-12  6.62481e-17  0.00000e+00  2.44855e-17  6.33324e-15  2.11117e-17
3.710000000e+03  7.8540105e-12  7.85401e-12  5.57860e-15  7.82450e-12  1.69067e-17  0.00000e+00  1.91104e-17  2.38808e-14  2.17564e-17
3.720000000e+03  7.4451376e-12  7.44514e-12  5.27110e-15  7.39318e-12  0.00000e+00  0.00000e+00  1.33145e-17  4.66541e-14  1.01021e-17
3.730000000e+03  6.9127962e-12  6.91280e-12  4.87491e-15  6.83749e-12  0.00000e+00  0.00000e+00  4.64811e-16  6.99771e-14  3.85794e-21
3.740000000e+03  6.6675758e-12  6.66758e-12  4.63436e-15  6.50008e-12  0.00000e+00  0.00000e+00  5.79065e-16  1.62275e-13  4.71323e-18
3.750000000e+03  6.9556936e-12  6.95569e-12  4.72198e-15  6.62298e-12  0.00000e+00  0.00000e+00  3.75483e-16  3.27606e-13  1.21795e-18
3.760000000e+03  7.2854167e-12  7.28542e-12  5.13879e-15  7.20760e-12  0.00000e+00  0.00000e+00  2.25477e-16  7.24636e-14  1.69623e-18
3.770000000e+03  7.9883325e-12  7.98833e-12  5.61633e-15  7.87740e-12  0.00000e+00  0.00000e+00  1.62967e-16  1.05144e-13  1.06965e-18
3.780000000e+03  8.3133487e-12  8.31335e-12  5.87861e-15  8.24526e-12  0.00000e+00  0.00000e+00  1.40141e-16  6.20730e-14  3.77687e-19
3.790000000e+03  8.2075080e-12  8.20751e-12  5.83279e-15  8.18102e-12  0.00000e+00  0.00000e+00  2.87920e-16  2.03720e-14  3.18833e-19
3.800000000e+03  7.8420494e-12  7.84205e-12  5.58519e-15  7.83372e-12  0.00000e+00  0.00000e+00  1.01982e-15  1.73026e-15  8.25347e-20
3.810000000e+03  7.2694502e-12  7.26945e-12  5.17687e-15  7.26103e-12  0.00000e+00  0.00000e+00  3.11828e-15  1.28280e-16  1.75448e-19
3.820000000e+03  6.4199374e-12  6.41994e-12  4.56841e-15  6.40759e-12  0.00000e+00  0.00000e+00  7.72380e-15  5.52982e-17  1.86347e-20
3.830000000e+03  5.8117503e-12  5.81175e-12  4.13487e-15  5.79951e-12  0.00000e+00  0.00000e+00  8.07145e-15  4.15117e-17  8.62072e-20
3.840000000e+03  5.7831951e-12  5.78320e-12  4.10781e-15  5.76158e-12  1.22832e-17  6.36067e-16  1.68627e-14  6.33846e-18  1.85980e-18
3.850000000e+03  6.3568465e-12  6.35685e-12  4.42934e-15  6.21254e-12  1.90733e-17  1.22819e-13  1.70399e-14  3.60973e-18  4.94190e-18
3.860000000e+03  2.0072814e-11  2.00728e-11  4.65402e-15  6.52766e-12  5.11358e-17  1.35321e-11  8.30286e-15  4.86265e-19  1.53190e-17
3.870000000e+03  1.8633241e-10  1.86332e-10  4.74758e-15  6.65890e-12  1.54375e-16  1.79644e-10  2.20034e-14  2.58941e-19  2.61565e-15
3.880000000e+03  6.6208391e-10  6.62084e-10  4.86609e-15  6.82512e-12  5.30034e-16  6.55241e-10  1.02973e-14  4.18436e-20  2.70974e-15
3.890000000e+03  7.2919510e-12  7.29195e-12  5.17940e-15  7.26456e-12  1.83346e-15  0.00000e+00  8.35038e-15  1.58190e-20  1.20242e-14
3.900000000e+03  7.8188471e-12  7.81885e-12  5.55473e-15  7.79099e-12  5.94349e-15  0.00000e+00  7.26089e-15  0.00000e+00  9.09643e-15
3.910000000e+03  7.8354782e-12  7.83548e-12  5.56129e-15  7.80020e-12  6.84507e-15  0.00000e+00  1.80405e-14  0.00000e+00  4.82862e-15
3.920000000e+03  7.2167882e-12  7.21679e-12  5.12133e-15  7.18312e-12  2.18790e-14  0.00000e+00  4.82947e-15  0.00000e+00  1.83609e-15
3.930000000e+03  6.5155152e-12  6.51552e-12  4.62006e-15  6.48002e-12  2.42858e-14  0.00000e+00  5.80442e-15  0.00000e+00  7.88353e-16
3.940000000e+03  6.3790704e-12  6.37907e-12  4.51504e-15  6.33274e-12  3.67790e-14  0.00000e+00  4.64377e-15  0.00000e+00  3.78313e-16
3.950000000e+03  6.5821686e-12  6.58217e-12  4.66784e-15  6.54706e-12  2.39792e-14  0.00000e+00  6.29920e-15  0.00000e+00  1.64301e-16
3.960000000e+03  6.9345956e-12  6.93460e-12  4.90945e-15  6.88592e-12  3.73392e-14  0.00000e+00  6.35926e-15  0.00000e+00  6.33944e-17
3.970000000e+03  7.3797393e-12  7.37974e-12  5.23780e-15  7.34648e-12  2.49924e-14  0.00000e+00  2.99926e-15  0.00000e+00  1.92119e-17
3.980000000e+03  8.3900251e-12  8.39003e-12  5.95181e-15  8.34792e-12  3.41492e-14  0.00000e+00  1.98066e-15  0.00000e+00  1.50407e-17
3.990000000e+03  9.6344377e-12  9.63444e-12  6.84788e-15  9.60474e-12  2.11488e-14  0.00000e+00  1.69571e-15  0.00000e+00  6.22771e-18
4.000000000e+03  1.1471865e-11  1.14719e-11  8.16395e-15  1.14507e-11  1.19845e-14  0.00000e+00  1.06818e-15  0.00000e+00  4.32771e-18
4.010000000e+03  1.1049720e-11  1.10497e-11  7.85916e-15  1.10231e-11  1.78709e-14  0.00000e+00  8.33434e-16  0.00000e+00  4.33111e-18
4.020000000e+03  1.1746895e-11  1.17469e-11  8.36112e-15  1.17272e-11  1.12752e-14  0.00000e+00  6.26795e-17  0.00000e+00  2.11441e-18
4.030000000e+03  1.1074104e-11  1.10741e-11  7.87743e-15  1.10488e-11  7.10921e-15  0.00000e+00  9.73790e-15  0.00000e+00  5.87556e-16
4.040000000e+03  1.1795146e-11  1.17951e-11  8.38052e-15  1.17544e-11  8.54509e-15  0.00000e+00  2.26740e-14  0.00000e+00  1.12776e-15
4.050000000e+03  1.0929260e-11  1.09293e-11  7.75685e-15  1.08797e-11  4.67872e-15  0.00000e+00  3.64861e-14  0.00000e+00  6.72365e-16
4.060000000e+03  1.1024284e-11  1.10243e-11  7.81586e-15  1.09624e-11  9.57170e-15  0.00000e+00  4.41452e-14  1.27525e-20  3.23552e-16
4.070000000e+03  1.0473835e-11  1.04738e-11  7.43312e-15  1.04256e-11  5.80088e-15  0.00000e+00  3.47938e-14  1.49202e-19  2.05005e-16
4.080000000e+03  1.1335494e-11  1.13355e-11  7.99455e-15  1.12131e-11  1.16532e-14  0.00000e+00  1.02577e-13  2.60358e-19  2.20026e-16
4.090000000e+03  1.2442815e-11  1.24428e-11  8.82131e-15  1.23727e-11  3.48403e-15  0.00000e+00  5.78257e-14  1.08102e-18  3.26672e-17
4.100000000e+03  1.0444763e-11  1.04448e-11  7.43678e-15  1.04307e-11  4.34454e-15  0.00000e+00  2.19720e-15  1.95288e-18  5.79634e-17
4.110000000e+03  1.2126272e-11  1.21263e-11  8.62727e-15  1.21005e-11  2.60748e-15  2.84834e-19  1.45232e-14  4.41574e-18  2.25761e-17
4.120000000e+03  1.2678530e-11  1.26785e-11  9.02189e-15  1.26540e-11  2.61449e-15  8.17705e-19  1.28769e-14  1.30605e-17  1.05976e-17
4.130000000e+03  1.1691335e-11  1.16913e-11  8.32267e-15  1.16733e-11  1.77913e-15  9.59798e-20  7.92482e-15  3.14535e-17  6.36296e-18
4.140000000e+03  1.1703629e-11  1.17036e-11  8.32697e-15  1.16793e-11  2.58453e-15  1.37316e-19  1.33941e-14  2.62494e-17  9.84918e-19
4.150000000e+03  1.2413559e-11  1.24136e-11  8.79794e-15  1.23399e-11  1.00717e-15  5.15050e-17  6.37466e-14  6.11391e-17  1.92688e-18
4.160000000e+03  1.2484218e-11  1.24842e-11  8.88665e-15  1.24643e-11  8.82742e-16  5.09852e-16  9.53268e-15  1.08238e-16  3.97394e-19
4.170000000e+03  1.1790402e-11  1.17904e-11  8.36920e-15  1.17385e-11  3.59251e-16  2.24813e-14  2.04828e-14  1.71966e-16  1.30178e-18
4.180000000e+03  1.1825897e-11  1.18259e-11  8.34220e-15  1.17007e-11  2.87597e-16  9.69107e-14  1.92534e-14  4.41613e-16  1.50723e-19
4.190000000e+03  1.5153640e-11  1.51536e-11  8.36919e-15  1.17385e-11  1.12893e-16  3.39213e-12  1.42353e-14  2.84832e-16  9.64590e-19
4.200000000e+03  1.1899639e-11  1.18996e-11  7.13611e-15  1.00090e-11  8.42759e-17  1.81051e-12  7.24826e-14  4.22109e-16  1.54082e-18
4.210000000e+03  5.8007306e-11  5.80073e-11  8.88807e-15  1.24663e-11  1.64161e-17  4.54999e-11  3.18244e-14  4.91325e-16  7.52399e-18
4.220000000e+03  1.2267313e-11  1.22673e-11  8.47776e-15  1.18908e-11  0.00000e+00  3.48510e-13  1.84773e-14  1.03360e-15  1.78300e-17
4.230000000e+03  1.0106660e-11  1.01067e-11  7.18713e-15  1.00806e-11  0.00000e+00  0.00000e+00  1.85921e-14  2.32488e-16  7.70439e-17
4.240000000e+03  1.0870212e-11  1.08702e-11  7.73462e-15  1.08485e-11  0.00000e+00  0.00000e+00  1.34342e-14  1.75388e-16  3.95330e-16
4.250000000e+03  1.1083536e-11  1.10835e-11  7.88962e-15  1.10659e-11  0.00000e+00  0.00000e+00  9.20196e-15  2.29809e-16  3.40329e-16
4.260000000e+03  1.0843022e-11  1.08430e-11  7.71869e-15  1.08261e-11  0.00000e+00  0.00000e+00  7.45490e-15  5.15897e-17  1.66856e-15
4.270000000e+03  1.0368124e-11  1.03681e-11  7.38422e-15  1.03570e-11  0.00000e+00  0.00000e+00  1.72051e-16  1.00037e-18  3.54821e-15
4.280000000e+03  1.0312748e-11  1.03127e-11  7.34511e-15  1.03022e-11  0.00000e+00  1.84679e-19  3.83216e-16  2.89030e-19  2.86674e-15
4.290000000e+03  9.5619698e-12  9.56197e-12  6.75413e-15  9.47326e-12  0.00000e+00  5.51326e-19  7.48589e-14  9.70881e-20  7.09421e-15
4.300000000e+03  8.3714743e-12  8.37147e-12  5.47315e-15  7.67655e-12  0.00000e+00  3.29839e-19  6.80068e-13  3.16970e-20  9.36991e-15
4.310000000e+03  8.7898902e-12  8.78989e-12  4.85381e-15  6.80788e-12  0.00000e+00  0.00000e+00  1.95229e-12  0.00000e+00  2.48620e-14
4.320000000e+03  1.6177585e-11  1.61776e-11  8.79500e-15  1.23358e-11  0.00000e+00  0.00000e+00  3.83301e-12  0.00000e+00  4.13534e-17
4.330000000e+03  1.5557215e-11  1.55572e-11  7.64170e-15  1.07182e-11  0.00000e+00  0.00000e+00  4.83022e-12  0.00000e+00  1.19688e-15
4.340000000e+03  1.6580016e-11  1.65800e-11  7.32811e-15  1.02783e-11  0.00000e+00  0.00000e+00  6.29132e-12  0.00000e+00  3.04727e-15
4.350000000e+03  1.7055505e-11  1.70555e-11  7.86968e-15  1.10379e-11  0.00000e+00  0.00000e+00  6.00791e-12  0.00000e+00  1.79739e-15
4.360000000e+03  2.0502896e-11  2.05029e-11  8.77505e-15  1.23078e-11  0.00000e+00  0.00000e+00  8.18499e-12  0.00000e+00  1.38324e-15
4.370000000e+03  3.0548348e-11  3.05483e-11  8.68726e-15  1.21846e-11  0.00000e+00  0.00000e+00  1.83546e-11  0.00000e+00  3.39897e-16
4.380000000e+03  1.8409266e-11  1.84093e-11  8.00764e-15  1.12314e-11  0.00000e+00  1.95743e-19  7.16976e-12  0.00000e+00  7.19986e-17
4.390000000e+03  1.1446207e-11  1.14462e-11  7.54513e-15  1.05827e-11  0.00000e+00  2.27279e-19  8.55912e-13  0.00000e+00  4.25487e-17
4.400000000e+03  1.1928342e-11  1.19283e-11  8.44068e-15  1.18388e-11  0.00000e+00  8.28490e-18  8.10805e-14  0.00000e+00  2.36613e-17
4.410000000e+03  1.2090388e-11  1.20904e-11  8.45851e-15  1.18638e-11  0.00000e+00  1.15978e-17  2.18134e-13  0.00000e+00  7.88107e-18
4.420000000e+03  1.2414205e-11  1.24142e-11  8.69555e-15  1.21963e-11  1.42333e-17  1.30331e-18  2.09236e-13  0.00000e+00  5.19572e-18
4.430000000e+03  1.2424191e-11  1.24242e-11  8.83539e-15  1.23924e-11  3.03555e-17  3.20488e-20  2.29335e-14  0.00000e+00  1.97659e-18
4.440000000e+03  1.2398866e-11  1.23989e-11  8.80054e-15  1.23435e-11  5.96785e-17  0.00000e+00  4.64712e-14  0.00000e+00  7.83869e-19
4.450000000e+03  1.3138606e-11  1.31386e-11  9.32773e-15  1.30830e-11  2.20652e-16  0.00000e+00  4.61038e-14  0.00000e+00  5.22174e-19
4.460000000e+03  1.1737998e-11  1.17380e-11  8.33555e-15  1.16913e-11  2.23399e-16  0.00000e+00  3.80888e-14  0.00000e+00  3.65658e-19
4.470000000e+03  1.3209819e-11  1.32098e-11  9.37862e-15  1.31543e-11  6.60792e-16  7.56958e-20  4.54515e-14  0.00000e+00  1.61170e-19
4.480000000e+03  1.3267889e-11  1.32679e-11  9.44646e-15  1.32495e-11  4.38067e-16  1.01542e-19  8.51503e-15  0.00000e+00  3.97303e-19
4.490000000e+03  1.3534946e-11  1.35349e-11  9.63676e-15  1.35164e-11  2.82087e-15  1.00797e-17  6.07002e-15  0.00000e+00  1.98155e-19
4.500000000e+03  1.3598129e-11  1.35981e-11  9.68304e-15  1.35813e-11  1.01204e-15  1.47930e-17  6.01162e-15  0.00000e+00  1.02602e-16
4.510000000e+03  1.4766253e-11  1.47663e-11  1.05132e-14  1.47457e-11  4.79035e-15  8.13458e-18  5.19655e-15  0.00000e+00  9.04469e-17
4.520000000e+03  1.3712977e-11  1.37130e-11  9.76584e-15  1.36974e-11  2.21245e-15  2.37673e-17  3.39654e-15  0.00000e+00  1.43934e-16
4.530000000e+03  1.2769105e-11  1.27691e-11  9.09344e-15  1.27543e-11  2.96825e-15  4.06097e-17  2.56330e-15  0.00000e+00  9.37161e-17
4.540000000e+03  1.3336259e-11  1.33363e-11  9.49821e-15  1.33221e-11  3.15314e-15  1.20799e-15  2.89476e-16  0.00000e+00  4.11597e-17
4.550000000e+03  1.3553552e-11  1.35536e-11  9.65179e-15  1.35375e-11  2.26352e-15  3.93691e-15  1.98973e-16  0.00000e+00  3.03721e-17
4.560000000e+03  1.3940238e-11  1.39402e-11  9.84677e-15  1.38109e-11  1.94390e-15  4.33439e-15  1.13174e-13  0.00000e+00  1.13527e-17
4.570000000e+03  1.4767213e-11  1.47672e-11  9.94386e-15  1.39471e-11  2.42058e-15  1.34166e-13  6.73532e-13  0.00000e+00  2.09154e-17
4.580000000e+03  1.5043129e-11  1.50431e-11  9.65493e-15  1.35419e-11  1.02769e-15  1.13791e-13  1.37677e-12  1.04243e-20  7.17749e-18
4.590000000e+03  1.5675516e-11  1.56755e-11  9.76824e-15  1.37008e-11  1.48585e-15  8.38094e-14  1.87964e-12  1.22930e-20  4.53048e-18
4.600000000e+03  1.9332815e-11  1.93328e-11  9.59774e-15  1.34617e-11  6.48170e-16  1.81808e-12  4.04275e-12  0.00000e+00  2.27338e-18
4.610000000e+03  2.1692173e-11  2.16922e-11  9.90709e-15  1.38955e-11  8.80661e-16  9.63329e-14  7.68944e-12  2.73519e-20  7.01733e-20
4.620000000e+03  2.6649556e-11  2.66496e-11  9.77384e-15  1.37087e-11  7.50515e-16  0.00000e+00  1.29304e-11  1.25683e-19  1.25746e-18
4.630000000e+03  3.3698096e-11  3.36981e-11  9.72466e-15  1.36397e-11  5.08735e-16  0.00000e+00  2.00481e-11  1.67121e-19  3.19368e-20
4.640000000e+03  4.2854404e-11  4.28544e-11  9.76252e-15  1.36928e-11  2.09018e-16  0.00000e+00  2.91516e-11  1.72510e-19  4.81036e-19
4.650000000e+03  4.3762560e-11  4.37626e-11  9.59931e-15  1.34639e-11  1.77381e-16  0.00000e+00  3.02888e-11  1.21097e-19  7.30803e-20
4.660000000e+03  5.5226911e-11  5.52269e-11  9.82089e-15  1.37746e-11  1.15852e-16  0.00000e+00  4.14423e-11  2.55738e-19  2.76729e-19
4.670000000e+03  6.2164147e-11  6.21641e-11  9.54630e-15  1.33895e-11  9.83890e-17  0.00000e+00  4.87650e-11  4.34366e-19  3.46555e-20
4.680000000e+03  8.8932760e-11  8.89328e-11  9.99366e-15  1.40170e-11  3.75814e-17  1.28321e-18  7.49058e-11  4.97067e-19  1.24643e-19
4.690000000e+03  8.9122697e-11  8.91227e-11  9.86316e-15  1.38339e-11  0.00000e+00  2.39987e-18  7.52789e-11  8.84154e-19  4.49494e-21
4.700000000e+03  1.0170397e-10  1.01704e-10  9.44697e-15  1.32502e-11  0.00000e+00  3.28612e-18  8.84442e-11  1.21716e-18  4.32108e-20
4.710000000e+03  9.0373072e-11  9.03731e-11  9.42366e-15  1.32175e-11  0.00000e+00  1.60975e-19  7.71461e-11  9.34326e-19  2.20774e-20
4.720000000e+03  9.4243622e-11  9.42436e-11  9.86581e-15  1.38376e-11  0.00000e+00  0.00000e+00  8.03961e-11  1.80340e-19  1.65317e-20
4.730000000e+03  6.3715763e-11  6.37158e-11  9.78347e-15  1.37222e-11  0.00000e+00  6.53593e-17  4.99838e-11  6.70706e-19  6.73859e-20
4.740000000e+03  8.7635870e-11  8.76359e-11  9.80654e-15  1.37545e-11  0.00000e+00  1.17197e-16  7.38712e-11  7.73152e-19  7.60999e-20
4.750000000e+03  1.4606846e-11  1.46068e-11  1.01566e-14  1.42456e-11  0.00000e+00  1.54487e-16  3.50987e-13  6.87021e-19  2.93797e-19
4.760000000e+03  1.4187175e-11  1.41872e-11  9.89095e-15  1.38729e-11  0.00000e+00  7.57346e-18  3.04343e-13  1.02219e-18  6.64740e-19
4.770000000e+03  1.4347154e-11  1.43472e-11  9.84291e-15  1.38055e-11  0.00000e+00  2.15698e-19  5.31778e-13  8.82958e-19  1.23959e-18
4.780000000e+03  1.4605092e-11  1.46051e-11  1.02866e-14  1.44278e-11  0.00000e+00  5.26010e-20  1.66970e-13  7.10943e-19  3.52431e-18
4.790000000e+03  1.3719899e-11  1.37199e-11  9.71820e-15  1.36306e-11  0.00000e+00  8.31678e-19  7.95524e-14  1.03000e-18  2.17241e-18
4.800000000e+03  1.4105810e-11  1.41058e-11  9.95687e-15  1.39654e-11  0.00000e+00  1.52540e-18  1.30467e-13  1.58469e-19  5.83128e-18
4.810000000e+03  1.3970879e-11  1.39709e-11  9.83674e-15  1.37969e-11  0.00000e+00  2.25664e-19  1.64144e-13  4.89108e-20  9.87250e-18
4.820000000e+03  1.4559186e-11  1.45592e-11  1.00767e-14  1.41334e-11  0.00000e+00  0.00000e+00  4.15693e-13  4.94666e-19  1.62965e-17
4.830000000e+03  1.4478744e-11  1.44787e-11  9.95715e-15  1.39658e-11  0.00000e+00  6.02085e-17  5.02932e-13  0.00000e+00  3.94128e-17
4.840000000e+03  1.4044399e-11  1.40444e-11  9.58964e-15  1.34503e-11  0.00000e+00  1.10631e-16  5.84354e-13  0.00000e+00  3.98937e-17
4.850000000e+03  1.3866810e-11  1.38668e-11  9.63435e-15  1.35130e-11  0.00000e+00  1.65050e-16  3.43938e-13  0.00000e+00  5.23516e-17
4.860000000e+03  1.1856594e-11  1.18566e-11  7.93275e-15  1.11264e-11  0.00000e+00  9.77253e-18  7.22194e-13  0.00000e+00  6.13828e-17
4.870000000e+03  1.3382664e-11  1.33827e-11  8.84305e-15  1.24032e-11  0.00000e+00  2.33420e-19  9.70521e-13  0.00000e+00  1.41224e-16
4.880000000e+03  1.4544622e-11  1.45446e-11  9.46877e-15  1.32808e-11  0.00000e+00  0.00000e+00  1.25419e-12  0.00000e+00  1.74428e-16
4.890000000e+03  1.3705299e-11  1.37053e-11  8.86878e-15  1.24392e-11  0.00000e+00  2.66688e-19  1.25699e-12  0.00000e+00  2.08898e-16
4.900000000e+03  1.5743480e-11  1.57435e-11  9.93806e-15  1.39390e-11  0.00000e+00  3.63958e-19  1.79453e-12  0.00000e+00  3.19383e-19
4.910000000e+03  1.5806977e-11  1.58070e-11  9.36858e-15  1.31402e-11  0.00000e+00  3.92281e-19  2.65733e-12  0.00000e+00  2.89626e-17
4.920000000e+03  1.6338635e-11  1.63386e-11  8.89922e-15  1.24819e-11  0.00000e+00  2.04185e-19  3.84775e-12  0.00000e+00  5.28041e-17
4.930000000e+03  1.8901257e-11  1.89013e-11  9.71780e-15  1.36301e-11  0.00000e+00  4.31632e-18  5.26152e-12  0.00000e+00  3.95059e-17
4.940000000e+03  1.8192158e-11  1.81922e-11  9.30091e-15  1.30454e-11  0.00000e+00  8.46709e-17  5.13741e-12  0.00000e+00  1.44030e-17
4.950000000e+03  2.0090719e-11  2.00907e-11  9.99894e-15  1.40244e-11  0.00000e+00  9.90258e-17  6.05629e-12  0.00000e+00  1.23988e-18
4.960000000e+03  2.2283397e-11  2.22834e-11  9.62844e-15  1.35047e-11  0.00000e+00  1.61737e-17  8.76898e-12  0.00000e+00  6.80917e-19
4.970000000e+03  2.3252280e-11  2.32523e-11  9.44184e-15  1.32430e-11  0.00000e+00  1.68482e-18  9.99982e-12  0.00000e+00  4.06161e-19
4.980000000e+03  2.4810357e-11  2.48104e-11  9.21735e-15  1.29281e-11  0.00000e+00  1.06055e-16  1.18729e-11  0.00000e+00  2.10803e-19
4.990000000e+03  3.3176276e-11  3.31763e-11  9.05447e-15  1.26997e-11  0.00000e+00  1.98650e-16  2.04673e-11  0.00000e+00  1.01061e-19
5.000000000e+03  3.2385147e-11  3.23851e-11  9.08140e-15  1.27375e-11  0.00000e+00  1.20058e-19  1.96385e-11  0.00000e+00  3.50755e-20
5.010000000e+03  3.2885924e-11  3.28859e-11  8.85623e-15  1.24216e-11  0.00000e+00  1.98546e-16  2.04553e-11  0.00000e+00  3.86274e-20
5.020000000e+03  4.3897491e-11  4.38975e-11  8.88161e-15  1.24572e-11  0.00000e+00  5.33397e-15  3.14260e-11  0.00000e+00  2.94695e-20
5.030000000e+03  4.5767700e-11  4.57677e-11  9.28423e-15  1.30219e-11  0.00000e+00  6.09492e-15  3.27303e-11  0.00000e+00  1.95547e-20
5.040000000e+03  5.6938563e-11  5.69386e-11  8.64974e-15  1.21320e-11  0.00000e+00  2.64325e-18  4.47979e-11  0.00000e+00  2.42754e-20
5.050000000e+03  6.3510874e-11  6.35109e-11  9.36891e-15  1.31407e-11  0.00000e+00  1.42253e-15  5.03594e-11  0.00000e+00  1.68788e-20
5.060000000e+03  6.4160796e-11  6.41608e-11  1.00118e-14  1.40424e-11  0.00000e+00  2.92149e-14  5.00790e-11  0.00000e+00  9.40825e-18
5.070000000e+03  8.8053030e-11  8.80530e-11  9.29711e-15  1.30400e-11  0.00000e+00  3.66893e-14  7.49669e-11  0.00000e+00  1.02962e-18
5.080000000e+03  1.0023671e-10  1.00237e-10  8.88999e-15  1.24690e-11  0.00000e+00  1.34657e-19  8.77588e-11  0.00000e+00  9.48070e-18
5.090000000e+03  1.1887142e-10  1.18871e-10  9.59987e-15  1.34647e-11  0.00000e+00  0.00000e+00  1.05397e-10  0.00000e+00  9.64902e-18
5.100000000e+03  1.2694164e-10  1.26942e-10  9.22682e-15  1.29414e-11  0.00000e+00  0.00000e+00  1.13991e-10  0.00000e+00  8.65516e-18
5.110000000e+03  1.4585932e-10  1.45859e-10  9.30922e-15  1.30570e-11  0.00000e+00  0.00000e+00  1.32793e-10  0.00000e+00  2.53159e-18
5.120000000e+03  1.7267630e-10  1.72676e-10  9.63604e-15  1.35154e-11  0.00000e+00  5.15347e-19  1.59151e-10  0.00000e+00  2.69720e-18
5.130000000e+03  2.1107779e-10  2.11078e-10  8.88477e-15  1.24616e-11  0.00000e+00  1.22391e-15  1.98605e-10  0.00000e+00  2.54780e-18
5.140000000e+03  1.5335474e-10  1.53355e-10  8.77629e-15  1.23095e-11  0.00000e+00  1.14063e-15  1.41035e-10  0.00000e+00  2.14341e-18
5.150000000e+03  1.6765616e-10  1.67656e-10  8.82947e-15  1.23841e-11  0.00000e+00  1.92350e-15  1.55261e-10  0.00000e+00  8.91862e-19
5.160000000e+03  2.5377585e-10  2.53776e-10  9.22569e-15  1.29398e-11  0.00000e+00  1.06569e-16  2.40825e-10  0.00000e+00  4.35676e-21
5.170000000e+03  2.1829319e-10  2.18293e-10  6.94741e-15  9.74434e-12  0.00000e+00  1.87549e-17  2.08543e-10  0.00000e+00  3.94232e-19
5.180000000e+03  1.1674852e-11  1.16749e-11  8.25875e-15  1.15836e-11  0.00000e+00  4.63826e-18  8.29795e-14  0.00000e+00  2.19297e-19
5.190000000e+03  1.1323126e-11  1.13231e-11  8.00746e-15  1.12311e-11  0.00000e+00  3.85589e-19  8.39529e-14  0.00000e+00  4.60309e-20
5.200000000e+03  1.2359845e-11  1.23598e-11  8.71969e-15  1.22301e-11  0.00000e+00  0.00000e+00  1.21007e-13  0.00000e+00  1.25406e-19
5.210000000e+03  1.2516741e-11  1.25167e-11  8.86286e-15  1.24309e-11  0.00000e+00  0.00000e+00  7.69327e-14  0.00000e+00  6.26670e-21
5.220000000e+03  1.2925079e-11  1.29251e-11  9.15677e-15  1.28432e-11  0.00000e+00  0.00000e+00  7.27709e-14  0.00000e+00  7.93925e-20
5.230000000e+03  1.2192113e-11  1.21921e-11  8.54840e-15  1.19899e-11  0.00000e+00  1.81840e-18  1.93675e-13  0.00000e+00  6.73259e-22
5.240000000e+03  1.2977058e-11  1.29771e-11  9.17783e-15  1.28727e-11  0.00000e+00  1.46568e-15  9.36956e-14  0.00000e+00  3.74789e-20
5.250000000e+03  1.3107171e-11  1.31072e-11  9.15166e-15  1.28360e-11  0.00000e+00  1.10818e-15  2.60932e-13  0.00000e+00  7.05561e-21
5.260000000e+03  1.2302753e-11  1.23028e-11  8.64767e-15  1.21291e-11  0.00000e+00  1.82952e-15  1.63154e-13  1.01219e-20  1.97540e-20
5.270000000e+03  1.1036116e-11  1.10361e-11  7.73898e-15  1.08546e-11  0.00000e+00  1.47480e-16  1.73636e-13  9.11769e-21  1.14716e-21
5.280000000e+03  1.2941082e-11  1.29411e-11  8.98001e-15  1.25952e-11  0.00000e+00  1.02144e-17  3.36854e-13  3.22039e-20  3.86621e-22
5.290000000e+03  1.3504600e-11  1.35046e-11  9.48422e-15  1.33025e-11  0.00000e+00  4.03898e-18  1.92656e-13  0.00000e+00  1.03918e-20
5.300000000e+03  1.3425192e-11  1.34252e-11  8.94420e-15  1.25450e-11  0.00000e+00  1.00581e-18  8.71238e-13  3.09266e-20  2.02445e-23
5.310000000e+03  1.4255323e-11  1.42553e-11  9.65048e-15  1.35356e-11  0.00000e+00  2.54254e-20  7.10041e-13  4.21537e-20  6.32929e-22
5.320000000e+03  1.4508628e-11  1.45086e-11  9.21366e-15  1.29230e-11  0.00000e+00  0.00000e+00  1.57647e-12  7.82704e-20  4.93034e-22
5.330000000e+03  1.3077472e-11  1.30775e-11  8.10772e-15  1.13718e-11  0.00000e+00  0.00000e+00  1.69758e-12  2.44659e-20  1.75523e-21
5.340000000e+03  1.4039987e-11  1.40400e-11  8.71021e-15  1.22168e-11  0.00000e+00  0.00000e+00  1.81446e-12  1.51444e-20  2.78466e-22
5.350000000e+03  1.5493552e-11  1.54936e-11  9.00011e-15  1.26234e-11  0.00000e+00  5.32939e-17  2.86104e-12  8.36564e-21  2.76362e-21
5.360000000e+03  1.6536749e-11  1.65367e-11  9.46407e-15  1.32742e-11  0.00000e+00  8.20350e-16  3.25230e-12  0.00000e+00  1.42768e-21
5.370000000e+03  1.7309604e-11  1.73096e-11  8.74411e-15  1.22644e-11  0.00000e+00  9.32616e-16  5.03552e-12  1.30872e-20  3.76270e-21
5.380000000e+03  1.7766229e-11  1.77662e-11  9.35005e-15  1.31143e-11  0.00000e+00  3.31176e-16  4.64228e-12  2.56364e-20  1.18742e-21
5.390000000e+03  1.8357822e-11  1.83578e-11  9.11360e-15  1.27826e-11  0.00000e+00  2.26240e-17  5.56605e-12  1.19452e-20  1.28775e-20
5.400000000e+03  2.0326064e-11  2.03261e-11  8.85649e-15  1.24220e-11  0.00000e+00  2.50571e-18  7.89523e-12  4.85241e-20  3.43368e-21
5.410000000e+03  2.1074185e-11  2.10742e-11  8.33114e-15  1.16852e-11  0.00000e+00  9.09370e-19  9.38071e-12  4.48053e-20  3.15444e-20
5.420000000e+03  2.4083279e-11  2.40833e-11  9.09473e-15  1.27561e-11  0.00000e+00  4.33092e-19  1.13180e-11  2.69953e-20  3.86402e-21
5.430000000e+03  2.5601117e-11  2.56011e-11  8.78843e-15  1.23265e-11  0.00000e+00  1.54808e-20  1.32657e-11  7.53383e-20  5.49135e-20
5.440000000e+03  3.1094164e-11  3.10942e-11  9.28458e-15  1.30224e-11  0.00000e+00  0.00000e+00  1.80625e-11  2.24202e-20  8.84220e-20
5.450000000e+03  3.1694617e-11  3.16946e-11  9.09560e-15  1.27574e-11  0.00000e+00  0.00000e+00  1.89280e-11  1.07960e-19  7.05127e-20
5.460000000e+03  3.2773697e-11  3.27737e-11  8.98165e-15  1.25976e-11  0.00000e+00  7.04337e-20  2.01671e-11  8.33794e-20  1.82462e-19
5.470000000e+03  3.7435376e-11  3.74354e-11  9.15236e-15  1.28370e-11  0.00000e+00  2.52726e-17  2.45892e-11  1.10784e-19  6.84042e-21
5.480000000e+03  3.6127042e-11  3.61270e-11  8.59347e-15  1.20531e-11  0.00000e+00  3.22229e-16  2.40650e-11  1.83984e-19  3.67648e-19
5.490000000e+03  3.7610731e-11  3.76107e-11  8.96541e-15  1.25748e-11  0.00000e+00  3.26229e-16  2.50267e-11  1.29921e-19  2.20929e-19
5.500000000e+03  5.1693597e-11  5.16936e-11  8.91729e-15  1.25073e-11  0.00000e+00  1.05493e-16  3.91773e-11  3.40746e-20  3.80441e-19
5.510000000e+03  4.4503666e-11  4.45037e-11  8.76912e-15  1.22994e-11  0.00000e+00  1.44444e-17  3.21956e-11  2.06998e-20  9.44600e-19
5.520000000e+03  4.6997586e-11  4.69976e-11  9.17501e-15  1.28687e-11  0.00000e+00  4.58814e-18  3.41197e-11  0.00000e+00  4.48426e-19
5.530000000e+03  5.4077504e-11  5.40775e-11  8.80923e-15  1.23557e-11  0.00000e+00  1.16108e-19  4.17129e-11  0.00000e+00  8.63048e-19
5.540000000e+03  6.7992214e-11  6.79922e-11  9.06494e-15  1.27144e-11  0.00000e+00  2.46038e-19  5.52688e-11  0.00000e+00  1.72267e-18
5.550000000e+03  4.9694548e-11  4.96945e-11  9.11247e-15  1.27810e-11  0.00000e+00  2.65181e-17  3.69043e-11  0.00000e+00  2.36192e-18
5.560000000e+03  5.3886644e-11  5.38866e-11  8.84235e-15  1.24022e-11  0.00000e+00  1.72046e-16  4.14756e-11  0.00000e+00  1.44466e-18
5.570000000e+03  6.0312950e-11  6.03129e-11  8.65509e-15  1.21395e-11  0.00000e+00  2.67981e-16  4.81643e-11  0.00000e+00  2.94888e-18
5.580000000e+03  6.8721323e-11  6.87213e-11  8.93025e-15  1.25255e-11  0.00000e+00  0.00000e+00  5.61869e-11  0.00000e+00  6.13219e-18
5.590000000e+03  6.3266669e-11  6.32667e-11  8.45205e-15  1.18547e-11  0.00000e+00  8.73352e-19  5.14034e-11  0.00000e+00  7.17504e-18
5.600000000e+03  4.0745158e-11  4.07452e-11  8.54615e-15  1.19867e-11  0.00000e+00  6.59145e-16  2.87492e-11  0.00000e+00  7.44290e-18
5.610000000e+03  4.9227180e-11  4.92272e-11  9.33792e-15  1.30972e-11  0.00000e+00  2.09010e-14  3.60997e-11  0.00000e+00  3.05430e-19
5.620000000e+03  4.8341360e-11  4.83414e-11  8.49958e-15  1.19214e-11  0.00000e+00  1.42481e-14  3.63973e-11  0.00000e+00  1.36266e-19
5.630000000e+03  6.1808453e-11  6.18085e-11  9.00740e-15  1.26337e-11  0.00000e+00  2.25499e-14  4.91432e-11  0.00000e+00  1.25162e-18
5.640000000e+03  5.6816921e-11  5.68169e-11  8.84108e-15  1.24004e-11  0.00000e+00  3.01482e-15  4.44047e-11  0.00000e+00  2.68749e-18
5.650000000e+03  1.2629762e-11  1.26298e-11  8.98136e-15  1.25971e-11  0.00000e+00  2.39797e-16  2.34059e-14  0.00000e+00  1.37470e-18
5.660000000e+03  1.1643011e-11  1.16430e-11  8.27496e-15  1.16063e-11  0.00000e+00  1.27835e-17  2.83782e-14  0.00000e+00  3.20830e-20
5.670000000e+03  1.2521042e-11  1.25210e-11  8.90828e-15  1.24946e-11  0.00000e+00  1.08957e-18  1.74865e-14  0.00000e+00  1.87252e-20
5.680000000e+03  1.2533926e-11  1.25339e-11  8.91836e-15  1.25088e-11  0.00000e+00  2.13343e-20  1.62191e-14  0.00000e+00  1.74047e-20
5.690000000e+03  1.2250571e-11  1.22506e-11  8.71316e-15  1.22210e-11  0.00000e+00  0.00000e+00  2.08927e-14  0.00000e+00  8.13596e-21
5.700000000e+03  1.2405751e-11  1.24058e-11  8.80137e-15  1.23447e-11  0.00000e+00  0.00000e+00  5.22616e-14  0.00000e+00  5.34051e-21
5.710000000e+03  1.1959869e-11  1.19599e-11  8.49963e-15  1.19215e-11  0.00000e+00  0.00000e+00  2.98953e-14  0.00000e+00  3.68931e-21
5.720000000e+03  1.2678954e-11  1.26790e-11  9.00910e-15  1.26360e-11  0.00000e+00  5.32020e-17  3.38421e-14  0.00000e+00  5.40740e-21
5.730000000e+03  1.2797882e-11  1.27979e-11  9.09333e-15  1.27542e-11  0.00000e+00  1.03761e-14  2.42424e-14  0.00000e+00  4.36049e-19
5.740000000e+03  1.2723864e-11  1.27239e-11  9.03518e-15  1.26726e-11  0.00000e+00  9.09165e-15  3.31181e-14  0.00000e+00  5.22654e-19
5.750000000e+03  1.2435174e-11  1.24352e-11  8.79028e-15  1.23291e-11  0.00000e+00  1.92355e-14  7.80100e-14  0.00000e+00  5.23874e-19
5.760000000e+03  1.2361764e-11  1.23618e-11  8.72708e-15  1.22405e-11  0.00000e+00  5.83997e-15  1.06719e-13  0.00000e+00  6.54060e-20
5.770000000e+03  1.2906731e-11  1.29067e-11  8.93999e-15  1.25391e-11  0.00000e+00  3.11532e-16  3.58339e-13  0.00000e+00  1.32371e-18
5.780000000e+03  1.2848550e-11  1.28486e-11  8.73492e-15  1.22515e-11  0.00000e+00  2.65875e-17  5.88300e-13  0.00000e+00  1.06917e-18
5.790000000e+03  1.2805893e-11  1.28059e-11  8.65895e-15  1.21449e-11  0.00000e+00  3.02187e-18  6.52312e-13  0.00000e+00  1.11629e-18
5.800000000e+03  1.3347260e-11  1.33473e-11  8.89907e-15  1.24817e-11  0.00000e+00  4.54801e-20  8.56634e-13  0.00000e+00  6.44159e-19
5.810000000e+03  1.3246643e-11  1.32466e-11  8.76811e-15  1.22980e-11  0.00000e+00  0.00000e+00  9.39830e-13  0.00000e+00  3.89822e-19
5.820000000e+03  1.3395382e-11  1.33954e-11  8.84479e-15  1.24056e-11  0.00000e+00  0.00000e+00  9.80965e-13  0.00000e+00  2.15530e-19
5.830000000e+03  1.3882537e-11  1.38825e-11  8.92547e-15  1.25187e-11  0.00000e+00  0.00000e+00  1.35487e-12  0.00000e+00  3.07470e-19
5.840000000e+03  1.4180936e-11  1.41809e-11  8.86186e-15  1.24295e-11  0.00000e+00  0.00000e+00  1.74256e-12  0.00000e+00  2.59823e-19
5.850000000e+03  1.3939407e-11  1.39394e-11  8.79941e-15  1.23420e-11  0.00000e+00  1.23198e-16  1.58853e-12  0.00000e+00  1.00770e-19
5.860000000e+03  1.4141785e-11  1.41418e-11  8.42347e-15  1.18146e-11  0.00000e+00  6.86968e-15  2.31185e-12  0.00000e+00  9.04318e-21
5.870000000e+03  1.4571055e-11  1.45711e-11  8.79214e-15  1.23317e-11  0.00000e+00  3.82315e-15  2.22670e-12  0.00000e+00  4.66936e-20
5.880000000e+03  1.5791121e-11  1.57911e-11  8.75011e-15  1.22728e-11  0.00000e+00  8.46986e-15  3.50110e-12  0.00000e+00  3.72643e-20
5.890000000e+03  1.5398657e-11  1.53987e-11  7.94665e-15  1.11459e-11  0.00000e+00  2.22103e-15  4.24262e-12  0.00000e+00  1.10021e-21
5.900000000e+03  1.6700347e-11  1.67003e-11  8.20487e-15  1.15080e-11  0.00000e+00  2.10271e-16  5.18389e-12  0.00000e+00  2.23006e-20
5.910000000e+03  1.6303029e-11  1.63030e-11  8.62642e-15  1.20993e-11  0.00000e+00  1.32912e-17  4.19509e-12  0.00000e+00  6.91104e-22
5.920000000e+03  1.7480862e-11  1.74809e-11  8.58402e-15  1.20398e-11  0.00000e+00  1.41532e-18  5.43245e-12  0.00000e+00  7.80039e-21
5.930000000e+03  1.6617634e-11  1.66176e-11  8.54938e-15  1.19912e-11  0.00000e+00  9.49834e-20  4.61784e-12  0.00000e+00  5.42017e-22
5.940000000e+03  1.8003476e-11  1.80035e-11  8.63381e-15  1.21097e-11  0.00000e+00  0.00000e+00  5.88518e-12  0.00000e+00  6.77532e-21
5.950000000e+03  1.8841083e-11  1.88411e-11  8.56038e-15  1.20067e-11  0.00000e+00  0.00000e+00  6.82593e-12  0.00000e+00  3.82034e-22
5.960000000e+03  1.9455933e-11  1.94559e-11  8.64662e-15  1.21276e-11  0.00000e+00  0.00000e+00  7.31958e-12  0.00000e+00  0.00000e+00
5.970000000e+03  1.7598885e-11  1.75989e-11  8.70895e-15  1.22151e-11  0.00000e+00  0.00000e+00  5.37512e-12  0.00000e+00  2.87976e-21
5.980000000e+03  1.8703752e-11  1.87038e-11  8.51117e-15  1.19377e-11  0.00000e+00  0.00000e+00  6.75756e-12  0.00000e+00  1.00451e-21
5.990000000e+03  1.9682972e-11  1.96830e-11  8.48498e-15  1.19009e-11  0.00000e+00  4.71379e-16  7.77318e-12  0.00000e+00  0.00000e+00
6.000000000e+03  2.1166846e-11  2.11668e-11  8.51084e-15  1.19372e-11  0.00000e+00  2.03019e-15  9.21920e-12  0.00000e+00  1.03534e-21
6.010000000e+03  2.0304098e-11  2.03041e-11  8.32022e-15  1.16698e-11  0.00000e+00  2.14889e-15  8.62373e-12  0.00000e+00  0.00000e+00
6.020000000e+03  1.8352580e-11  1.83526e-11  8.27525e-15  1.16068e-11  0.00000e+00  1.45777e-15  6.73609e-12  0.00000e+00  0.00000e+00
6.030000000e+03  2.0175443e-11  2.01754e-11  8.36841e-15  1.17374e-11  0.00000e+00  2.20060e-16  8.42949e-12  0.00000e+00  1.18912e-22
6.040000000e+03  2.1081199e-11  2.10812e-11  8.58864e-15  1.20463e-11  0.00000e+00  2.25872e-17  9.02625e-12  0.00000e+00  2.58409e-22
6.050000000e+03  2.0877048e-11  2.08770e-11  8.56446e-15  1.20124e-11  0.00000e+00  1.38069e-18  8.85612e-12  0.00000e+00  7.40588e-24
6.060000000e+03  2.5689902e-11  2.56899e-11  8.47744e-15  1.18903e-11  0.00000e+00  5.07111e-20  1.37911e-11  0.00000e+00  3.25059e-23
6.070000000e+03  1.8201738e-11  1.82017e-11  8.39927e-15  1.17807e-11  0.00000e+00  5.67100e-21  6.41263e-12  0.00000e+00  2.10967e-22
6.080000000e+03  1.7905701e-11  1.79057e-11  8.40056e-15  1.17825e-11  0.00000e+00  0.00000e+00  6.11478e-12  0.00000e+00  2.17357e-23
6.090000000e+03  1.8888705e-11  1.88887e-11  8.26813e-15  1.15968e-11  0.00000e+00  0.00000e+00  7.28372e-12  0.00000e+00  2.78418e-23
6.100000000e+03  1.9409418e-11  1.94094e-11  8.18767e-15  1.14839e-11  0.00000e+00  0.00000e+00  7.91727e-12  0.00000e+00  3.96456e-23
6.110000000e+03  2.1223144e-11  2.12231e-11  8.25448e-15  1.15776e-11  0.00000e+00  0.00000e+00  9.63730e-12  0.00000e+00  1.03887e-22
6.120000000e+03  2.6548958e-11  2.65490e-11  8.14896e-15  1.14296e-11  0.00000e+00  0.00000e+00  1.51113e-11  0.00000e+00  1.40907e-22
6.130000000e+03  1.4372350e-11  1.43723e-11  8.02955e-15  1.12622e-11  0.00000e+00  2.00987e-16  3.10196e-12  0.00000e+00  1.27955e-22
6.140000000e+03  1.4416429e-11  1.44164e-11  7.80879e-15  1.09525e-11  0.00000e+00  4.85326e-16  3.45562e-12  0.00000e+00  1.43587e-22
6.150000000e+03  1.5223210e-11  1.52232e-11  8.09502e-15  1.13540e-11  0.00000e+00  2.45796e-16  3.86090e-12  0.00000e+00  2.50549e-22
6.160000000e+03  1.5120858e-11  1.51209e-11  7.67070e-15  1.07588e-11  0.00000e+00  5.76601e-16  4.35379e-12  0.00000e+00  1.14669e-22
6.170000000e+03  1.5794019e-11  1.57940e-11  7.78197e-15  1.09149e-11  0.00000e+00  6.73702e-17  4.87127e-12  0.00000e+00  1.77758e-22
6.180000000e+03  1.6912822e-11  1.69128e-11  8.12313e-15  1.13934e-11  0.00000e+00  3.10261e-16  5.51099e-12  0.00000e+00  7.94193e-22
6.190000000e+03  2.1439477e-11  2.14395e-11  8.02584e-15  1.12569e-11  0.00000e+00  1.18769e-13  1.00558e-11  0.00000e+00  1.40360e-22
6.200000000e+03  1.1630939e-11  1.16309e-11  8.15797e-15  1.14423e-11  0.00000e+00  1.70261e-13  1.02583e-14  0.00000e+00  3.10094e-22
6.210000000e+03  1.1697334e-11  1.16973e-11  8.25576e-15  1.15794e-11  0.00000e+00  1.02391e-13  7.27528e-15  0.00000e+00  1.93260e-21
6.220000000e+03  1.1340791e-11  1.13408e-11  7.88899e-15  1.10650e-11  0.00000e+00  2.63974e-13  3.94918e-15  0.00000e+00  4.19241e-22
6.230000000e+03  1.1227770e-11  1.12278e-11  7.96832e-15  1.11763e-11  0.00000e+00  3.93316e-14  4.20433e-15  0.00000e+00  4.14953e-22
6.240000000e+03  1.1077002e-11  1.10770e-11  7.88460e-15  1.10588e-11  0.00000e+00  5.48900e-15  4.79329e-15  0.00000e+00  2.20049e-21
6.250000000e+03  1.0890461e-11  1.08905e-11  7.75871e-15  1.08823e-11  0.00000e+00  3.97032e-16  4.03197e-17  0.00000e+00  5.54879e-22
6.260000000e+03  1.0790600e-11  1.07906e-11  7.68537e-15  1.07794e-11  0.00000e+00  2.97498e-17  3.46033e-15  0.00000e+00  4.17172e-22
6.270000000e+03  1.1115598e-11  1.11156e-11  7.91607e-15  1.11030e-11  0.00000e+00  4.07498e-18  4.68627e-15  0.00000e+00  7.01471e-21
6.280000000e+03  1.1308157e-11  1.13082e-11  8.03440e-15  1.12690e-11  0.00000e+00  5.53613e-17  3.11027e-14  0.00000e+00  8.45673e-22
6.290000000e+03  1.1404325e-11  1.14043e-11  8.08457e-15  1.13393e-11  0.00000e+00  4.34886e-17  5.68706e-14  0.00000e+00  6.48744e-22
6.300000000e+03  1.1076872e-11  1.10769e-11  7.79792e-15  1.09373e-11  0.00000e+00  5.94053e-17  1.31776e-13  0.00000e+00  8.88305e-21
6.310000000e+03  1.1500881e-11  1.15009e-11  8.04603e-15  1.12853e-11  0.00000e+00  8.66914e-17  2.07477e-13  0.00000e+00  7.37963e-22
6.320000000e+03  1.0662462e-11  1.06625e-11  7.49051e-15  1.05061e-11  0.00000e+00  2.06273e-16  1.48679e-13  0.00000e+00  1.78918e-20
6.330000000e+03  1.1468819e-11  1.14688e-11  7.99749e-15  1.12172e-11  0.00000e+00  5.96187e-14  1.84046e-13  0.00000e+00  2.89312e-21
6.340000000e+03  1.1192884e-11  1.11929e-11  7.70979e-15  1.08137e-11  0.00000e+00  1.24650e-13  2.46871e-13  0.00000e+00  1.99442e-21
6.350000000e+03  1.1402276e-11  1.14023e-11  7.87271e-15  1.10422e-11  0.00000e+00  7.04607e-14  2.81783e-13  0.00000e+00  2.51948e-20
6.360000000e+03  1.1091584e-11  1.10916e-11  7.60279e-15  1.06636e-11  0.00000e+00  1.40568e-13  2.79817e-13  0.00000e+00  8.94941e-22
6.370000000e+03  1.1311368e-11  1.13114e-11  7.77582e-15  1.09063e-11  0.00000e+00  3.51445e-14  3.62195e-13  0.00000e+00  4.15282e-20
6.380000000e+03  1.1490415e-11  1.14904e-11  7.90688e-15  1.10901e-11  0.00000e+00  3.86588e-15  3.88563e-13  0.00000e+00  8.93156e-22
6.390000000e+03  1.1370011e-11  1.13700e-11  7.80321e-15  1.09447e-11  0.00000e+00  6.81840e-16  4.16843e-13  0.00000e+00  4.60069e-20
6.400000000e+03  1.1231351e-11  1.12314e-11  7.62911e-15  1.07005e-11  0.00000e+00  9.42567e-17  5.23125e-13  0.00000e+00  1.47576e-20
6.410000000e+03  1.1370140e-11  1.13701e-11  7.67707e-15  1.07678e-11  0.00000e+00  1.69470e-18  5.94696e-13  0.00000e+00  1.07021e-20
6.420000000e+03  1.1353011e-11  1.13530e-11  7.52473e-15  1.05541e-11  0.00000e+00  5.56276e-19  7.91400e-13  0.00000e+00  9.31819e-20
6.430000000e+03  1.1657483e-11  1.16575e-11  7.74810e-15  1.08674e-11  0.00000e+00  7.32662e-18  7.82331e-13  0.00000e+00  3.81196e-20
6.440000000e+03  1.1943182e-11  1.19432e-11  7.62047e-15  1.06884e-11  0.00000e+00  1.07324e-17  1.24716e-12  0.00000e+00  9.93830e-20
6.450000000e+03  1.1734916e-11  1.17349e-11  7.70631e-15  1.08088e-11  0.00000e+00  8.45965e-18  9.18449e-13  0.00000e+00  1.26689e-19
6.460000000e+03  1.1559634e-11  1.15596e-11  7.57252e-15  1.06211e-11  0.00000e+00  2.35421e-17  9.30926e-13  0.00000e+00  1.37333e-20
6.470000000e+03  1.1649509e-11  1.16495e-11  7.47041e-15  1.04779e-11  0.00000e+00  1.72276e-15  1.16243e-12  0.00000e+00  2.15107e-19
6.480000000e+03  1.2175482e-11  1.21755e-11  7.64058e-15  1.07166e-11  0.00000e+00  3.31966e-14  1.41807e-12  0.00000e+00  1.60659e-19
6.490000000e+03  1.1683915e-11  1.16839e-11  7.69038e-15  1.07864e-11  0.00000e+00  2.81373e-14  8.61662e-13  0.00000e+00  1.83515e-19
6.500000000e+03  1.1247096e-11  1.12471e-11  7.10423e-15  9.96429e-12  0.00000e+00  4.74686e-14  1.22822e-12  0.00000e+00  2.70161e-19
6.510000000e+03  1.1851093e-11  1.18511e-11  7.64982e-15  1.07296e-11  0.00000e+00  3.00066e-14  1.08389e-12  0.00000e+00  8.29677e-20
6.520000000e+03  1.2086014e-11  1.20860e-11  7.57335e-15  1.06223e-11  0.00000e+00  8.82695e-15  1.44733e-12  0.00000e+00  2.56229e-21
6.530000000e+03  1.2296864e-11  1.22969e-11  7.64078e-15  1.07169e-11  0.00000e+00  8.01785e-16  1.57156e-12  0.00000e+00  4.74974e-21
6.540000000e+03  1.1926219e-11  1.19262e-11  7.56466e-15  1.06101e-11  0.00000e+00  8.83605e-17  1.30847e-12  0.00000e+00  4.80460e-20
6.550000000e+03  1.1459756e-11  1.14598e-11  7.41258e-15  1.03968e-11  0.00000e+00  9.95227e-18  1.05557e-12  0.00000e+00  1.88656e-19
6.560000000e+03  1.0226880e-11  1.02269e-11  6.49241e-15  9.10618e-12  0.00000e+00  3.07852e-19  1.11421e-12  0.00000e+00  1.22060e-20
6.570000000e+03  1.0712927e-11  1.07129e-11  6.65672e-15  9.33665e-12  0.00000e+00  1.52084e-19  1.36962e-12  0.00000e+00  1.01532e-20
6.580000000e+03  1.1910972e-11  1.19110e-11  7.42064e-15  1.04081e-11  0.00000e+00  3.66749e-20  1.49546e-12  0.00000e+00  4.18484e-21
6.590000000e+03  1.2104066e-11  1.21041e-11  7.44364e-15  1.04404e-11  0.00000e+00  4.10440e-19  1.65625e-12  0.00000e+00  5.29634e-21
6.600000000e+03  1.2559583e-11  1.25596e-11  7.40104e-15  1.03806e-11  0.00000e+00  2.55360e-18  2.17158e-12  0.00000e+00  4.69968e-21
6.610000000e+03  1.1369383e-11  1.13694e-11  7.43107e-15  1.04227e-11  0.00000e+00  1.11744e-18  9.39208e-13  0.00000e+00  1.24269e-21
6.620000000e+03  1.1688087e-11  1.16881e-11  7.53931e-15  1.05745e-11  0.00000e+00  1.07565e-16  1.10589e-12  0.00000e+00  1.31007e-21
6.630000000e+03  1.1609731e-11  1.16097e-11  7.42869e-15  1.04194e-11  0.00000e+00  8.59394e-15  1.17432e-12  0.00000e+00  3.14816e-20
6.640000000e+03  1.1520706e-11  1.15207e-11  7.32830e-15  1.02786e-11  0.00000e+00  9.35669e-15  1.22546e-12  0.00000e+00  2.31065e-20
6.650000000e+03  1.1903164e-11  1.19032e-11  7.37518e-15  1.03443e-11  0.00000e+00  5.03428e-15  1.54640e-12  0.00000e+00  8.84287e-21
6.660000000e+03  1.1739807e-11  1.17398e-11  7.38650e-15  1.03602e-11  0.00000e+00  1.55386e-14  1.35668e-12  0.00000e+00  9.41857e-21
6.670000000e+03  1.2067592e-11  1.20676e-11  7.31447e-15  1.02592e-11  0.00000e+00  3.96089e-15  1.79715e-12  0.00000e+00  6.14701e-21
6.680000000e+03  1.2165699e-11  1.21657e-11  7.32294e-15  1.02711e-11  0.00000e+00  7.61211e-16  1.88654e-12  0.00000e+00  4.59641e-21
6.690000000e+03  1.1156705e-11  1.11567e-11  7.41697e-15  1.04029e-11  0.00000e+00  1.56877e-16  7.46192e-13  0.00000e+00  3.82191e-21
6.700000000e+03  1.1184928e-11  1.11849e-11  7.32010e-15  1.02671e-11  0.00000e+00  9.28382e-18  9.10505e-13  0.00000e+00  5.26988e-22
6.710000000e+03  1.1048428e-11  1.10484e-11  7.29130e-15  1.02267e-11  0.00000e+00  6.58320e-19  8.14436e-13  0.00000e+00  4.19407e-21
6.720000000e+03  1.1064394e-11  1.10644e-11  7.18068e-15  1.00715e-11  0.00000e+00  1.90201e-19  9.85677e-13  0.00000e+00  2.32028e-21
6.730000000e+03  1.1178338e-11  1.11783e-11  7.26369e-15  1.01880e-11  0.00000e+00  7.16040e-21  9.83122e-13  0.00000e+00  1.07911e-21
6.740000000e+03  1.1446669e-11  1.14467e-11  7.27244e-15  1.02002e-11  0.00000e+00  0.00000e+00  1.23918e-12  0.00000e+00  1.11590e-23
6.750000000e+03  1.1327796e-11  1.13278e-11  7.16726e-15  1.00527e-11  0.00000e+00  0.00000e+00  1.26791e-12  0.00000e+00  1.08900e-21
6.760000000e+03  1.2344764e-11  1.23448e-11  7.29079e-15  1.02260e-11  0.00000e+00  3.57616e-19  2.11150e-12  0.00000e+00  0.00000e+00
6.770000000e+03  1.0304553e-11  1.03046e-11  7.15741e-15  1.00389e-11  0.00000e+00  3.98462e-19  2.58509e-13  0.00000e+00  5.50495e-22
6.780000000e+03  1.0499511e-11  1.04995e-11  7.24045e-15  1.01554e-11  0.00000e+00  8.82598e-18  3.36887e-13  0.00000e+00  9.49707e-23
6.790000000e+03  1.0421266e-11  1.04213e-11  7.14738e-15  1.00248e-11  0.00000e+00  9.30885e-16  3.88364e-13  0.00000e+00  3.23983e-22
6.800000000e+03  1.0432617e-11  1.04326e-11  7.12141e-15  9.98840e-12  0.00000e+00  2.15464e-15  4.34938e-13  0.00000e+00  0.00000e+00
6.810000000e+03  1.0314022e-11  1.03140e-11  7.08455e-15  9.93671e-12  0.00000e+00  8.81942e-16  3.69357e-13  0.00000e+00  2.13673e-22
6.820000000e+03  1.0442696e-11  1.04427e-11  7.10227e-15  9.96156e-12  0.00000e+00  3.09539e-15  4.70938e-13  0.00000e+00  0.00000e+00
6.830000000e+03  1.0508131e-11  1.05081e-11  7.13367e-15  1.00056e-11  0.00000e+00  1.08569e-15  4.94308e-13  0.00000e+00  8.42218e-23
6.840000000e+03  1.0392803e-11  1.03928e-11  7.00614e-15  9.82672e-12  0.00000e+00  2.10821e-16  5.58859e-13  0.00000e+00  1.25463e-22
6.850000000e+03  1.0569487e-11  1.05695e-11  7.08714e-15  9.94031e-12  0.00000e+00  2.55014e-17  6.22066e-13  0.00000e+00  0.00000e+00
6.860000000e+03  1.0417555e-11  1.04176e-11  6.83069e-15  9.58065e-12  0.00000e+00  5.57129e-18  8.30056e-13  0.00000e+00  0.00000e+00
6.870000000e+03  9.9965184e-12  9.99652e-12  7.12175e-15  9.98886e-12  0.00000e+00  3.92733e-19  5.32515e-16  0.00000e+00  5.55333e-23
6.880000000e+03  9.8866722e-12  9.88667e-12  7.04350e-15  9.87912e-12  0.00000e+00  3.17504e-20  5.21109e-16  0.00000e+00  0.00000e+00
6.890000000e+03  9.8669402e-12  9.86694e-12  7.02936e-15  9.85928e-12  0.00000e+00  7.50037e-21  6.29006e-16  0.00000e+00  8.19353e-24
6.900000000e+03  9.9096530e-12  9.90965e-12  7.05469e-15  9.89481e-12  0.00000e+00  0.00000e+00  7.77377e-15  0.00000e+00  2.38031e-23
6.910000000e+03  9.8507521e-12  9.85075e-12  7.00162e-15  9.82039e-12  0.00000e+00  8.68942e-16  2.24966e-14  0.00000e+00  4.95498e-24
6.920000000e+03  9.8092206e-12  9.80922e-12  6.89690e-15  9.67351e-12  0.00000e+00  1.00078e-13  2.87226e-14  0.00000e+00  0.00000e+00
6.930000000e+03  1.1483050e-11  1.14831e-11  6.92546e-15  9.71355e-12  0.00000e+00  1.73062e-12  3.19604e-14  0.00000e+00  0.00000e+00
6.940000000e+03  1.0696684e-11  1.06967e-11  6.96985e-15  9.77583e-12  0.00000e+00  8.88183e-13  2.57012e-14  0.00000e+00  0.00000e+00
6.950000000e+03  1.0528657e-11  1.05287e-11  6.83933e-15  9.59276e-12  0.00000e+00  8.88231e-13  4.08249e-14  0.00000e+00  1.61868e-23
6.960000000e+03  1.1716273e-11  1.17163e-11  6.90587e-15  9.68610e-12  0.00000e+00  1.99322e-12  3.00540e-14  0.00000e+00  0.00000e+00
6.970000000e+03  1.0188542e-11  1.01885e-11  6.88935e-15  9.66292e-12  0.00000e+00  4.86094e-13  3.26437e-14  0.00000e+00  0.00000e+00
6.980000000e+03  9.6261314e-12  9.62613e-12  6.76590e-15  9.48976e-12  0.00000e+00  7.96295e-14  4.99672e-14  0.00000e+00  1.18762e-23
6.990000000e+03  9.7651973e-12  9.76520e-12  6.91732e-15  9.70216e-12  0.00000e+00  1.70132e-14  3.91193e-14  0.00000e+00  1.93875e-24
7.000000000e+03  9.6316689e-12  9.63167e-12  6.82756e-15  9.57624e-12  0.00000e+00  3.10177e-15  4.55144e-14  0.00000e+00  0.00000e+00
7.010000000e+03  9.4450356e-12  9.44504e-12  6.69410e-15  9.38907e-12  0.00000e+00  3.75897e-16  4.88861e-14  0.00000e+00  9.20340e-24
7.020000000e+03  9.4029873e-12  9.40299e-12  6.65992e-15  9.34111e-12  0.00000e+00  2.90412e-17  5.51867e-14  0.00000e+00  3.79886e-24
7.030000000e+03  9.4758058e-12  9.47581e-12  6.69811e-15  9.39468e-12  0.00000e+00  1.41114e-18  7.44366e-14  0.00000e+00  0.00000e+00
7.040000000e+03  9.5582412e-12  9.55824e-12  6.73718e-15  9.44948e-12  0.00000e+00  3.63006e-19  1.02017e-13  0.00000e+00  1.04968e-23
7.050000000e+03  9.6466018e-12  9.64660e-12  6.81748e-15  9.56212e-12  0.00000e+00  1.41618e-19  7.76615e-14  0.00000e+00  0.00000e+00
7.060000000e+03  9.5590349e-12  9.55903e-12  6.70870e-15  9.40956e-12  0.00000e+00  3.16461e-19  1.42772e-13  0.00000e+00  0.00000e+00
7.070000000e+03  9.4104814e-12  9.41048e-12  6.61739e-15  9.28146e-12  0.00000e+00  0.00000e+00  1.22402e-13  0.00000e+00  5.49327e-24
7.080000000e+03  9.6884286e-12  9.68843e-12  6.79527e-15  9.53094e-12  0.00000e+00  3.35142e-14  1.17178e-13  0.00000e+00  1.09806e-23
7.090000000e+03  1.0064667e-11  1.00647e-11  6.56956e-15  9.21438e-12  0.00000e+00  6.93729e-13  1.49995e-13  0.00000e+00  2.24434e-23
7.100000000e+03  1.0241388e-11  1.02414e-11  6.71298e-15  9.41554e-12  0.00000e+00  6.73953e-13  1.45186e-13  0.00000e+00  1.57306e-23
7.110000000e+03  9.8844757e-12  9.88448e-12  6.65403e-15  9.33286e-12  0.00000e+00  3.45516e-13  1.99436e-13  0.00000e+00  1.58398e-23
7.120000000e+03  1.0490300e-11  1.04903e-11  6.59546e-15  9.25071e-12  0.00000e+00  1.04208e-12  1.90916e-13  0.00000e+00  1.61880e-23
7.130000000e+03  9.6841647e-12  9.68416e-12  6.48580e-15  9.09689e-12  0.00000e+00  4.03516e-13  1.77270e-13  0.00000e+00  5.09757e-23
7.140000000e+03  9.7510027e-12  9.75100e-12  6.64439e-15  9.31935e-12  0.00000e+00  1.03225e-13  3.21779e-13  0.00000e+00  8.84545e-24
7.150000000e+03  9.1813199e-12  9.18132e-12  6.40825e-15  8.98813e-12  0.00000e+00  2.30059e-14  1.63787e-13  0.00000e+00  5.13462e-23
7.160000000e+03  9.4020090e-12  9.40201e-12  6.57824e-15  9.22654e-12  0.00000e+00  4.33391e-15  1.64556e-13  0.00000e+00  4.05502e-23
7.170000000e+03  9.1810430e-12  9.18104e-12  6.41905e-15  9.00327e-12  0.00000e+00  5.81609e-16  1.70760e-13  0.00000e+00  2.33529e-23
7.180000000e+03  9.2110380e-12  9.21104e-12  6.41364e-15  8.99568e-12  0.00000e+00  5.14535e-17  2.08878e-13  0.00000e+00  3.32992e-23
7.190000000e+03  9.0414234e-12  9.04142e-12  6.30225e-15  8.83943e-12  0.00000e+00  1.47273e-17  1.95667e-13  0.00000e+00  2.00527e-23
7.200000000e+03  9.2373413e-12  9.23734e-12  6.42627e-15  9.01340e-12  0.00000e+00  7.97166e-19  2.17505e-13  0.00000e+00  0.00000e+00
7.210000000e+03  9.1267383e-12  9.12674e-12  6.33483e-15  8.88515e-12  0.00000e+00  1.59704e-19  2.35255e-13  0.00000e+00  3.83732e-23
7.220000000e+03  9.3230992e-12  9.32310e-12  6.42452e-15  9.01095e-12  0.00000e+00  0.00000e+00  3.05725e-13  0.00000e+00  2.63801e-23
7.230000000e+03  9.1337156e-12  9.13372e-12  6.40656e-15  8.98575e-12  0.00000e+00  0.00000e+00  1.41564e-13  0.00000e+00  8.08557e-23
7.240000000e+03  9.2475119e-12  9.24751e-12  6.46328e-15  9.06529e-12  0.00000e+00  0.00000e+00  1.75756e-13  0.00000e+00  6.29182e-24
7.250000000e+03  9.1314083e-12  9.13141e-12  6.39347e-15  8.96741e-12  0.00000e+00  9.12648e-15  1.48480e-13  0.00000e+00  4.51955e-23
7.260000000e+03  9.2869576e-12  9.28696e-12  6.38025e-15  8.94885e-12  0.00000e+00  1.73601e-13  1.58137e-13  0.00000e+00  2.65827e-23
7.270000000e+03  9.5493996e-12  9.54940e-12  6.46882e-15  9.07308e-12  0.00000e+00  1.97969e-13  2.71873e-13  0.00000e+00  1.00280e-22
7.280000000e+03  9.2037654e-12  9.20377e-12  6.36283e-15  8.92442e-12  0.00000e+00  9.09525e-14  1.82042e-13  0.00000e+00  1.24381e-22
7.290000000e+03  8.9961264e-12  8.99613e-12  6.06851e-15  8.51163e-12  0.00000e+00  2.44905e-13  2.33538e-13  0.00000e+00  1.61508e-23
7.300000000e+03  9.2989002e-12  9.29890e-12  6.34112e-15  8.89398e-12  0.00000e+00  1.43645e-13  2.54937e-13  0.00000e+00  1.47287e-23
7.310000000e+03  9.1446799e-12  9.14468e-12  6.22980e-15  8.73784e-12  0.00000e+00  2.94621e-14  3.71148e-13  0.00000e+00  8.45330e-23
7.320000000e+03  9.0399836e-12  9.03998e-12  6.34014e-15  8.89261e-12  0.00000e+00  6.31033e-15  1.34718e-13  0.00000e+00  5.00270e-22
7.330000000e+03  8.8849697e-12  8.88497e-12  6.23480e-15  8.74485e-12  0.00000e+00  1.41494e-15  1.32457e-13  0.00000e+00  7.78765e-23
7.340000000e+03  9.0786356e-12  9.07864e-12  6.36807e-15  8.93176e-12  0.00000e+00  1.51770e-16  1.40350e-13  0.00000e+00  5.21792e-23
7.350000000e+03  9.0118530e-12  9.01185e-12  6.30160e-15  8.83853e-12  0.00000e+00  6.46638e-17  1.66959e-13  0.00000e+00  8.05715e-23
7.360000000e+03  8.8773094e-12  8.87731e-12  6.21414e-15  8.71589e-12  0.00000e+00  7.11506e-18  1.55192e-13  0.00000e+00  3.93530e-22
7.370000000e+03  8.9538935e-12  8.95389e-12  6.26753e-15  8.79076e-12  0.00000e+00  2.81515e-18  1.56876e-13  0.00000e+00  3.91273e-22
7.380000000e+03  8.9400681e-12  8.94007e-12  6.25656e-15  8.77538e-12  0.00000e+00  8.86070e-19  1.58430e-13  0.00000e+00  1.86218e-22
7.390000000e+03  8.6465051e-12  8.64651e-12  6.00820e-15  8.42703e-12  0.00000e+00  8.56374e-19  2.13463e-13  0.00000e+00  9.05637e-23
7.400000000e+03  8.7731115e-12  8.77311e-12  6.10834e-15  8.56748e-12  0.00000e+00  1.07479e-19  1.99510e-13  0.00000e+00  4.93014e-22
7.410000000e+03  8.7211326e-12  8.72113e-12  6.05527e-15  8.49304e-12  0.00000e+00  0.00000e+00  2.22031e-13  0.00000e+00  8.51091e-22
7.420000000e+03  8.6521349e-12  8.65213e-12  5.94253e-15  8.33493e-12  0.00000e+00  2.07669e-17  3.11250e-13  0.00000e+00  5.43952e-23
7.430000000e+03  8.6684337e-12  8.66843e-12  6.12039e-15  8.58437e-12  0.00000e+00  3.32287e-15  7.46129e-14  0.00000e+00  1.24788e-23
7.440000000e+03  8.7667249e-12  8.76672e-12  6.16445e-15  8.64619e-12  0.00000e+00  3.06868e-14  8.36828e-14  0.00000e+00  1.11025e-21
7.450000000e+03  8.5689058e-12  8.56891e-12  6.02367e-15  8.44872e-12  0.00000e+00  3.62791e-14  7.78920e-14  0.00000e+00  1.11742e-21
7.460000000e+03  8.6827021e-12  8.68270e-12  6.10164e-15  8.55809e-12  3.28785e-18  1.32796e-14  1.05235e-13  0.00000e+00  1.95910e-22
7.470000000e+03  8.8180209e-12  8.81802e-12  6.18766e-15  8.67873e-12  3.67659e-17  5.38303e-14  7.92489e-14  0.00000e+00  2.96404e-22
7.480000000e+03  8.6669570e-12  8.66696e-12  6.08434e-15  8.53383e-12  2.21156e-17  2.52624e-14  1.01760e-13  0.00000e+00  3.20439e-21
7.490000000e+03  8.6852309e-12  8.68523e-12  6.08732e-15  8.53799e-12  9.12965e-18  9.94327e-15  1.31200e-13  0.00000e+00  6.25632e-23
7.500000000e+03  8.5031569e-12  8.50316e-12  5.97850e-15  8.38536e-12  7.27111e-18  1.04325e-15  1.10758e-13  0.00000e+00  3.87302e-22
7.510000000e+03  8.5213753e-12  8.52138e-12  5.98057e-15  8.38829e-12  0.00000e+00  1.70605e-16  1.26943e-13  0.00000e+00  1.87565e-21
7.520000000e+03  8.6346363e-12  8.63464e-12  6.06075e-15  8.50072e-12  0.00000e+00  9.45031e-17  1.27761e-13  0.00000e+00  3.97074e-21
7.530000000e+03  8.5608395e-12  8.56084e-12  5.99859e-15  8.41352e-12  2.64711e-17  8.87755e-18  1.41284e-13  0.00000e+00  2.22590e-22
7.540000000e+03  8.7738868e-12  8.77389e-12  6.09806e-15  8.55305e-12  0.00000e+00  3.36806e-18  2.14731e-13  0.00000e+00  1.39188e-21
7.550000000e+03  8.5404060e-12  8.54041e-12  6.06456e-15  8.50607e-12  0.00000e+00  7.74287e-19  2.82676e-14  0.00000e+00  5.67235e-21
7.560000000e+03  8.3543080e-12  8.35431e-12  5.92909e-15  8.31606e-12  9.79706e-18  3.80735e-19  3.22954e-14  0.00000e+00  1.03543e-21
7.570000000e+03  8.4198170e-12  8.41982e-12  5.98159e-15  8.38969e-12  1.34730e-17  7.30040e-20  2.41307e-14  0.00000e+00  2.58708e-21
7.580000000e+03  8.4472278e-12  8.44723e-12  5.99608e-15  8.41002e-12  0.00000e+00  4.43861e-21  3.12018e-14  0.00000e+00  7.58084e-21
7.590000000e+03  8.3039349e-12  8.30393e-12  5.89251e-15  8.26475e-12  1.59232e-17  0.00000e+00  3.32645e-14  0.00000e+00  3.59216e-21
7.600000000e+03  8.3860934e-12  8.38609e-12  5.94576e-15  8.33943e-12  2.08196e-17  0.00000e+00  4.06938e-14  0.00000e+00  1.19363e-22
7.610000000e+03  8.3787285e-12  8.37873e-12  5.94122e-15  8.33306e-12  0.00000e+00  7.23835e-17  3.96450e-14  0.00000e+00  1.23670e-20
7.620000000e+03  8.1795620e-12  8.17956e-12  5.79700e-15  8.13079e-12  1.95335e-17  6.73499e-16  4.22772e-14  0.00000e+00  1.51594e-21
7.630000000e+03  8.4124705e-12  8.41247e-12  5.95678e-15  8.35490e-12  2.33346e-17  9.02529e-15  4.25665e-14  0.00000e+00  1.01805e-20
7.640000000e+03  8.4314089e-12  8.43141e-12  5.96998e-15  8.37339e-12  0.00000e+00  3.55914e-15  4.84789e-14  0.00000e+00  7.48119e-21
7.650000000e+03  8.4293600e-12  8.42936e-12  5.96981e-15  8.37319e-12  0.00000e+00  3.00873e-15  4.71964e-14  0.00000e+00  1.52122e-20
7.660000000e+03  7.9726429e-12  7.97264e-12  5.63459e-15  7.90300e-12  1.83904e-17  9.45740e-15  5.45392e-14  0.00000e+00  8.35890e-21
7.670000000e+03  8.0699927e-12  8.06999e-12  5.67438e-15  7.95882e-12  2.14404e-17  3.30002e-15  1.02179e-13  0.00000e+00  9.53615e-21
7.680000000e+03  8.2377983e-12  8.23780e-12  5.86594e-15  8.22750e-12  0.00000e+00  9.38558e-16  3.50313e-15  0.00000e+00  1.22719e-20
7.690000000e+03  8.1611958e-12  8.16120e-12  5.81424e-15  8.15499e-12  1.49340e-17  2.20305e-16  1.52073e-16  0.00000e+00  5.16583e-21
7.700000000e+03  8.1202919e-12  8.12029e-12  5.78283e-15  8.11092e-12  1.79358e-17  3.62299e-17  3.54504e-15  0.00000e+00  1.02683e-21
7.710000000e+03  8.0887834e-12  8.08878e-12  5.76086e-15  8.08011e-12  0.00000e+00  1.69767e-17  2.89366e-15  0.00000e+00  1.66278e-21
7.720000000e+03  8.0604866e-12  8.06049e-12  5.74015e-15  8.05105e-12  0.00000e+00  1.56580e-18  3.68835e-15  0.00000e+00  2.06351e-21
7.730000000e+03  8.0314699e-12  8.03147e-12  5.71933e-15  8.02187e-12  0.00000e+00  5.64740e-19  3.89047e-15  0.00000e+00  7.55137e-21
7.740000000e+03  8.1169878e-12  8.11699e-12  5.78085e-15  8.10816e-12  2.48715e-17  2.19371e-20  3.02039e-15  0.00000e+00  8.17009e-21
7.750000000e+03  7.7782201e-12  7.77822e-12  5.53886e-15  7.76873e-12  0.00000e+00  3.90462e-20  3.94263e-15  0.00000e+00  1.80637e-22
7.760000000e+03  8.1282660e-12  8.12827e-12  5.78853e-15  8.11893e-12  0.00000e+00  9.95750e-21  3.55668e-15  0.00000e+00  1.80384e-22
7.770000000e+03  8.0677776e-12  8.06778e-12  5.74480e-15  8.05759e-12  0.00000e+00  0.00000e+00  4.45118e-15  0.00000e+00  1.57324e-22
7.780000000e+03  8.0134360e-12  8.01344e-12  5.70853e-15  8.00670e-12  7.59218e-18  0.00000e+00  1.01755e-15  0.00000e+00  1.33573e-22
7.790000000e+03  8.0622401e-12  8.06224e-12  5.73716e-15  8.04686e-12  8.83687e-18  0.00000e+00  9.62681e-15  0.00000e+00  2.03604e-23
7.800000000e+03  7.9535199e-12  7.95352e-12  5.66286e-15  7.94265e-12  0.00000e+00  0.00000e+00  5.20310e-15  0.00000e+00  1.22161e-22
7.810000000e+03  7.9461365e-12  7.94614e-12  5.65620e-15  7.93331e-12  0.00000e+00  1.84481e-17  7.15479e-15  0.00000e+00  7.88545e-23
7.820000000e+03  8.0365275e-12  8.03653e-12  5.72018e-15  8.02303e-12  0.00000e+00  5.22514e-16  7.25155e-15  0.00000e+00  2.40046e-23
7.830000000e+03  7.9568793e-12  7.95688e-12  5.65936e-15  7.93774e-12  0.00000e+00  5.73733e-16  1.29059e-14  0.00000e+00  2.04115e-23
7.840000000e+03  7.8167983e-12  7.81680e-12  5.56092e-15  7.79967e-12  0.00000e+00  3.28848e-16  1.12403e-14  0.00000e+00  2.49658e-23
7.850000000e+03  7.9397130e-12  7.93971e-12  5.64699e-15  7.92039e-12  1.87881e-17  8.59728e-16  1.27936e-14  0.00000e+00  9.82294e-24
7.860000000e+03  8.0227944e-12  8.02279e-12  5.55073e-15  7.78540e-12  3.94850e-17  2.22697e-13  9.12235e-15  0.00000e+00  9.71377e-24
7.870000000e+03  8.9219419e-12  8.92194e-12  5.64188e-15  7.91323e-12  1.78649e-17  9.90373e-13  1.26840e-14  0.00000e+00  0.00000e+00
7.880000000e+03  1.8777955e-11  1.87780e-11  5.56302e-15  7.80262e-12  6.87560e-18  1.09579e-11  1.19133e-14  0.00000e+00  2.78999e-24
7.890000000e+03  1.2724011e-11  1.27240e-11  5.61799e-15  7.87972e-12  0.00000e+00  4.82524e-12  1.34246e-14  0.00000e+00  4.32921e-24
7.900000000e+03  1.1894618e-11  1.18946e-11  5.55409e-15  7.79009e-12  0.00000e+00  4.08400e-12  1.49863e-14  0.00000e+00  0.00000e+00
7.910000000e+03  1.8935774e-11  1.89358e-11  5.53587e-15  7.76454e-12  0.00000e+00  1.11498e-11  1.58561e-14  0.00000e+00  0.00000e+00
7.920000000e+03  1.2529238e-11  1.25292e-11  5.44950e-15  7.64340e-12  2.31886e-17  4.86217e-12  1.81908e-14  0.00000e+00  0.00000e+00
7.930000000e+03  9.5618037e-12  9.56180e-12  5.42721e-15  7.61211e-12  0.00000e+00  1.93164e-12  1.26196e-14  0.00000e+00  0.00000e+00
7.940000000e+03  8.0145066e-12  8.01451e-12  5.35597e-15  7.51222e-12  0.00000e+00  4.74836e-13  2.20877e-14  0.00000e+00  0.00000e+00
7.950000000e+03  7.6411477e-12  7.64115e-12  5.35998e-15  7.51783e-12  8.86725e-18  9.61039e-14  2.18537e-14  0.00000e+00  0.00000e+00
7.960000000e+03  7.7256320e-12  7.72563e-12  5.45412e-15  7.64988e-12  0.00000e+00  4.71652e-14  2.31210e-14  0.00000e+00  0.00000e+00
7.970000000e+03  7.7297113e-12  7.72971e-12  5.48489e-15  7.69303e-12  1.15413e-17  5.53266e-15  2.56480e-14  0.00000e+00  0.00000e+00
7.980000000e+03  7.7026143e-12  7.70261e-12  5.46879e-15  7.67046e-12  1.47261e-17  1.67783e-15  2.50007e-14  0.00000e+00  0.00000e+00
7.990000000e+03  7.7116221e-12  7.71162e-12  5.47348e-15  7.67703e-12  0.00000e+00  1.24603e-16  2.89971e-14  0.00000e+00  0.00000e+00
8.000000000e+03  7.5152981e-12  7.51530e-12  5.33355e-15  7.48076e-12  1.81868e-17  2.84936e-17  2.91557e-14  0.00000e+00  0.00000e+00
8.010000000e+03  7.6574096e-12  7.65741e-12  5.43767e-15  7.62681e-12  0.00000e+00  5.86537e-18  2.51670e-14  0.00000e+00  0.00000e+00
8.020000000e+03  7.6598277e-12  7.65983e-12  5.43226e-15  7.61922e-12  1.79591e-17  6.98093e-18  3.51598e-14  0.00000e+00  0.00000e+00
8.030000000e+03  7.5466590e-12  7.54666e-12  5.35273e-15  7.50767e-12  2.09765e-17  6.62385e-17  3.35480e-14  0.00000e+00  0.00000e+00
8.040000000e+03  7.6024404e-12  7.60244e-12  5.38807e-15  7.55725e-12  0.00000e+00  5.69430e-17  3.97410e-14  0.00000e+00  0.00000e+00
8.050000000e+03  7.3993237e-12  7.39932e-12  5.22643e-15  7.33053e-12  2.30232e-18  1.75705e-14  4.60093e-14  0.00000e+00  0.00000e+00
8.060000000e+03  7.8012193e-12  7.80122e-12  5.37530e-15  7.53933e-12  1.53875e-17  2.37316e-13  1.91706e-14  0.00000e+00  0.00000e+00
8.070000000e+03  1.0671082e-11  1.06711e-11  5.34604e-15  7.49830e-12  2.01841e-17  3.15008e-12  1.73373e-14  0.00000e+00  0.00000e+00
8.080000000e+03  1.0242957e-11  1.02430e-11  5.30935e-15  7.44684e-12  0.00000e+00  2.77327e-12  1.75370e-14  0.00000e+00  0.00000e+00
8.090000000e+03  8.1835490e-12  8.18355e-12  5.21109e-15  7.30903e-12  0.00000e+00  8.45928e-13  2.33898e-14  0.00000e+00  0.00000e+00
8.100000000e+03  9.0123883e-12  9.01239e-12  5.20960e-15  7.30692e-12  1.50441e-17  1.68347e-12  1.67796e-14  0.00000e+00  0.00000e+00
8.110000000e+03  1.1869552e-11  1.18696e-11  5.30091e-15  7.43499e-12  1.74388e-17  4.40357e-12  2.56681e-14  0.00000e+00  0.00000e+00
8.120000000e+03  9.2338895e-12  9.23389e-12  5.28997e-15  7.41963e-12  0.00000e+00  1.78855e-12  2.04150e-14  0.00000e+00  0.00000e+00
8.130000000e+03  7.9083337e-12  7.90833e-12  5.27974e-15  7.40529e-12  0.00000e+00  4.63558e-13  3.42155e-14  0.00000e+00  0.00000e+00
8.140000000e+03  7.6403171e-12  7.64032e-12  5.28480e-15  7.41239e-12  1.17740e-17  2.00573e-13  2.20722e-14  0.00000e+00  0.00000e+00
8.150000000e+03  7.4325674e-12  7.43257e-12  5.24334e-15  7.35425e-12  1.35914e-17  4.08424e-14  3.22222e-14  0.00000e+00  0.00000e+00
8.160000000e+03  7.3516640e-12  7.35166e-12  5.21349e-15  7.31238e-12  0.00000e+00  6.71893e-15  2.73477e-14  0.00000e+00  0.00000e+00
8.170000000e+03  7.3922172e-12  7.39222e-12  5.23913e-15  7.34834e-12  0.00000e+00  2.24997e-15  3.63923e-14  0.00000e+00  0.00000e+00
8.180000000e+03  7.3287940e-12  7.32879e-12  5.18699e-15  7.27521e-12  0.00000e+00  2.00979e-16  4.82057e-14  0.00000e+00  0.00000e+00
8.190000000e+03  7.1646616e-12  7.16466e-12  5.09440e-15  7.14535e-12  8.33705e-18  5.01232e-17  1.41626e-14  0.00000e+00  0.00000e+00
8.200000000e+03  6.9572810e-12  6.95728e-12  4.94389e-15  6.93424e-12  9.29362e-18  1.13725e-17  1.80766e-14  0.00000e+00  0.00000e+00
8.210000000e+03  7.1424561e-12  7.14246e-12  5.08227e-15  7.12834e-12  0.00000e+00  2.25138e-18  9.04488e-15  0.00000e+00  0.00000e+00
8.220000000e+03  7.0232146e-12  7.02321e-12  4.99160e-15  7.00116e-12  0.00000e+00  3.97552e-19  1.70734e-14  0.00000e+00  0.00000e+00
8.230000000e+03  7.1816987e-12  7.18170e-12  5.10204e-15  7.15606e-12  0.00000e+00  1.23283e-19  2.05411e-14  0.00000e+00  0.00000e+00
8.240000000e+03  7.1514269e-12  7.15143e-12  5.08253e-15  7.12870e-12  2.84985e-18  2.58219e-19  1.76524e-14  0.00000e+00  0.00000e+00
8.250000000e+03  7.1503932e-12  7.15039e-12  5.08707e-15  7.13505e-12  3.10338e-18  4.77278e-16  9.76479e-15  0.00000e+00  0.00000e+00
8.260000000e+03  7.2352467e-12  7.23525e-12  5.11731e-15  7.17747e-12  0.00000e+00  3.24440e-14  2.02048e-14  0.00000e+00  0.00000e+00
8.270000000e+03  7.6351118e-12  7.63511e-12  5.11262e-15  7.17090e-12  0.00000e+00  4.37866e-13  2.12296e-14  0.00000e+00  0.00000e+00
8.280000000e+03  7.8433046e-12  7.84330e-12  5.11441e-15  7.17341e-12  1.67104e-17  6.44096e-13  2.06725e-14  0.00000e+00  0.00000e+00
8.290000000e+03  7.4438824e-12  7.44388e-12  5.09639e-15  7.14814e-12  1.42741e-17  2.69080e-13  2.15559e-14  0.00000e+00  0.00000e+00
8.300000000e+03  7.3347930e-12  7.33479e-12  5.02675e-15  7.05044e-12  6.58673e-18  2.59444e-13  1.98685e-14  0.00000e+00  0.00000e+00
8.310000000e+03  7.8820673e-12  7.88207e-12  4.93114e-15  6.91634e-12  0.00000e+00  9.34783e-13  2.60188e-14  0.00000e+00  0.00000e+00
8.320000000e+03  7.4686352e-12  7.46864e-12  5.03334e-15  7.05969e-12  0.00000e+00  3.80028e-13  2.38812e-14  0.00000e+00  0.00000e+00
8.330000000e+03  7.0889266e-12  7.08893e-12  4.86718e-15  6.82663e-12  0.00000e+00  2.15851e-13  4.15706e-14  0.00000e+00  0.00000e+00
8.340000000e+03  7.0030026e-12  7.00300e-12  4.93676e-15  6.92424e-12  0.00000e+00  6.54021e-14  8.40703e-15  0.00000e+00  0.00000e+00
8.350000000e+03  6.9628001e-12  6.96280e-12  4.93961e-15  6.92825e-12  1.12003e-17  2.21014e-14  7.50251e-15  0.00000e+00  0.00000e+00
8.360000000e+03  7.0202243e-12  7.02022e-12  4.99395e-15  7.00444e-12  0.00000e+00  3.49721e-15  7.29573e-15  0.00000e+00  0.00000e+00
8.370000000e+03  6.9746135e-12  6.97461e-12  4.95997e-15  6.95678e-12  0.00000e+00  1.25153e-15  1.16046e-14  0.00000e+00  0.00000e+00
8.380000000e+03  6.9699066e-12  6.96991e-12  4.95997e-15  6.95678e-12  0.00000e+00  5.44483e-16  7.62359e-15  0.00000e+00  0.00000e+00
8.390000000e+03  6.7685989e-12  6.76860e-12  4.81677e-15  6.75594e-12  6.03229e-18  4.20144e-17  7.79040e-15  0.00000e+00  0.00000e+00
8.400000000e+03  6.9315500e-12  6.93155e-12  4.93304e-15  6.91902e-12  8.41243e-18  1.06633e-17  7.58426e-15  0.00000e+00  0.00000e+00
8.410000000e+03  6.9642214e-12  6.96422e-12  4.95220e-15  6.94589e-12  0.00000e+00  2.45322e-18  1.33696e-14  0.00000e+00  0.00000e+00
8.420000000e+03  6.8575870e-12  6.85759e-12  4.88165e-15  6.84694e-12  9.94818e-18  4.63717e-18  5.74764e-15  0.00000e+00  0.00000e+00
8.430000000e+03  6.8819521e-12  6.88195e-12  4.89355e-15  6.86362e-12  1.20907e-17  4.06885e-18  1.34078e-14  0.00000e+00  0.00000e+00
8.440000000e+03  6.7245940e-12  6.72459e-12  4.78550e-15  6.71206e-12  0.00000e+00  6.98912e-18  7.72774e-15  0.00000e+00  0.00000e+00
8.450000000e+03  6.8229590e-12  6.82296e-12  4.85287e-15  6.80657e-12  0.00000e+00  3.06859e-18  1.15480e-14  0.00000e+00  0.00000e+00
8.460000000e+03  6.8747349e-12  6.87473e-12  4.88929e-15  6.85766e-12  1.19670e-17  6.68445e-18  1.21682e-14  0.00000e+00  0.00000e+00
8.470000000e+03  6.6526799e-12  6.65268e-12  4.72870e-15  6.63241e-12  1.39231e-17  2.09298e-15  1.34323e-14  0.00000e+00  0.00000e+00
8.480000000e+03  6.8479517e-12  6.84795e-12  4.86365e-15  6.82170e-12  0.00000e+00  8.47530e-15  1.29180e-14  0.00000e+00  2.29608e-24
8.490000000e+03  6.9518912e-12  6.95189e-12  4.87057e-15  6.83141e-12  0.00000e+00  1.01209e-13  1.44085e-14  0.00000e+00  0.00000e+00
8.500000000e+03  6.0225641e-12  6.02256e-12  4.22857e-15  5.93094e-12  1.20183e-17  6.43038e-14  2.30740e-14  0.00000e+00  0.00000e+00
8.510000000e+03  6.7810952e-12  6.78110e-12  4.81501e-15  6.75348e-12  1.35660e-17  2.06766e-14  2.12110e-15  0.00000e+00  0.00000e+00
8.520000000e+03  6.6111484e-12  6.61115e-12  4.67547e-15  6.55773e-12  0.00000e+00  4.63632e-14  2.36883e-15  0.00000e+00  0.00000e+00
8.530000000e+03  6.6842992e-12  6.68430e-12  4.68710e-15  6.57407e-12  0.00000e+00  1.03104e-13  2.44321e-15  0.00000e+00  0.00000e+00
8.540000000e+03  5.6451998e-12  5.64520e-12  3.98946e-15  5.59557e-12  1.05238e-17  4.36123e-14  2.02783e-15  0.00000e+00  0.00000e+00
8.550000000e+03  5.6035022e-12  5.60350e-12  3.97774e-15  5.57912e-12  1.16552e-17  1.85448e-14  1.85535e-15  0.00000e+00  7.22290e-24
8.560000000e+03  6.6139172e-12  6.61392e-12  4.70827e-15  6.60377e-12  0.00000e+00  3.14888e-15  2.30461e-15  0.00000e+00  5.92531e-24
8.570000000e+03  6.7120238e-12  6.71202e-12  4.77856e-15  6.70233e-12  0.00000e+00  2.48541e-15  2.41588e-15  0.00000e+00  0.00000e+00
8.580000000e+03  6.5974707e-12  6.59747e-12  4.69839e-15  6.58990e-12  0.00000e+00  4.87031e-16  2.38062e-15  0.00000e+00  0.00000e+00
8.590000000e+03  6.5758743e-12  6.57587e-12  4.68189e-15  6.56677e-12  8.24345e-18  2.36161e-16  4.18672e-15  0.00000e+00  3.47888e-24
8.600000000e+03  6.5364471e-12  6.53645e-12  4.65538e-15  6.52960e-12  8.97929e-18  2.03977e-17  2.17762e-15  0.00000e+00  3.01925e-24
8.610000000e+03  6.5322570e-12  6.53226e-12  4.65238e-15  6.52535e-12  0.00000e+00  5.80285e-18  2.24933e-15  0.00000e+00  8.95183e-24
8.620000000e+03  6.5119527e-12  6.51195e-12  4.63635e-15  6.50289e-12  0.00000e+00  1.46963e-18  4.42715e-15  0.00000e+00  0.00000e+00
8.630000000e+03  6.6284255e-12  6.62843e-12  4.71964e-15  6.61971e-12  0.00000e+00  3.30578e-19  4.00074e-15  0.00000e+00  2.45196e-23
8.640000000e+03  6.6205253e-12  6.62053e-12  4.71489e-15  6.61305e-12  0.00000e+00  8.28422e-20  2.75245e-15  0.00000e+00  1.15331e-23
8.650000000e+03  6.5087779e-12  6.50878e-12  4.63484e-15  6.50077e-12  1.20876e-17  2.84703e-18  3.35757e-15  0.00000e+00  3.18192e-23
8.660000000e+03  5.5311267e-12  5.53113e-12  3.93772e-15  5.52300e-12  0.00000e+00  5.94426e-18  4.18418e-15  0.00000e+00  3.33461e-24
8.670000000e+03  5.7633338e-12  5.76333e-12  4.10313e-15  5.75499e-12  0.00000e+00  5.35788e-18  4.23529e-15  0.00000e+00  3.93228e-24
8.680000000e+03  6.2948446e-12  6.29484e-12  4.48167e-15  6.28595e-12  0.00000e+00  5.73585e-18  4.41092e-15  0.00000e+00  3.54465e-23
8.690000000e+03  6.1626083e-12  6.16261e-12  4.38626e-15  6.15212e-12  0.00000e+00  4.19957e-17  6.04724e-15  0.00000e+00  2.30952e-23
8.700000000e+03  6.4488618e-12  6.44886e-12  4.59410e-15  6.44364e-12  0.00000e+00  6.26616e-16  1.04677e-17  0.00000e+00  6.02849e-23
8.710000000e+03  6.4390973e-12  6.43910e-12  4.58386e-15  6.42926e-12  0.00000e+00  5.09492e-15  1.50346e-16  0.00000e+00  1.25833e-23
8.720000000e+03  6.4424198e-12  6.44242e-12  4.58596e-15  6.43221e-12  0.00000e+00  5.43955e-15  1.77593e-16  0.00000e+00  5.12617e-23
8.730000000e+03  6.4368453e-12  6.43685e-12  4.58393e-15  6.42937e-12  0.00000e+00  2.89299e-15  3.27545e-18  0.00000e+00  5.29892e-24
8.740000000e+03  6.3483925e-12  6.34839e-12  4.52134e-15  6.34158e-12  0.00000e+00  1.92632e-15  3.59805e-16  6.32504e-21  2.38110e-23
8.750000000e+03  6.2170423e-12  6.21704e-12  4.42650e-15  6.20855e-12  0.00000e+00  3.89311e-15  1.62030e-16  0.00000e+00  0.00000e+00
8.760000000e+03  6.2919097e-12  6.29191e-12  4.47512e-15  6.27674e-12  0.00000e+00  1.01611e-14  5.40291e-16  0.00000e+00  8.15865e-23
8.770000000e+03  6.4137723e-12  6.41377e-12  4.56688e-15  6.40545e-12  0.00000e+00  3.22857e-15  5.34780e-16  6.13267e-21  7.55829e-23
8.780000000e+03  6.3401785e-12  6.34018e-12  4.51634e-15  6.33457e-12  0.00000e+00  1.09579e-15  4.80202e-18  0.00000e+00  5.56832e-24
8.790000000e+03  6.3165517e-12  6.31655e-12  4.49965e-15  6.31116e-12  0.00000e+00  3.24147e-16  5.67831e-16  0.00000e+00  5.56985e-23
8.800000000e+03  6.3105712e-12  6.31057e-12  4.49544e-15  6.30526e-12  0.00000e+00  6.47363e-17  7.68196e-16  0.00000e+00  3.44913e-24
8.810000000e+03  5.9961686e-12  5.99617e-12  4.27200e-15  5.99185e-12  0.00000e+00  2.88365e-17  5.63988e-18  5.74849e-21  1.21876e-23
8.820000000e+03  6.2983886e-12  6.29839e-12  4.48686e-15  6.29322e-12  0.00000e+00  1.90384e-17  6.72554e-16  0.00000e+00  9.01806e-23
8.830000000e+03  6.1718006e-12  6.17180e-12  4.39715e-15  6.16739e-12  0.00000e+00  1.76900e-18  6.13073e-18  0.00000e+00  0.00000e+00
8.840000000e+03  6.1847769e-12  6.18478e-12  4.40579e-15  6.17952e-12  0.00000e+00  5.36220e-19  8.57599e-16  0.00000e+00  2.40609e-22
8.850000000e+03  6.2724545e-12  6.27245e-12  4.46840e-15  6.26730e-12  0.00000e+00  6.98130e-20  6.76552e-16  0.00000e+00  1.91848e-22
8.860000000e+03  6.1218705e-12  6.12187e-12  4.36158e-15  6.11750e-12  0.00000e+00  2.94039e-20  7.29943e-18  0.00000e+00  8.20289e-23
8.870000000e+03  6.0112307e-12  6.01123e-12  4.28227e-15  6.00627e-12  0.00000e+00  6.04800e-21  6.84963e-16  0.00000e+00  7.09782e-23
8.880000000e+03  6.1969964e-12  6.19700e-12  4.41454e-15  6.19177e-12  0.00000e+00  0.00000e+00  8.03156e-16  0.00000e+00  1.96115e-22
8.890000000e+03  6.2320859e-12  6.23209e-12  4.43994e-15  6.22740e-12  0.00000e+00  5.78336e-20  2.43515e-16  0.00000e+00  3.19682e-22
8.900000000e+03  6.2327873e-12  6.23279e-12  4.44005e-15  6.22756e-12  0.00000e+00  5.64775e-19  7.78003e-16  0.00000e+00  2.73141e-22
8.910000000e+03  6.2478678e-12  6.24787e-12  4.45101e-15  6.24292e-12  0.00000e+00  1.72954e-19  5.00962e-16  0.00000e+00  2.72087e-22
8.920000000e+03  6.1532868e-12  6.15329e-12  4.38353e-15  6.14827e-12  0.00000e+00  6.00654e-19  6.35747e-16  0.00000e+00  2.71223e-22
8.930000000e+03  6.0060623e-12  6.00606e-12  4.27832e-15  6.00071e-12  0.00000e+00  9.29674e-18  1.07833e-15  0.00000e+00  6.30385e-22
8.940000000e+03  6.2030138e-12  6.20301e-12  4.41877e-15  6.19770e-12  0.00000e+00  3.05923e-17  8.65585e-16  0.00000e+00  4.35924e-22
8.950000000e+03  5.9979590e-12  5.99796e-12  4.27261e-15  5.99272e-12  0.00000e+00  3.36820e-16  6.45254e-16  0.00000e+00  5.60046e-23
8.960000000e+03  6.2050627e-12  6.20506e-12  4.41969e-15  6.19899e-12  0.00000e+00  2.66758e-16  1.38438e-15  0.00000e+00  6.61925e-22
8.970000000e+03  6.0817788e-12  6.08178e-12  4.33194e-15  6.07591e-12  0.00000e+00  1.05514e-16  1.43738e-15  0.00000e+00  1.54812e-22
8.980000000e+03  6.0722358e-12  6.07224e-12  4.32542e-15  6.06679e-12  0.00000e+00  8.53029e-17  1.03423e-15  0.00000e+00  2.46153e-22
8.990000000e+03  6.0946813e-12  6.09468e-12  4.34098e-15  6.08861e-12  0.00000e+00  3.74505e-16  1.36217e-15  0.00000e+00  3.81233e-22
9.000000000e+03  5.9166865e-12  5.91669e-12  4.21375e-15  5.91015e-12  0.00000e+00  2.34603e-16  2.09906e-15  0.00000e+00  1.88702e-22
9.010000000e+03  5.8413946e-12  5.84139e-12  4.16048e-15  5.83543e-12  0.00000e+00  1.25246e-16  1.67828e-15  0.00000e+00  4.73860e-22
9.020000000e+03  5.7134222e-12  5.71342e-12  4.06964e-15  5.70803e-12  0.00000e+00  3.09434e-17  1.29880e-15  0.00000e+00  6.70562e-22
9.030000000e+03  5.9958917e-12  5.99589e-12  4.27134e-15  5.99093e-12  0.00000e+00  1.85594e-17  6.83782e-16  0.00000e+00  1.03803e-23
9.040000000e+03  6.0710914e-12  6.07109e-12  4.32382e-15  6.06452e-12  0.00000e+00  4.50041e-18  2.24091e-15  0.00000e+00  0.00000e+00
9.050000000e+03  6.0500488e-12  6.05005e-12  4.30916e-15  6.04398e-12  0.00000e+00  1.74712e-18  1.75405e-15  0.00000e+00  1.39493e-23
9.060000000e+03  5.8869315e-12  5.88693e-12  4.19274e-15  5.88069e-12  0.00000e+00  7.32916e-19  2.05304e-15  0.00000e+00  5.65063e-24
9.070000000e+03  6.0345990e-12  6.03460e-12  4.29790e-15  6.02818e-12  0.00000e+00  3.32038e-19  2.13714e-15  0.00000e+00  1.10206e-21
9.080000000e+03  5.8715556e-12  5.87156e-12  4.18200e-15  5.86561e-12  0.00000e+00  2.40877e-20  1.75693e-15  0.00000e+00  0.00000e+00
9.090000000e+03  5.7278013e-12  5.72780e-12  4.07950e-15  5.72186e-12  0.00000e+00  6.06871e-21  1.86331e-15  0.00000e+00  2.11674e-24
9.100000000e+03  5.8347311e-12  5.83473e-12  4.15573e-15  5.82877e-12  0.00000e+00  0.00000e+00  1.80619e-15  0.00000e+00  7.26668e-24
9.110000000e+03  5.8576934e-12  5.85769e-12  4.17120e-15  5.85048e-12  0.00000e+00  1.65636e-15  1.39470e-15  0.00000e+00  4.81475e-22
9.120000000e+03  5.9329115e-12  5.93291e-12  4.11106e-15  5.76612e-12  0.00000e+00  1.60078e-13  2.61157e-15  0.00000e+00  9.94415e-22
9.130000000e+03  7.3043735e-12  7.30437e-12  4.24599e-15  5.95538e-12  0.00000e+00  1.34242e-12  2.34118e-15  0.00000e+00  0.00000e+00
9.140000000e+03  2.0589650e-11  2.05897e-11  4.21757e-15  5.91551e-12  0.00000e+00  1.46676e-11  2.28124e-15  0.00000e+00  9.33469e-24
9.150000000e+03  3.3122931e-11  3.31229e-11  4.13499e-15  5.79970e-12  0.00000e+00  2.73163e-11  2.78351e-15  0.00000e+00  8.00205e-22
9.160000000e+03  2.0991491e-11  2.09915e-11  4.18743e-15  5.87324e-12  0.00000e+00  1.51112e-11  2.92408e-15  0.00000e+00  3.98387e-22
9.170000000e+03  1.3826921e-11  1.38269e-11  4.12923e-15  5.79161e-12  0.00000e+00  8.02938e-12  1.78776e-15  0.00000e+00  6.32478e-22
9.180000000e+03  1.6434434e-11  1.64344e-11  4.11138e-15  5.76656e-12  0.00000e+00  1.06609e-11  2.80579e-15  0.00000e+00  0.00000e+00
9.190000000e+03  4.4749532e-11  4.47495e-11  4.15392e-15  5.82626e-12  0.00000e+00  3.89148e-11  4.26630e-15  0.00000e+00  8.91631e-22
9.200000000e+03  1.8058795e-11  1.80588e-11  4.11413e-15  5.77042e-12  0.00000e+00  1.22825e-11  1.72418e-15  0.00000e+00  6.34394e-22
9.210000000e+03  1.7359018e-11  1.73590e-11  4.02529e-15  5.64581e-12  0.00000e+00  1.17056e-11  3.57518e-15  0.00000e+00  8.19918e-22
9.220000000e+03  9.9150613e-12  9.91506e-12  3.98985e-15  5.59610e-12  0.00000e+00  4.31184e-12  3.13856e-15  0.00000e+00  1.19360e-21
9.230000000e+03  6.6932700e-12  6.69327e-12  3.84543e-15  5.39354e-12  0.00000e+00  1.29297e-12  2.91174e-15  0.00000e+00  8.72290e-22
9.240000000e+03  6.4077548e-12  6.40775e-12  3.99503e-15  5.60339e-12  0.00000e+00  7.96984e-13  3.38478e-15  0.00000e+00  2.30046e-21
9.250000000e+03  5.8023365e-12  5.80234e-12  4.02014e-15  5.63859e-12  0.00000e+00  1.56014e-13  3.69940e-15  0.00000e+00  0.00000e+00
9.260000000e+03  5.5475731e-12  5.54757e-12  3.91011e-15  5.48426e-12  0.00000e+00  5.47162e-14  4.69245e-15  0.00000e+00  6.15958e-22
9.270000000e+03  5.7011658e-12  5.70117e-12  4.04421e-15  5.67235e-12  0.00000e+00  2.00233e-14  4.74971e-15  0.00000e+00  7.92133e-22
9.280000000e+03  5.7326190e-12  5.73262e-12  4.07926e-15  5.72151e-12  0.00000e+00  6.46690e-15  5.63833e-16  0.00000e+00  9.70013e-22
9.290000000e+03  5.6389609e-12  5.63896e-12  4.01545e-15  5.63202e-12  0.00000e+00  1.68369e-15  1.24778e-15  0.00000e+00  1.19492e-22
9.300000000e+03  5.6459935e-12  5.64599e-12  4.02113e-15  5.63999e-12  0.00000e+00  4.59720e-16  1.52457e-15  0.00000e+00  0.00000e+00
9.310000000e+03  5.6634921e-12  5.66349e-12  4.03376e-15  5.65771e-12  0.00000e+00  1.03136e-16  1.64573e-15  0.00000e+00  2.14485e-22
9.320000000e+03  5.6310053e-12  5.63101e-12  4.01085e-15  5.62556e-12  0.00000e+00  2.00403e-17  1.41268e-15  0.00000e+00  2.80598e-22
9.330000000e+03  5.6492791e-12  5.64928e-12  4.02368e-15  5.64356e-12  0.00000e+00  3.57876e-18  1.69284e-15  0.00000e+00  1.46815e-22
9.340000000e+03  5.6441661e-12  5.64417e-12  4.01999e-15  5.63837e-12  0.00000e+00  5.18440e-19  1.76968e-15  0.00000e+00  1.24453e-21
9.350000000e+03  5.5548827e-12  5.55488e-12  3.95627e-15  5.54901e-12  0.00000e+00  4.00901e-16  1.51963e-15  0.00000e+00  6.51900e-23
9.360000000e+03  5.5744302e-12  5.57443e-12  3.94274e-15  5.53004e-12  0.00000e+00  3.88063e-14  1.64241e-15  0.00000e+00  0.00000e+00
9.370000000e+03  5.9215596e-12  5.92156e-12  3.98527e-15  5.58970e-12  0.00000e+00  3.26319e-13  1.55613e-15  0.00000e+00  0.00000e+00
9.380000000e+03  7.8629443e-12  7.86294e-12  3.95625e-15  5.54898e-12  0.00000e+00  2.30832e-12  1.69186e-15  0.00000e+00  0.00000e+00
9.390000000e+03  1.1899325e-11  1.18993e-11  3.94940e-15  5.53938e-12  0.00000e+00  6.35356e-12  2.43391e-15  0.00000e+00  0.00000e+00
9.400000000e+03  1.0607954e-11  1.06080e-11  3.92574e-15  5.50619e-12  0.00000e+00  5.09573e-12  2.09952e-15  0.00000e+00  0.00000e+00
9.410000000e+03  6.4961154e-12  6.49612e-12  3.81984e-15  5.35767e-12  0.00000e+00  1.13312e-12  1.52121e-15  0.00000e+00  0.00000e+00
9.420000000e+03  7.8179058e-12  7.81791e-12  3.72720e-15  5.22773e-12  0.00000e+00  2.58409e-12  2.37699e-15  0.00000e+00  0.00000e+00
9.430000000e+03  8.4582106e-12  8.45821e-12  3.89883e-15  5.46844e-12  0.00000e+00  2.98405e-12  1.80732e-15  0.00000e+00  0.00000e+00
9.440000000e+03  1.4034080e-11  1.40341e-11  3.81602e-15  5.35230e-12  0.00000e+00  8.67587e-12  2.08512e-15  0.00000e+00  2.10096e-24
9.450000000e+03  8.6824621e-12  8.68246e-12  3.85811e-15  5.41133e-12  0.00000e+00  3.26508e-12  2.19379e-15  0.00000e+00  1.93716e-24
9.460000000e+03  6.7305007e-12  6.73050e-12  3.88425e-15  5.44801e-12  0.00000e+00  1.27569e-12  2.92876e-15  0.00000e+00  1.64533e-24
9.470000000e+03  6.1268728e-12  6.12687e-12  3.87157e-15  5.43020e-12  0.00000e+00  6.90881e-13  1.92342e-15  0.00000e+00  0.00000e+00
9.480000000e+03  5.6368935e-12  5.63689e-12  3.88971e-15  5.45565e-12  0.00000e+00  1.73206e-13  4.15407e-15  0.00000e+00  0.00000e+00
9.490000000e+03  5.5342092e-12  5.53421e-12  3.89362e-15  5.46115e-12  0.00000e+00  6.81558e-14  1.02456e-15  0.00000e+00  0.00000e+00
9.500000000e+03  5.4698631e-12  5.46986e-12  3.87638e-15  5.43697e-12  0.00000e+00  2.84932e-14  5.24260e-16  0.00000e+00  0.00000e+00
9.510000000e+03  5.4012715e-12  5.40127e-12  3.83806e-15  5.38324e-12  0.00000e+00  1.32608e-14  9.36542e-16  0.00000e+00  0.00000e+00
9.520000000e+03  5.4071229e-12  5.40712e-12  3.84803e-15  5.39719e-12  0.00000e+00  5.82696e-15  2.63291e-16  0.00000e+00  0.00000e+00
9.530000000e+03  5.3798228e-12  5.37982e-12  3.83229e-15  5.37512e-12  0.00000e+00  4.42934e-16  4.41358e-16  0.00000e+00  0.00000e+00
9.540000000e+03  5.3144430e-12  5.31444e-12  3.78555e-15  5.30957e-12  0.00000e+00  1.20893e-18  1.09606e-15  0.00000e+00  0.00000e+00
9.550000000e+03  4.9712822e-12  4.97128e-12  3.54144e-15  4.96718e-12  0.00000e+00  1.09725e-16  4.58035e-16  0.00000e+00  0.00000e+00
9.560000000e+03  5.3108252e-12  5.31083e-12  3.78291e-15  5.30586e-12  0.00000e+00  2.50950e-17  1.16165e-15  0.00000e+00  0.00000e+00
9.570000000e+03  5.2873091e-12  5.28731e-12  3.76676e-15  5.28321e-12  0.00000e+00  5.04111e-18  3.19473e-16  0.00000e+00  0.00000e+00
9.580000000e+03  5.3204420e-12  5.32044e-12  3.78970e-15  5.31538e-12  0.00000e+00  8.63440e-19  1.27440e-15  0.00000e+00  0.00000e+00
9.590000000e+03  5.3442165e-12  5.34422e-12  3.80750e-15  5.34034e-12  0.00000e+00  7.49843e-21  6.58916e-17  0.00000e+00  0.00000e+00
