# 10 Jun 2021; convolved with Kurucz, unnormalized
# Wavelength(nm)  Flambda(ergs/cm^s/s/nm)
150.38 0.0005434272
151.13 0.0007597042
151.88 0.001046981
152.64 0.001850126
153.39 0.003172299
154.15 0.003941519
154.90 0.004416347
155.65 0.005302027
156.41 0.006544298
157.16 0.008481838
157.92 0.0107019
158.67 0.01287045
159.42 0.01378262
160.18 0.01459671
160.93 0.01605957
161.69 0.01764919
162.44 0.01951002
163.19 0.02249825
163.95 0.02604015
164.70 0.02774985
165.46 0.02715029
166.21 0.03034455
166.96 0.03637093
167.72 0.04926053
168.47 0.07228871
169.23 0.100437
169.98 0.1244468
170.73 0.1408013
171.49 0.1561994
172.24 0.1813581
173.00 0.2149661
173.75 0.2742693
174.50 0.3459476
175.26 0.4018991
176.01 0.4248185
176.77 0.4379018
177.52 0.4794406
178.27 0.5589052
179.03 0.6475948
179.78 0.7035863
180.54 0.7103732
181.29 0.7150784
182.04 0.7507156
182.80 0.8005812
183.55 0.7929568
184.31 0.7839742
185.06 0.8666367
185.81 1.028618
186.57 1.210591
187.32 1.323982
188.08 1.447464
188.83 1.589342
189.58 1.703362
190.34 1.762708
191.09 1.823235
191.85 1.785735
192.60 1.709209
193.35 1.725325
194.11 1.972685
194.86 2.386645
195.62 2.755208
196.37 3.052046
197.12 3.256255
197.88 3.322929
198.63 3.421635
199.39 3.529711
200.14 3.631845
200.89 3.698451
201.65 3.720695
202.40 3.833936
203.16 4.082186
203.91 4.542148
204.66 4.87864
205.42 5.142035
206.17 5.392822
206.93 5.935193
207.68 6.810847
208.43 8.404915
209.19 11.01984
209.94 16.05416
210.70 20.52437
211.45 23.97801
212.20 24.93375
212.96 26.22822
213.71 28.0811
214.47 30.6939
215.22 31.23872
215.97 30.68259
216.73 29.51584
217.48 30.73829
218.24 33.32322
218.99 36.03038
219.74 36.63631
220.50 35.29497
221.25 34.57174
222.01 36.78046
222.76 42.02169
223.51 45.83206
224.27 45.75992
225.02 41.10932
225.78 36.99563
226.53 35.00601
227.28 37.04299
228.04 39.78855
228.79 42.73936
229.55 44.09796
230.30 45.00146
231.05 45.54138
231.81 42.60538
232.56 38.41083
233.32 33.15345
234.07 30.12413
234.82 28.33035
235.58 28.36778
236.33 27.18922
237.09 25.20439
237.84 23.25827
238.59 21.83628
239.35 21.04217
240.10 22.35244
240.86 25.25789
241.61 31.47025
242.36 37.35383
243.12 42.86486
243.87 45.41682
244.63 47.0513
245.38 47.57536
246.13 44.31934
246.89 39.85278
247.64 33.6505
248.40 29.94314
249.15 28.23631
249.90 29.26938
250.66 29.63377
251.41 27.11454
252.17 26.15574
252.92 26.31404
253.67 34.63854
254.43 45.53651
255.18 62.36394
255.94 77.21007
256.69 90.33806
257.44 92.56873
258.20 91.36724
258.95 81.45861
259.71 73.03953
260.46 66.77119
261.21 72.30082
261.97 83.23294
262.72 124.189
263.48 168.7477
264.23 220.8938
264.98 254.6793
265.74 266.7189
266.49 265.8059
267.25 259.2913
268.00 258.2065
268.75 255.7773
269.51 243.5879
270.26 226.3981
271.02 200.5482
271.77 175.7054
272.52 151.6095
273.28 135.9054
274.03 122.7582
274.79 129.909
275.54 138.9256
276.29 153.5159
277.05 158.0908
277.80 138.8693
278.56 118.0581
279.31 95.35514
280.06 102.668
280.82 129.5632
281.57 168.7738
282.33 212.2381
283.08 209.1925
283.83 199.6536
284.59 179.141
285.34 164.8581
286.10 200.6789
286.85 239.5569
287.60 289.4057
288.36 338.885
289.11 387.3859
289.87 429.6263
290.62 462.0927
291.37 477.6381
292.13 473.787
292.88 464.4457
293.64 450.2264
294.39 442.7381
295.14 440.0123
295.90 437.4865
296.65 435.0749
297.41 437.0115
298.16 441.1397
298.91 449.4066
299.67 459.5402
300.42 468.9307
301.18 478.0236
301.93 492.4518
302.68 509.0618
303.44 522.599
304.19 534.883
304.95 540.8423
305.70 544.0052
306.45 549.4825
307.21 556.117
307.96 554.2392
308.72 547.4276
309.47 552.6213
310.22 566.2281
310.98 580.5791
311.73 595.5844
312.49 600.1601
313.24 592.8478
313.99 585.0204
314.75 576.4042
315.50 571.6201
316.26 575.5564
317.01 579.9778
317.76 586.2129
318.52 592.1109
319.27 594.9489
320.03 597.7914
320.78 587.8932
321.53 577.7656
322.29 577.0157
323.04 577.8358
323.80 612.8695
324.55 661.4615
325.30 709.182
326.06 756.2603
326.81 787.6801
327.57 796.1976
328.32 802.2357
329.07 800.1419
329.83 797.7983
330.58 791.1058
331.34 784.3969
332.09 779.7165
332.84 775.3588
333.60 759.2048
334.35 736.8056
335.11 710.0963
335.86 677.9071
336.61 653.2461
337.37 656.544
338.12 659.8469
338.88 675.1135
339.63 690.7028
340.38 695.3509
341.14 695.878
341.89 699.7684
342.65 707.5109
343.40 719.3924
344.15 748.2039
344.91 777.0727
345.66 804.7463
346.42 832.3543
347.17 852.0466
347.92 866.8461
348.68 879.3016
349.43 886.5685
350.19 893.8478
350.94 894.1183
351.69 894.3588
352.45 900.7165
353.20 910.1411
353.96 910.8058
354.71 893.3272
355.46 875.8111
356.22 827.5878
356.97 778.4291
357.73 761.9716
358.48 766.5818
359.23 777.4127
359.99 808.6891
360.74 840.0256
361.50 856.7985
362.25 870.9137
363.00 890.286
363.76 916.2087
364.51 942.398
365.27 974.9958
366.02 1007.655
366.77 1021.073
367.53 1022.165
368.28 1021.284
369.04 1011.011
369.79 1000.715
370.54 977.5528
371.30 949.4772
372.05 919.9961
372.81 886.6906
373.56 853.3185
374.31 864.6337
375.07 887.7495
375.82 920.2417
376.58 973.9475
377.33 1027.754
378.08 1035.382
378.84 1031.994
379.59 1013.404
380.35 958.795
381.10 904.08
381.85 852.4333
382.61 801.6114
383.36 765.5966
384.12 777.088
384.87 788.5993
385.62 808.9324
386.38 833.2419
387.13 859.3993
387.89 897.834
388.64 936.3387
389.39 966.3231
390.15 989.4869
390.90 1012.692
391.66 966.936
392.41 918.8224
393.16 887.0269
393.92 883.2938
394.67 879.5517
395.43 912.0931
396.18 956.4188
396.93 1008.097
397.69 1108.594
398.44 1209.274
399.20 1295.553
399.95 1366.839
400.70 1438.252
401.46 1457.592
402.21 1466.877
402.97 1473.088
403.72 1464.465
404.47 1455.823
405.23 1451.826
405.98 1452.61
406.74 1453.393
407.49 1468.497
408.24 1487.186
409.00 1505.864
409.75 1524.187
410.51 1542.539
411.26 1557.353
412.01 1566.247
412.77 1575.154
413.52 1580.253
414.28 1583.224
415.03 1586.198
415.78 1579.536
416.54 1571.729
417.29 1562.718
418.05 1546.003
418.80 1529.256
419.55 1515.95
420.31 1508.816
421.06 1501.666
421.82 1492.557
422.57 1481.971
423.32 1471.364
424.08 1457.744
424.83 1443.2
425.59 1428.627
426.34 1394.351
427.09 1359.026
427.85 1323.711
428.60 1288.873
429.36 1253.971
430.11 1238.631
430.86 1274.479
431.62 1310.385
432.37 1353.589
433.13 1406.96
433.88 1460.419
434.63 1497.192
435.39 1519.938
436.14 1542.72
436.90 1551.474
437.65 1552.875
438.40 1554.275
439.16 1568.449
439.91 1586.831
440.67 1605.24
441.42 1628.819
442.17 1653.437
442.93 1678.093
443.68 1692.639
444.44 1706.15
445.19 1719.681
445.94 1742.254
446.70 1765.248
447.45 1788.278
448.21 1814.396
448.96 1840.558
449.71 1866.232
450.47 1868.483
451.22 1871.26
451.98 1873.845
452.73 1870.555
453.48 1867.256
454.24 1864.315
454.99 1874.78
455.75 1885.259
456.50 1895.706
457.25 1897.244
458.01 1898.783
458.76 1900.322
459.52 1900.262
460.27 1900.15
461.02 1900.035
461.78 1900.528
462.53 1901.074
463.29 1901.619
464.04 1903.912
464.79 1906.512
465.55 1909.113
466.30 1911.335
467.06 1913.444
467.81 1915.553
468.56 1914.918
469.32 1912.941
470.07 1910.958
470.83 1913.853
471.58 1920.595
472.33 1927.345
473.09 1935.806
473.84 1946.528
474.60 1957.264
475.35 1966.286
476.10 1971.011
476.86 1975.741
477.61 1979.744
478.37 1978.73
479.12 1977.711
479.87 1976.689
480.63 1969.541
481.38 1962.064
482.14 1954.572
482.89 1932.627
483.64 1906.081
484.40 1879.491
485.15 1859.431
485.91 1844.683
486.66 1829.909
487.41 1824.527
488.17 1838.364
488.92 1852.22
489.68 1865.678
490.43 1874.883
491.18 1884.099
491.94 1893.328
492.69 1901.805
493.45 1910.14
494.20 1918.486
494.95 1919.093
495.71 1913.598
496.46 1908.092
497.22 1900.013
497.97 1885.007
498.72 1869.975
499.48 1854.918
500.23 1851.726
500.99 1848.912
501.74 1846.091
502.49 1852.2
503.25 1863.276
504.00 1874.366
504.76 1884.593
505.51 1892.83
506.26 1901.077
507.02 1909.334
507.77 1909.452
508.53 1909.135
509.28 1908.815
510.03 1904.03
510.79 1895.96
511.54 1887.877
512.30 1876.998
513.05 1854.102
513.80 1831.171
514.56 1808.204
515.31 1785.609
516.07 1763.092
516.82 1740.54
517.57 1729.888
518.33 1740.629
519.08 1751.383
519.84 1762.151
520.59 1781.988
521.34 1802.664
522.10 1823.368
522.85 1835.027
523.61 1836.053
524.36 1837.078
525.11 1838.102
525.87 1841.331
526.62 1844.594
527.38 1847.861
528.13 1854.994
528.88 1866.105
529.64 1877.231
530.39 1888.37
531.15 1885.135
531.90 1881.661
532.65 1878.18
533.41 1878.226
534.16 1882.487
534.92 1886.751
535.67 1891.02
536.42 1892.29
537.18 1893.267
537.93 1894.243
538.69 1893.607
539.44 1889.937
540.19 1886.261
540.95 1882.578
541.70 1886.124
542.46 1891.88
543.21 1897.641
543.96 1902.818
544.72 1905.084
545.47 1907.351
546.23 1909.619
546.98 1909.51
547.73 1907.466
548.49 1905.416
549.24 1903.362
550.00 1904.911
550.75 1906.646
551.50 1908.381
552.26 1909.621
553.01 1909.475
553.77 1909.327
554.52 1909.177
555.27 1905.881
556.03 1900.406
556.78 1894.923
557.54 1889.431
558.29 1889.289
559.04 1889.729
559.80 1890.168
560.55 1891.126
561.31 1894.253
562.06 1897.383
562.81 1900.514
563.57 1901.631
564.32 1900.441
565.08 1899.248
565.83 1898.053
566.58 1898.625
567.34 1899.885
568.09 1901.146
568.85 1902.406
569.60 1907.204
570.35 1912.167
571.11 1917.136
571.86 1921.699
572.62 1924.297
573.37 1926.896
574.12 1929.497
574.88 1930.354
575.63 1928.239
576.39 1926.119
577.14 1923.995
577.89 1923.488
578.65 1924.311
579.40 1925.134
580.16 1925.956
580.91 1926.416
581.66 1926.727
582.42 1927.036
583.17 1927.344
583.93 1921.147
584.68 1913.782
585.43 1906.406
586.19 1899.02
586.94 1890.956
587.70 1882.86
588.45 1874.753
589.20 1867.444
589.96 1870.623
590.71 1873.804
591.47 1876.988
592.22 1880.405
592.97 1885.106
593.73 1889.811
594.48 1894.521
595.24 1897.896
595.99 1896.38
596.74 1894.86
597.50 1893.338
598.25 1891.333
599.01 1887.943
599.76 1884.546
600.51 1881.182
601.27 1879.002
602.02 1879.837
602.78 1880.673
603.53 1881.507
604.28 1881.593
605.04 1879.774
605.79 1877.951
606.55 1876.124
607.30 1872.722
608.05 1864.962
608.81 1857.19
609.56 1849.406
610.32 1841.265
611.07 1831.935
611.82 1822.592
612.58 1813.236
613.33 1804.915
614.09 1801.708
614.84 1798.496
615.59 1795.278
616.35 1792.713
617.10 1796.68
617.86 1800.651
618.61 1804.626
619.36 1808.604
620.12 1807.081
620.87 1805.519
621.63 1803.953
622.38 1802.384
623.13 1799.958
623.89 1797.404
624.64 1794.846
625.40 1792.283
626.15 1792.734
626.90 1794.274
627.66 1795.814
628.41 1797.355
629.17 1796.679
629.92 1794.347
630.67 1792.011
631.43 1789.67
632.18 1787.58
632.94 1785.881
633.69 1784.179
634.44 1782.473
635.20 1780.952
635.95 1780.233
636.71 1779.511
637.46 1778.787
638.21 1778.061
638.97 1775.452
639.72 1772.774
640.48 1770.091
641.23 1767.404
641.98 1764.976
642.74 1762.645
643.49 1760.311
644.25 1757.972
645.00 1755.701
645.75 1753.511
646.51 1751.317
647.26 1749.118
648.02 1746.896
648.77 1744.567
649.52 1742.234
650.28 1739.888
651.03 1737.523
651.79 1729.937
652.54 1721.487
653.29 1713.025
654.05 1704.552
654.80 1698.686
655.56 1695.141
656.31 1691.591
657.06 1688.036
657.82 1686.506
658.57 1694.46
659.33 1702.422
660.08 1710.392
660.83 1718.371
661.59 1721.758
662.34 1724.013
663.10 1726.27
663.85 1728.529
664.60 1729.364
665.36 1728.123
666.11 1726.88
666.87 1725.634
667.62 1724.386
668.37 1722.47
669.13 1720.543
669.88 1718.613
670.64 1716.68
671.39 1714.826
672.14 1713.037
672.90 1711.244
673.65 1709.449
674.41 1707.639
675.16 1705.714
675.91 1703.786
676.67 1701.854
677.42 1699.919
678.18 1697.663
678.93 1695.193
679.68 1692.719
680.44 1690.241
681.19 1687.774
681.95 1685.44
682.70 1683.102
683.45 1680.76
684.21 1678.414
684.96 1676.837
685.72 1675.852
686.47 1674.865
687.22 1673.876
687.98 1672.881
688.73 1671.56
689.49 1670.236
690.24 1668.91
690.99 1667.581
691.75 1665.785
692.50 1663.386
693.26 1660.984
694.01 1658.577
694.76 1656.166
695.52 1653.26
696.27 1650.253
697.03 1647.243
697.78 1644.228
698.53 1641.227
699.29 1638.29
700.04 1635.345
700.80 1632.333
701.55 1629.318
702.30 1627.341
703.06 1626.14
703.81 1624.937
704.57 1623.731
705.32 1622.524
706.07 1620.721
706.83 1618.852
707.58 1616.981
708.34 1615.106
709.09 1612.878
709.84 1609.351
710.60 1605.819
711.35 1602.283
712.11 1598.743
712.86 1594.878
713.61 1590.688
714.37 1586.492
715.12 1582.291
715.88 1578.085
716.63 1575.146
717.38 1572.606
718.14 1570.063
718.89 1567.516
719.65 1564.966
720.40 1565.128
721.15 1565.293
721.91 1565.457
722.66 1565.621
723.42 1565.491
724.17 1564.276
724.92 1563.058
725.68 1561.839
726.43 1560.617
727.19 1558.976
727.94 1556.71
728.69 1554.441
729.45 1552.169
730.20 1549.894
730.96 1548.329
731.71 1547.306
732.46 1546.281
733.22 1545.255
733.97 1544.226
734.73 1541.582
735.48 1538.274
736.23 1534.961
736.99 1531.644
737.74 1528.323
738.50 1525.014
739.25 1521.704
740.00 1518.39
740.76 1515.072
741.51 1511.749
742.27 1511.485
743.02 1511.489
743.77 1511.493
744.53 1511.495
745.28 1511.497
746.04 1511.246
746.79 1510.992
747.54 1510.736
748.30 1510.479
749.05 1510.197
749.81 1509.167
750.56 1507.963
751.31 1506.696
752.07 1505.429
752.82 1504.138
753.58 1502.426
754.33 1500.713
755.08 1498.998
755.84 1497.281
756.59 1495.541
757.35 1493.318
758.10 1491.093
758.85 1488.865
759.61 1486.636
760.36 1484.4
761.12 1481.733
761.87 1479.064
762.62 1476.393
763.38 1473.72
764.13 1471.044
764.89 1468.381
765.64 1465.716
766.39 1463.05
767.15 1460.38
767.90 1457.709
768.66 1455.826
769.41 1454.057
770.16 1452.286
770.92 1450.514
771.67 1448.74
772.43 1447.555
773.18 1446.55
773.93 1445.545
774.69 1444.538
775.44 1443.531
776.20 1442.487
776.95 1441.421
777.70 1440.354
778.46 1439.286
779.21 1438.217
779.97 1436.704
780.72 1434.695
781.47 1432.685
782.23 1430.672
782.98 1428.658
783.74 1426.591
784.49 1424.398
785.24 1422.202
786.00 1420.005
786.75 1417.805
787.51 1415.509
788.26 1412.068
789.01 1408.623
789.77 1405.176
790.52 1401.727
791.28 1398.274
792.03 1395.725
792.78 1393.348
793.54 1390.968
794.29 1388.586
795.05 1386.202
795.80 1384.83
796.55 1384.2
797.31 1383.568
798.06 1382.937
798.82 1382.304
799.57 1381.281
800.32 1379.355
801.08 1377.515
801.83 1375.673
802.59 1373.829
803.34 1371.983
804.09 1369.906
804.85 1367.819
805.60 1365.73
806.36 1363.639
807.11 1361.545
807.86 1359.961
808.62 1358.679
809.37 1357.395
810.13 1356.109
810.88 1354.821
811.63 1353.312
812.39 1351.168
813.14 1349.022
813.90 1346.873
814.65 1344.721
815.40 1342.568
816.16 1339.047
816.91 1335.304
817.67 1331.556
818.42 1327.805
819.17 1324.05
819.93 1321.429
820.68 1320.262
821.44 1319.092
822.19 1317.921
822.94 1316.748
823.70 1315.574
824.45 1315.071
825.21 1314.575
825.96 1314.078
826.71 1313.58
827.47 1313.08
828.22 1311.559
828.98 1309.051
829.73 1306.541
830.48 1304.027
831.24 1301.511
831.99 1298.995
832.75 1297.279
833.50 1295.561
834.25 1293.841
835.01 1292.118
835.76 1290.394
836.52 1288.815
837.27 1287.401
838.02 1285.986
838.78 1284.568
839.53 1283.149
840.29 1281.728
841.04 1279.158
841.79 1276.472
842.55 1273.783
843.30 1271.091
844.06 1268.396
844.81 1264.678
845.56 1258.794
846.32 1252.905
847.07 1247.01
847.83 1241.109
848.58 1235.202
849.33 1229.1
850.09 1222.926
850.84 1216.851
851.60 1210.769
852.35 1204.679
853.10 1199.053
853.86 1200.852
854.61 1202.652
855.37 1204.454
856.12 1206.257
856.87 1208.061
857.63 1209.679
858.38 1211.001
859.14 1212.323
859.89 1213.645
860.64 1214.969
861.40 1216.293
862.15 1213.562
862.91 1208.956
863.66 1204.344
864.41 1199.726
865.17 1195.102
865.92 1190.473
866.68 1190.989
867.43 1191.756
868.18 1192.522
868.94 1193.289
869.69 1194.056
870.45 1195.056
871.20 1197.015
871.95 1198.976
872.71 1200.938
873.46 1202.901
874.22 1204.866
874.97 1205.571
875.72 1204.437
876.48 1203.301
877.23 1202.163
877.99 1201.023
878.74 1199.881
879.49 1198.532
880.25 1197.039
881.00 1195.543
881.76 1194.044
882.51 1192.544
883.26 1191.041
884.02 1190.38
884.77 1190.01
885.53 1189.64
886.28 1189.268
887.03 1188.895
887.79 1188.522
888.54 1188.1
889.30 1187.669
890.05 1187.238
890.80 1186.806
891.56 1186.372
892.31 1185.937
893.07 1184.085
893.82 1182.175
894.57 1180.263
895.33 1178.348
896.08 1176.43
896.84 1174.498
897.59 1172.175
898.34 1169.848
899.10 1167.519
899.85 1165.186
900.61 1162.883
901.36 1160.664
902.11 1159.613
902.87 1158.56
903.62 1157.506
904.38 1156.449
905.13 1155.39
905.88 1154.335
906.64 1153.34
907.39 1152.343
908.15 1151.345
908.90 1150.345
909.65 1149.343
910.41 1148.352
911.16 1147.648
911.92 1146.942
912.67 1146.234
913.42 1145.525
914.18 1144.815
914.93 1144.103
915.69 1141.481
916.44 1138.838
917.19 1136.191
917.95 1133.54
918.70 1130.886
919.46 1128.228
920.21 1125.846
920.96 1123.49
921.72 1121.13
922.47 1118.768
923.23 1116.401
923.98 1114.032
924.73 1113.932
925.49 1114.434
926.24 1114.936
927.00 1115.438
927.75 1115.94
928.50 1116.441
929.26 1116.53
930.01 1116.39
930.77 1116.249
931.52 1116.108
932.27 1115.966
933.03 1115.822
933.78 1114.754
934.54 1112.634
935.29 1110.51
936.04 1108.384
936.80 1106.254
937.55 1104.121
938.31 1102.05
939.06 1100.157
939.81 1098.261
940.57 1096.363
941.32 1094.462
942.08 1092.558
942.83 1090.687
943.58 1090.415
944.34 1090.141
945.09 1089.867
945.85 1089.592
946.60 1089.316
947.35 1089.04
948.11 1087.939
948.86 1086.563
949.62 1085.184
950.37 1083.81
951.12 1082.44
951.88 1081.067
952.63 1079.645
953.39 1078.163
954.14 1076.678
954.89 1075.191
955.65 1073.702
956.40 1072.211
957.16 1070.818
957.91 1070.198
958.66 1069.577
959.42 1068.955
960.17 1068.331
960.93 1067.706
961.68 1067.079
962.43 1066.283
963.19 1065.429
963.94 1064.573
964.70 1063.716
965.45 1062.858
966.20 1061.997
966.96 1061.179
967.71 1060.438
968.47 1059.696
969.22 1058.952
969.97 1058.207
970.73 1057.46
971.48 1056.712
972.24 1055.756
972.99 1054.781
973.74 1053.805
974.50 1052.827
975.25 1051.847
976.01 1050.866
976.76 1049.966
977.51 1049.161
978.27 1048.354
979.02 1047.547
979.78 1046.737
980.53 1045.926
981.28 1045.114
982.04 1044.14
982.79 1043.159
983.55 1042.177
984.30 1041.193
985.05 1040.208
985.81 1039.22
986.56 1038.285
987.32 1037.417
988.07 1036.547
988.82 1035.675
989.58 1034.802
990.33 1033.927
991.09 1033.051
991.84 1032.28
992.59 1031.523
993.35 1030.763
994.10 1030.003
994.86 1029.241
995.61 1028.477
996.36 1027.397
997.12 1025.553
997.87 1023.707
998.63 1021.859
999.38 1020.007
1000.13 1018.144
1000.89 1016.232
1001.64 1014.4
1002.40 1012.609
1003.15 1010.815
1003.90 1009.019
1004.66 1007.221
1005.41 1005.42
1006.17 1003.629
1006.92 1003.257
1007.67 1002.884
1008.43 1002.51
1009.18 1002.136
1009.94 1001.76
1010.69 1001.384
1011.44 1000.752
1012.20 999.5835
1012.95 998.4139
1013.71 997.2427
1014.46 996.0699
1015.21 994.8955
1015.97 993.7195
1016.72 992.7176
1017.48 991.8315
1018.23 990.9442
1018.98 990.0556
1019.74 989.1657
1020.49 988.2744
1021.25 987.3819
1022.00 986.7763
1022.75 986.2264
1023.51 985.6755
1024.26 985.1236
1025.02 984.5708
1025.77 984.017
1026.52 983.4269
1027.28 982.0867
1028.03 980.7449
1028.79 979.4014
1029.54 978.0562
1030.29 976.7092
1031.05 975.3605
1031.80 974.0117
1032.56 972.6666
1033.31 971.3198
1034.06 969.9713
1034.82 968.6211
1035.57 967.2692
1036.33 965.9156
1037.08 964.6849
1037.83 963.676
1038.59 962.6658
1039.34 961.6542
1040.10 960.6413
1040.85 959.6269
1041.60 958.6112
1042.36 957.6497
1043.11 956.752
1043.87 955.853
1044.62 954.9527
1045.37 954.0511
1046.13 953.1483
1046.88 952.2442
1047.64 951.3711
1048.39 950.5257
1049.14 949.6792
1049.90 948.8314
1050.65 947.9738
1051.41 947.1136
1052.16 946.2522
1052.91 945.0477
1053.67 943.5755
1054.42 942.1015
1055.18 940.6258
1055.93 939.1484
1056.68 937.6693
1057.44 936.1884
1058.19 934.6785
1058.95 933.1454
1059.70 931.6105
1060.45 930.0738
1061.21 928.5354
1061.96 926.9952
1062.72 925.4532
1063.47 923.8265
1064.22 922.1245
1064.98 920.4207
1065.73 918.7149
1066.49 917.0072
1067.24 915.2976
1067.99 913.5861
1068.75 912.0835
1069.50 910.8255
1070.26 909.5659
1071.01 908.3048
1071.76 907.0422
1072.52 905.7781
1073.27 904.5125
1074.03 903.2868
1074.78 902.1357
1075.53 900.9832
1076.29 899.8293
1077.04 898.674
1077.80 897.5172
1078.55 896.3591
1079.30 895.1411
1080.06 893.7114
1080.81 892.28
1081.57 890.8469
1082.32 889.4122
1083.07 887.9759
1083.83 886.5379
1084.58 885.094
1085.34 883.5521
1086.09 882.0085
1086.84 880.4632
1087.60 878.9161
1088.35 877.3673
1089.11 875.8168
1089.86 874.2645
1090.61 872.6736
1091.37 871.0733
1092.12 869.4712
1092.88 867.8673
1093.63 866.2616
1094.38 864.6542
1095.14 863.045
1095.89 862.3238
1096.65 862.2651
1097.40 862.206
1098.15 862.1465
1098.91 862.0867
1099.66 862.0264
1100.42 861.9559
1101.17 861.926
1101.92 862.0146
1102.68 862.1029
1103.43 862.191
1104.19 862.2788
1104.94 862.3664
1105.69 862.4538
1106.45 862.541
1107.20 861.8823
1107.96 861.2004
1108.71 860.5176
1109.46 859.834
1110.22 859.1494
1110.97 858.464
1111.73 857.7777
1112.48 856.8933
1113.23 855.8817
1113.99 854.869
1114.74 853.8551
1115.50 852.84
1116.25 851.8238
1117.00 850.8065
1117.76 849.766
1118.51 848.6417
1119.27 847.5161
1120.02 846.3892
1120.77 845.2611
1121.53 844.1318
1122.28 843.0012
1123.04 841.8694
1123.79 840.7854
1124.54 839.7137
1125.30 838.6409
1126.05 837.5669
1126.81 836.4917
1127.56 835.4153
1128.31 834.3377
1129.07 833.3309
1129.82 832.479
1130.58 831.626
1131.33 830.7721
1132.08 829.9172
1132.84 829.0612
1133.59 828.2043
1134.35 827.3464
1135.10 826.5326
1135.85 825.7293
1136.61 824.9252
1137.36 824.1201
1138.12 823.314
1138.87 822.507
1139.62 821.699
1140.38 821.0348
1141.13 820.7764
1141.89 820.5175
1142.64 820.2581
1143.39 819.9983
1144.15 819.7379
1144.90 819.477
1145.66 819.2156
1146.41 818.8459
1147.16 818.4239
1147.92 818.0013
1148.67 817.5781
1149.43 817.1543
1150.18 816.7279
1150.93 816.2946
1151.69 815.8199
1152.44 814.5751
1153.20 813.329
1153.95 812.0816
1154.70 810.833
1155.46 809.5832
1156.21 808.332
1156.97 807.0796
1157.72 805.8303
1158.47 804.5863
1159.23 803.341
1159.98 802.0944
1160.74 800.8466
1161.49 799.5976
1162.24 798.3473
1163.00 797.0957
1163.75 796.3323
1164.51 795.7856
1165.26 795.2383
1166.01 794.6902
1166.77 794.1415
1167.52 793.5921
1168.28 793.0419
1169.03 792.4911
1169.78 791.7371
1170.54 790.9737
1171.29 790.2095
1172.05 789.4445
1172.80 788.6786
1173.55 787.9118
1174.31 787.1442
1175.06 786.3161
1175.82 785.2297
1176.57 784.1422
1177.32 783.0537
1178.08 781.964
1178.83 780.8732
1179.59 779.7813
1180.34 778.6883
1181.09 777.6979
1181.85 776.8781
1182.60 776.0574
1183.36 775.2358
1184.11 774.4133
1184.86 773.59
1185.62 772.7657
1186.37 771.9406
1187.13 771.1747
1187.88 770.4623
1188.63 769.7491
1189.39 769.0351
1190.14 768.3203
1190.90 767.6047
1191.65 766.8883
1192.40 766.1711
1193.16 765.19
1193.91 764.0469
1194.67 762.9027
1195.42 761.7574
1196.17 760.611
1196.93 759.4634
1197.68 758.3147
1198.44 757.1648
1199.19 756.2763
1199.94 755.5049
1200.70 754.6987
1201.45 753.8889
1202.21 753.0784
1202.96 752.2672
1203.71 751.4553
1204.47 750.6426
1205.22 750.2155
1205.98 749.939
1206.73 749.6623
1207.48 749.3851
1208.24 749.1076
1208.99 748.8297
1209.75 748.5515
1210.50 748.2729
1211.25 748.2214
1212.01 748.2634
1212.76 748.3053
1213.52 748.3471
1214.27 748.3887
1215.02 748.4302
1215.78 748.4715
1216.53 748.5127
1217.29 748.1711
1218.04 747.63
1218.79 747.0883
1219.55 746.5462
1220.30 746.0034
1221.06 745.4602
1221.81 744.9164
1222.56 744.3721
1223.32 743.6794
1224.07 742.8735
1224.83 742.0668
1225.58 741.2595
1226.33 740.4514
1227.09 739.6426
1227.84 738.8331
1228.60 738.0229
1229.35 737.238
1230.10 736.4859
1230.86 735.7331
1231.61 734.9797
1232.37 734.2256
1233.12 733.4708
1233.87 732.7153
1234.63 731.9592
1235.38 731.1898
1236.14 730.3829
1236.89 729.5752
1237.64 728.7669
1238.40 727.9579
1239.15 727.1482
1239.91 726.3377
1240.66 725.5266
1241.41 724.7197
1242.17 724.0173
1242.92 723.3142
1243.68 722.6106
1244.43 721.9062
1245.18 721.2013
1245.94 720.4957
1246.69 719.7895
1247.45 719.0826
1248.20 718.3383
1248.95 717.5839
1249.71 716.8288
1250.46 716.0605
1251.22 715.2836
1251.97 714.5061
1252.72 713.728
1253.48 712.9493
1254.23 712.1466
1254.99 711.3192
1255.74 710.4911
1256.49 709.6624
1257.25 708.8331
1258.00 708.0031
1258.76 707.1725
1259.51 706.3413
1260.26 705.5259
1261.02 704.8026
1261.77 704.0787
1262.53 703.3543
1263.28 702.6293
1264.03 701.9037
1264.79 701.1775
1265.54 700.4508
1266.30 699.7235
1267.05 698.839
1267.80 697.9069
1268.56 696.9742
1269.31 696.0407
1270.07 695.1065
1270.82 694.1717
1271.57 693.2361
1272.33 692.2999
1273.08 691.0764
1273.84 689.3138
1274.59 687.55
1275.34 685.7851
1276.10 684.0189
1276.85 682.2516
1277.61 680.4831
1278.36 678.7133
1279.11 676.9424
1279.87 676.0055
1280.62 675.1755
1281.38 674.3449
1282.13 673.5136
1282.88 672.6817
1283.64 671.8492
1284.39 671.016
1285.15 670.1823
1285.90 669.7711
1286.65 670.0762
1287.41 670.3814
1288.16 670.6866
1288.92 670.9919
1289.67 671.2972
1290.42 671.6026
1291.18 671.9081
1291.93 672.2136
1292.69 672.0486
1293.44 671.787
1294.19 671.5252
1294.95 671.2631
1295.70 671.0008
1296.46 670.7381
1297.21 670.4752
1297.96 670.212
1298.72 669.8278
1299.47 669.0524
1300.23 668.2783
1300.98 667.5079
1301.73 666.737
1302.49 665.9654
1303.24 665.1932
1304.00 664.4205
1304.75 663.6471
1305.50 662.8151
1306.26 661.9441
1307.01 661.0724
1307.77 660.2001
1308.52 659.3271
1309.27 658.4534
1310.03 657.5791
1310.78 656.7041
1311.54 655.8284
1312.29 655.1893
1313.04 654.5716
1313.80 653.9534
1314.55 653.3347
1315.31 652.7155
1316.06 652.0958
1316.81 651.4757
1317.57 650.855
1318.32 650.2553
1319.08 649.7406
1319.83 649.2255
1320.58 648.7099
1321.34 648.1938
1322.09 647.6774
1322.85 647.1605
1323.60 646.6431
1324.35 646.1254
1325.11 645.5427
1325.86 644.8758
1326.62 644.2084
1327.37 643.5405
1328.12 642.872
1328.88 642.203
1329.63 641.5335
1330.39 640.8634
1331.14 640.1928
1331.89 639.6171
1332.65 639.1006
1333.40 638.5836
1334.16 638.0662
1334.91 637.5484
1335.66 637.0301
1336.42 636.5114
1337.17 635.9923
1337.93 635.4727
1338.68 634.9949
1339.43 634.5294
1340.19 634.0635
1340.94 633.5972
1341.70 633.1305
1342.45 632.6634
1343.20 632.1959
1343.96 631.728
1344.71 631.2597
1345.47 630.5747
1346.22 629.857
1346.97 629.1387
1347.73 628.4198
1348.48 627.7004
1349.24 626.9804
1349.99 626.2599
1350.74 625.5275
1351.50 624.7945
1352.25 624.017
1353.01 623.2351
1353.76 622.4527
1354.51 621.6697
1355.27 620.8862
1356.02 620.1021
1356.78 619.3175
1357.53 618.5323
1358.28 617.7466
1359.04 617.0613
1359.79 616.3821
1360.55 615.7023
1361.30 615.0221
1362.05 614.3414
1362.81 613.6603
1363.56 612.9786
1364.32 612.2965
1365.07 611.6138
1365.82 611.0676
1366.58 610.5372
1367.33 610.0065
1368.09 609.4753
1368.84 608.9437
1369.59 608.4117
1370.35 607.8794
1371.10 607.3466
1371.86 606.8134
1372.61 606.3244
1373.36 605.8446
1374.12 605.3644
1374.87 604.8839
1375.63 604.403
1376.38 603.9217
1377.13 603.4401
1377.89 602.9581
1378.64 602.4758
1379.40 601.9957
1380.15 601.5163
1380.90 601.0367
1381.66 600.5566
1382.41 600.0762
1383.17 599.5954
1383.92 599.1143
1384.67 598.6327
1385.43 598.1509
1386.18 597.6442
1386.94 597.1146
1387.69 596.5846
1388.44 596.0542
1389.20 595.5234
1389.95 594.9922
1390.71 594.4607
1391.46 593.9287
1392.21 593.3964
1392.97 592.8044
1393.72 592.0754
1394.48 591.3459
1395.23 590.6159
1395.98 589.8854
1396.74 589.1544
1397.49 588.4229
1398.25 587.6909
1399.00 586.9584
1399.75 586.2256
1400.51 585.5007
1401.26 584.7771
1402.02 584.053
1402.77 583.3283
1403.52 582.6031
1404.28 581.8774
1405.03 581.1512
1405.79 580.4245
1406.54 579.6972
1407.29 579.0086
1408.05 578.3337
1408.80 577.6582
1409.56 576.9823
1410.31 576.3059
1411.06 575.629
1411.82 574.9516
1412.57 574.2738
1413.33 573.5954
1414.08 572.8615
1414.83 572.039
1415.59 571.2158
1416.34 570.3921
1417.10 569.5678
1417.85 568.743
1418.60 567.9176
1419.36 567.0916
1420.11 566.2651
1420.87 565.438
1421.62 564.7606
1422.37 564.0856
1423.13 563.4101
1423.88 562.7341
1424.64 562.0576
1425.39 561.3807
1426.14 560.7033
1426.90 560.0254
1427.65 559.347
1428.41 558.8247
1429.16 558.4437
1429.91 558.0623
1430.67 557.6806
1431.42 557.2986
1432.18 556.9164
1432.93 556.5338
1433.68 556.1509
1434.44 555.7677
1435.19 555.3771
1435.95 554.7503
1436.70 554.1231
1437.45 553.4954
1438.21 552.8673
1438.96 552.2387
1439.72 551.6097
1440.47 550.9803
1441.22 550.3504
1441.98 549.7201
1442.73 549.1401
1443.49 548.612
1444.24 548.0836
1444.99 547.5547
1445.75 547.0254
1446.50 546.4958
1447.26 545.9657
1448.01 545.4353
1448.76 544.9045
1449.52 544.3733
1450.27 543.9659
1451.03 543.5592
1451.78 543.1521
1452.53 542.7448
1453.29 542.3373
1454.04 541.9295
1454.80 541.5215
1455.55 541.1132
1456.30 540.7046
1457.06 540.2721
1457.81 539.7678
1458.57 539.2633
1459.32 538.7585
1460.07 538.2533
1460.83 537.7479
1461.58 537.2422
1462.34 536.7361
1463.09 536.2298
1463.84 535.7232
1464.60 535.108
1465.35 534.4101
1466.11 533.7118
1466.86 533.0131
1467.61 532.314
1468.37 531.6145
1469.12 530.9147
1469.88 530.2144
1470.63 529.5137
1471.38 528.8127
1472.14 528.1553
1472.89 527.5063
1473.65 526.857
1474.40 526.2073
1475.15 525.5572
1475.91 524.9068
1476.66 524.256
1477.42 523.6049
1478.17 522.9533
1478.92 522.3081
1479.68 521.8047
1480.43 521.301
1481.19 520.797
1481.94 520.2927
1482.69 519.7881
1483.45 519.2832
1484.20 518.778
1484.96 518.2725
1485.71 517.7667
1486.46 517.2808
1487.22 516.8733
1487.97 516.4655
1488.73 516.0574
1489.48 515.6491
1490.23 515.2405
1490.99 514.8317
1491.74 514.4227
1492.50 514.0133
1493.25 513.6038
1494.00 513.0707
1494.76 512.2794
1495.51 511.4878
1496.27 510.6957
1497.02 509.9032
1497.77 509.1103
1498.53 508.3169
1499.28 507.5231
1500.04 506.7291
1500.79 505.9388
1501.54 505.2993
1502.30 504.8959
1503.05 504.4922
1503.81 504.0883
1504.56 503.6841
1505.31 503.2796
1506.07 502.8749
1506.82 502.47
1507.58 502.0648
1508.33 501.6593
1509.08 501.4278
1509.84 501.4541
1510.59 501.4804
1511.35 501.5066
1512.10 501.5328
1512.85 501.5589
1513.61 501.585
1514.36 501.611
1515.12 501.637
1515.87 501.6629
1516.62 501.5505
1517.38 501.1955
1518.13 500.8403
1518.89 500.4849
1519.64 500.1293
1520.39 499.7734
1521.15 499.4172
1521.90 499.0609
1522.66 498.7043
1523.41 498.3475
1524.16 497.9642
1524.92 497.5144
1525.67 497.0643
1526.43 496.614
1527.18 496.1634
1527.93 495.7125
1528.69 495.2613
1529.44 494.8099
1530.20 494.3581
1530.95 493.9061
1531.70 493.4615
1532.46 493.0593
1533.21 492.6568
1533.97 492.2541
1534.72 491.8512
1535.47 491.448
1536.23 491.0445
1536.98 490.6408
1537.74 490.2369
1538.49 489.8326
1539.24 489.4282
1540.00 488.9166
1540.75 488.4009
1541.51 487.8849
1542.26 487.3686
1543.01 486.852
1543.77 486.3351
1544.52 485.8179
1545.28 485.3004
1546.03 484.7826
1546.78 484.2644
1547.54 483.6902
1548.29 483.0946
1549.05 482.4986
1549.80 481.9024
1550.55 481.3027
1551.31 480.7017
1552.06 480.1003
1552.82 479.4986
1553.57 478.8965
1554.32 478.2941
1555.08 477.7049
1555.83 477.1328
1556.59 476.5605
1557.34 475.9878
1558.09 475.4148
1558.85 474.8415
1559.60 474.2678
1560.36 473.6939
1561.11 473.1196
1561.86 472.5451
1562.62 471.9449
1563.37 471.1257
1564.13 470.3061
1564.88 469.486
1565.63 468.6655
1566.39 467.8446
1567.14 467.0233
1567.90 466.2015
1568.65 465.3793
1569.40 464.5567
1570.16 463.7336
1570.91 462.8862
1571.67 462.0284
1572.42 461.1702
1573.17 460.3115
1573.93 459.4523
1574.68 458.5928
1575.44 457.7327
1576.19 456.8723
1576.94 456.0114
1577.70 455.15
1578.45 454.3535
1579.21 453.7351
1579.96 453.1164
1580.71 452.4973
1581.47 451.8779
1582.22 451.2582
1582.98 450.6382
1583.73 450.0178
1584.48 449.3971
1585.24 448.776
1585.99 448.1546
1586.75 447.8728
1587.50 447.6958
1588.25 447.5187
1589.01 447.3415
1589.76 447.1641
1590.52 446.9866
1591.27 446.809
1592.02 446.6313
1592.78 446.4534
1593.53 446.2754
1594.29 446.1089
1595.04 445.9834
1595.79 445.8578
1596.55 445.7321
1597.30 445.6063
1598.06 445.4804
1598.81 445.3544
1599.56 445.2283
1600.32 445.102
1601.07 444.9757
1601.83 444.8493
1602.58 444.4578
1603.33 443.8966
1604.09 443.3351
1604.84 442.7734
1605.60 442.2113
1606.35 441.6489
1607.10 441.0863
1607.86 440.5233
1608.61 439.96
1609.37 439.3965
1610.12 438.8326
1610.87 438.4623
1611.63 438.0998
1612.38 437.7371
1613.14 437.3742
1613.89 437.011
1614.64 436.6477
1615.40 436.2842
1616.15 435.9204
1616.91 435.5564
1617.66 435.1923
1618.41 434.8854
1619.17 434.7446
1619.92 434.6036
1620.68 434.4626
1621.43 434.3214
1622.18 434.1801
1622.94 434.0387
1623.69 433.8972
1624.45 433.7556
1625.20 433.6139
1625.95 433.4721
1626.71 433.0368
1627.46 432.2935
1628.22 431.5498
1628.97 430.8057
1629.72 430.0613
1630.48 429.3164
1631.23 428.5712
1631.99 427.8256
1632.74 427.0797
1633.49 426.3333
1634.25 425.5866
1635.00 424.815
1635.76 424.0315
1636.51 423.2475
1637.26 422.4631
1638.02 421.6784
1638.77 420.8932
1639.53 420.1077
1640.28 419.3218
1641.03 418.5354
1641.79 417.7487
1642.54 416.9616
1643.30 416.6988
1644.05 416.564
1644.80 416.429
1645.56 416.294
1646.31 416.1589
1647.07 416.0237
1647.82 415.8884
1648.57 415.753
1649.33 415.6174
1650.08 415.4799
1650.84 415.327
1651.59 415.1071
1652.34 414.8776
1653.10 414.6479
1653.85 414.4182
1654.61 414.1884
1655.36 413.9584
1656.11 413.7283
1656.87 413.4981
1657.62 413.2679
1658.38 413.0375
1659.13 412.8069
1659.88 412.1349
1660.64 411.4103
1661.39 410.6853
1662.15 409.9601
1662.90 409.2345
1663.65 408.5087
1664.41 407.7826
1665.16 407.0562
1665.92 406.3295
1666.67 405.6025
1667.42 404.8752
1668.18 403.9367
1668.93 402.9634
1669.69 401.9898
1670.44 401.0157
1671.19 400.0412
1671.95 399.0664
1672.70 398.0912
1673.46 397.1156
1674.21 396.1396
1674.96 395.1633
1675.72 394.1865
1676.47 393.5725
1677.23 393.0655
1677.98 392.5583
1678.73 392.0509
1679.49 391.5433
1680.24 391.0355
1681.00 390.5275
1681.75 390.0192
1682.50 389.5108
1683.26 389.0021
1684.01 388.4932
1684.77 388.2619
1685.52 388.1927
1686.27 388.1234
1687.03 388.0541
1687.78 387.9848
1688.54 387.9154
1689.29 387.8459
1690.04 387.7764
1690.80 387.7069
1691.55 387.6373
1692.31 387.5676
1693.06 387.3439
1693.81 386.9112
1694.57 386.4783
1695.32 386.0452
1696.08 385.6119
1696.83 385.1785
1697.58 384.7449
1698.34 384.311
1699.09 383.877
1699.85 383.4429
1700.60 383.011
1701.35 382.552
1702.11 381.9527
1702.86 381.353
1703.62 380.7532
1704.37 380.1531
1705.12 379.5527
1705.88 378.9521
1706.63 378.3512
1707.39 377.75
1708.14 377.1487
1708.89 376.547
1709.65 375.9451
1710.40 375.3647
1711.16 374.7877
1711.91 374.2106
1712.66 373.6332
1713.42 373.0555
1714.17 372.4776
1714.93 371.8995
1715.68 371.3211
1716.43 370.7425
1717.19 370.1636
1717.94 369.5845
1718.70 368.8946
1719.45 368.0874
1720.20 367.2799
1720.96 366.472
1721.71 365.6638
1722.47 364.8552
1723.22 364.0464
1723.97 363.2372
1724.73 362.4276
1725.48 361.6178
1726.24 360.8076
1726.99 359.9975
1727.74 359.1952
1728.50 358.3925
1729.25 357.5895
1730.01 356.7861
1730.76 355.9825
1731.51 355.1785
1732.27 354.3742
1733.02 353.5696
1733.78 352.7646
1734.53 351.9593
1735.28 351.1537
1736.04 350.6817
1736.79 350.464
1737.55 350.2461
1738.30 350.0281
1739.05 349.81
1739.81 349.5918
1740.56 349.3735
1741.32 349.1551
1742.07 348.9366
1742.82 348.718
1743.58 348.4992
1744.33 348.2842
1745.09 348.1948
1745.84 348.1054
1746.59 348.0158
1747.35 347.9263
1748.10 347.8367
1748.86 347.747
1749.61 347.6573
1750.36 347.5661
1751.12 347.4734
1751.87 347.3807
1752.63 347.2879
1753.38 347.1076
1754.13 346.8086
1754.89 346.5094
1755.64 346.2102
1756.40 345.9107
1757.15 345.6112
1757.90 345.3115
1758.66 345.0117
1759.41 344.7118
1760.17 344.4117
1760.92 344.1115
1761.67 343.8112
1762.43 343.4245
1763.18 343.0114
1763.94 342.5982
1764.69 342.1847
1765.44 341.7711
1766.20 341.3574
1766.95 340.9434
1767.71 340.5293
1768.46 340.115
1769.21 339.7006
1769.97 339.286
1770.72 338.8694
1771.48 338.4221
1772.23 337.9747
1772.98 337.5271
1773.74 337.0793
1774.49 336.6313
1775.25 336.1831
1776.00 335.7348
1776.75 335.2862
1777.51 334.8375
1778.26 334.3886
1779.02 333.9396
1779.77 333.5081
1780.52 333.1226
1781.28 332.7368
1782.03 332.351
1782.79 331.9649
1783.54 331.5788
1784.29 331.1924
1785.05 330.8059
1785.80 330.4193
1786.56 330.0324
1787.31 329.6455
1788.06 329.2583
1788.82 328.8452
1789.57 328.3983
1790.33 327.9512
1791.08 327.504
1791.83 327.0565
1792.59 326.6089
1793.34 326.1611
1794.10 325.7131
1794.85 325.265
1795.60 324.8166
1796.36 324.3681
1797.11 323.9195
1797.87 323.3888
1798.62 322.7914
1799.37 322.1938
1800.13 321.5969
1800.88 321.0039
1801.64 320.4108
1802.39 319.8173
1803.14 319.2237
1803.90 318.6297
1804.65 318.0355
1805.41 317.4411
1806.16 316.8464
1806.91 316.1666
1807.67 315.4273
1808.42 314.6877
1809.18 313.9477
1809.93 313.2075
1810.68 312.4669
1811.44 311.726
1812.19 310.9849
1812.95 310.2434
1813.70 309.5016
1814.45 308.7595
1815.21 308.0171
1815.96 307.5162
1816.72 307.1953
1817.47 306.8743
1818.22 306.5531
1818.98 306.2318
1819.73 305.9104
1820.49 305.5888
1821.24 305.267
1821.99 304.9451
1822.75 304.6231
1823.50 304.3009
1824.26 303.9786
1825.01 303.746
1825.76 303.6019
1826.52 303.4577
1827.27 303.3133
1828.03 303.169
1828.78 303.0245
1829.53 302.8799
1830.29 302.7353
1831.04 302.5906
1831.80 302.4458
1832.55 302.301
1833.30 302.1561
1834.06 301.9293
1834.81 301.5623
1835.57 301.1952
1836.32 300.8279
1837.07 300.4604
1837.83 300.0928
1838.58 299.725
1839.34 299.3571
1840.09 298.989
1840.84 298.6207
1841.60 298.2523
1842.35 297.8837
1843.11 297.5131
1843.86 297.1332
1844.61 296.7531
1845.37 296.3729
1846.12 295.9925
1846.88 295.6119
1847.63 295.2312
1848.38 294.8503
1849.14 294.4692
1849.89 294.088
1850.65 293.7026
1851.40 293.3164
1852.15 292.9301
1852.91 292.4089
1853.66 291.8746
1854.42 291.3402
1855.17 290.8055
1855.92 290.2706
1856.68 289.7355
1857.43 289.2002
1858.19 288.6648
1858.94 288.1291
1859.69 287.5932
1860.45 287.0571
1861.20 286.5208
1861.96 285.8657
1862.71 285.1329
1863.46 284.3998
1864.22 283.6664
1864.97 282.9328
1865.73 282.1989
1866.48 281.4647
1867.23 280.7302
1867.99 279.9955
1868.74 279.2605
1869.50 278.5252
1870.25 277.7897
1871.00 277.134
1871.76 276.7661
1872.51 276.3982
1873.27 276.0301
1874.02 275.6618
1874.77 275.2934
1875.53 274.9248
1876.28 274.5562
1877.04 274.1873
1877.79 273.8183
1878.54 273.4492
1879.30 273.0799
1880.05 272.7105
1880.81 272.5465
1881.56 272.4413
1882.31 272.336
1883.07 272.2307
1883.82 272.1254
1884.58 272.02
1885.33 271.9145
1886.08 271.809
1886.84 271.7034
1887.59 271.5978
1888.35 271.4921
1889.10 271.3864
1889.85 271.2614
1890.61 271.0845
1891.36 270.9074
1892.12 270.7303
1892.87 270.5532
1893.62 270.3759
1894.38 270.1986
1895.13 270.0212
1895.89 269.8437
1896.64 269.6661
1897.39 269.4885
1898.15 269.3108
1898.90 269.133
1899.66 268.9771
1900.41 268.8288
1901.16 268.6795
1901.92 268.5302
1902.67 268.3808
1903.43 268.2314
1904.18 268.0818
1904.93 267.9322
1905.69 267.7826
1906.44 267.6329
1907.20 267.4831
1907.95 267.3333
1908.70 267.1726
1909.46 266.8725
1910.21 266.5722
1910.97 266.2718
1911.72 265.9713
1912.47 265.6707
1913.23 265.37
1913.98 265.0692
1914.74 264.7682
1915.49 264.4672
1916.24 264.166
1917.00 263.8647
1917.75 263.5633
1918.51 263.2054
1919.26 262.755
1920.01 262.3045
1920.77 261.8538
1921.52 261.403
1922.28 260.952
1923.03 260.5008
1923.78 260.0495
1924.54 259.598
1925.29 259.1463
1926.05 258.6945
1926.80 258.2425
1927.55 257.7904
1928.31 257.2595
1929.06 256.6803
1929.82 256.101
1930.57 255.5214
1931.32 254.9416
1932.08 254.3617
1932.83 253.7815
1933.59 253.2012
1934.34 252.6206
1935.09 252.0398
1935.85 251.4589
1936.60 250.8777
1937.36 250.2963
1938.11 249.8459
1938.86 249.4289
1939.62 249.0118
1940.37 248.5946
1941.13 248.1772
1941.88 247.7596
1942.63 247.342
1943.39 246.9241
1944.14 246.5061
1944.90 246.088
1945.65 245.6697
1946.40 245.2513
1947.16 244.8327
1947.91 244.7815
1948.67 244.7633
1949.42 244.745
1950.17 244.7255
1950.93 244.7015
1951.68 244.6775
1952.44 244.6535
1953.19 244.6295
1953.94 244.6054
1954.70 244.5814
1955.45 244.5573
1956.21 244.5332
1956.96 244.5091
1957.71 244.3503
1958.47 244.1858
1959.22 244.0213
1959.98 243.8567
1960.73 243.6921
1961.48 243.5274
1962.24 243.3626
1962.99 243.1978
1963.75 243.033
1964.50 242.868
1965.25 242.7031
1966.01 242.538
1966.76 242.373
1967.52 242.0836
1968.27 241.7875
1969.02 241.4914
1969.78 241.1951
1970.53 240.8988
1971.29 240.6024
1972.04 240.3058
1972.79 240.0092
1973.55 239.7125
1974.30 239.4157
1975.06 239.1188
1975.81 238.8219
1976.56 238.5248
1977.32 238.2649
1978.07 238.0104
1978.83 237.7558
1979.58 237.5012
1980.33 237.2464
1981.09 236.9916
1981.84 236.7367
1982.60 236.4817
1983.35 236.2266
1984.10 235.9715
1984.86 235.7163
1985.61 235.461
1986.37 235.2056
1987.12 234.9751
1987.87 234.7537
1988.63 234.5323
1989.38 234.3108
1990.14 234.0893
1990.89 233.8677
1991.64 233.646
1992.40 233.4242
1993.15 233.2024
1993.91 232.9805
1994.66 232.7585
1995.41 232.5365
1996.17 232.3143
1996.92 232.0972
1997.68 231.8846
1998.43 231.672
1999.18 231.4593
1999.94 231.2465
2000.69 231.0353
2001.45 230.8241
2002.20 230.6129
2002.95 230.4016
2003.71 230.1902
2004.46 229.9788
2005.22 229.7673
2005.97 229.5557
2006.72 229.3293
2007.48 229.0534
2008.23 228.7775
2008.99 228.5015
2009.74 228.2254
2010.49 227.9492
2011.25 227.6729
2012.00 227.3965
2012.76 227.1201
2013.51 226.8435
2014.26 226.5669
2015.02 226.2901
2015.77 226.0133
2016.53 225.7364
2017.28 225.4139
2018.03 225.0856
2018.79 224.7572
2019.54 224.4287
2020.30 224.1001
2021.05 223.7714
2021.80 223.4425
2022.56 223.1136
2023.31 222.7846
2024.07 222.4554
2024.82 222.1262
2025.57 221.7968
2026.33 221.4674
2027.08 221.1697
2027.84 220.9066
2028.59 220.6433
2029.34 220.38
2030.10 220.1165
2030.85 219.853
2031.61 219.5894
2032.36 219.3257
2033.11 219.0619
2033.87 218.7981
2034.62 218.5341
2035.38 218.2701
2036.13 218.006
2036.88 217.7421
2037.64 217.5319
2038.39 217.3216
2039.15 217.1113
2039.90 216.9009
2040.65 216.6904
2041.41 216.4799
2042.16 216.2693
2042.92 216.0586
2043.67 215.8479
2044.42 215.637
2045.18 215.4262
2045.93 215.2152
2046.69 215.0042
2047.44 214.7681
2048.19 214.5016
2048.95 214.235
2049.70 213.9683
2050.46 213.7026
2051.21 213.4373
2051.96 213.172
2052.72 212.9066
2053.47 212.6411
2054.23 212.3755
2054.98 212.1098
2055.73 211.844
2056.49 211.5781
2057.24 211.3122
2058.00 211.0544
2058.75 210.798
2059.50 210.5415
2060.26 210.2849
2061.01 210.0283
2061.77 209.7715
2062.52 209.5147
2063.27 209.2578
2064.03 209.0008
2064.78 208.7437
2065.54 208.4865
2066.29 208.2292
2067.04 207.9719
2067.80 207.7197
2068.55 207.4955
2069.31 207.2712
2070.06 207.0469
2070.81 206.8225
2071.57 206.598
2072.32 206.3734
2073.08 206.1487
2073.83 205.924
2074.58 205.6992
2075.34 205.4743
2076.09 205.2494
2076.85 205.0243
2077.60 204.7992
2078.35 204.5617
2079.11 204.3058
2079.86 204.0498
2080.62 203.7937
2081.37 203.5375
2082.12 203.2813
2082.88 203.025
2083.63 202.7685
2084.39 202.512
2085.14 202.2554
2085.89 201.9987
2086.65 201.742
2087.40 201.4851
2088.16 201.2282
2088.91 200.9951
2089.66 200.7791
2090.42 200.563
2091.17 200.3469
2091.93 200.1306
2092.68 199.9143
2093.43 199.6979
2094.19 199.4815
2094.94 199.2649
2095.70 199.0483
2096.45 198.8316
2097.20 198.6149
2097.96 198.398
2098.71 198.1811
2099.47 197.9762
2100.22 197.7764
2100.97 197.5765
2101.73 197.3765
2102.48 197.1765
2103.24 196.9764
2103.99 196.7763
2104.74 196.576
2105.50 196.3757
2106.25 196.1754
2107.01 195.9749
2107.76 195.7744
2108.51 195.5739
2109.27 195.3732
2110.02 195.1529
2110.78 194.9253
2111.53 194.6977
2112.28 194.4699
2113.04 194.2421
2113.79 194.0143
2114.55 193.7863
2115.30 193.5583
2116.05 193.3302
2116.81 193.102
2117.56 192.8737
2118.32 192.6454
2119.07 192.4169
2119.82 192.1885
2120.58 191.9807
2121.33 191.7813
2122.09 191.5818
2122.84 191.3823
2123.59 191.1826
2124.35 190.983
2125.10 190.7832
2125.86 190.5834
2126.61 190.3835
2127.36 190.1835
2128.12 189.9835
2128.87 189.7834
2129.63 189.5832
2130.38 189.383
2131.13 189.1855
2131.89 188.9899
2132.64 188.7943
2133.40 188.5986
2134.15 188.4028
2134.90 188.2069
2135.66 188.011
2136.41 187.815
2137.17 187.6189
2137.92 187.4228
2138.67 187.2266
2139.43 187.0304
2140.18 186.834
2140.94 186.6376
2141.69 186.4075
2142.44 186.1339
2143.20 185.8603
2143.95 185.5866
2144.71 185.3128
2145.46 185.0389
2146.21 184.7649
2146.97 184.4908
2147.72 184.2166
2148.48 183.9423
2149.23 183.668
2149.98 183.3935
2150.74 183.115
2151.49 182.8363
2152.25 182.5389
2153.00 182.1639
2153.75 181.7888
2154.51 181.4135
2155.26 181.0382
2156.02 180.6628
2156.77 180.2873
2157.52 179.9116
2158.28 179.5359
2159.03 179.1601
2159.79 178.7841
2160.54 178.4081
2161.29 178.032
2162.05 177.6557
2162.80 177.2794
2163.56 177.0663
2164.31 176.8748
2165.06 176.6832
2165.82 176.4916
2166.57 176.2999
2167.33 176.1081
2168.08 175.9163
2168.83 175.7244
2169.59 175.5325
2170.34 175.3405
2171.10 175.1485
2171.85 174.9564
2172.60 174.7643
2173.36 174.5721
2174.11 174.4397
2174.87 174.3686
2175.62 174.2975
2176.37 174.2263
2177.13 174.1552
2177.88 174.084
2178.64 174.0128
2179.39 173.9415
2180.14 173.8703
2180.90 173.799
2181.65 173.7277
2182.41 173.6564
2183.16 173.585
2183.91 173.5136
2184.67 173.4398
2185.42 173.3031
2186.18 173.1663
2186.93 173.0295
2187.68 172.8926
2188.44 172.7558
2189.19 172.6188
2189.95 172.4819
2190.70 172.3448
2191.45 172.2078
2192.21 172.0707
2192.96 171.9336
2193.72 171.7964
2194.47 171.6592
2195.22 171.5219
2195.98 171.3554
2196.73 171.1611
2197.49 170.9668
2198.24 170.7724
2198.99 170.578
2199.75 170.3835
2200.50 170.1898
2201.26 169.9965
2202.01 169.8031
2202.76 169.6096
2203.52 169.4161
2204.27 169.2225
2205.03 169.0289
2205.78 168.8352
2206.53 168.6415
2207.29 168.4698
2208.04 168.3002
2208.80 168.1305
2209.55 167.9607
2210.30 167.7909
2211.06 167.6211
2211.81 167.4512
2212.57 167.2812
2213.32 167.1113
2214.07 166.9412
2214.83 166.7711
2215.58 166.601
2216.34 166.4308
2217.09 166.2605
2217.84 166.0904
2218.60 165.9209
2219.35 165.7514
2220.11 165.5818
2220.86 165.4122
2221.61 165.2425
2222.37 165.0727
2223.12 164.9029
2223.88 164.7331
2224.63 164.5632
2225.38 164.3933
2226.14 164.2233
2226.89 164.0532
2227.65 163.8831
2228.40 163.713
2229.15 163.534
2229.91 163.3455
2230.66 163.1569
2231.42 162.9683
2232.17 162.7797
2232.92 162.591
2233.68 162.4022
2234.43 162.2134
2235.19 162.0245
2235.94 161.8356
2236.69 161.6466
2237.45 161.4575
2238.20 161.2684
2238.96 161.0793
2239.71 160.8901
2240.46 160.7016
2241.22 160.5134
2241.97 160.3251
2242.73 160.1368
2243.48 159.9484
2244.23 159.76
2244.99 159.5715
2245.74 159.383
2246.50 159.1944
2247.25 159.0058
2248.00 158.8171
2248.76 158.6283
2249.51 158.4395
2250.27 158.2499
2251.02 158.0586
2251.77 157.88
2252.53 157.7049
2253.28 157.5299
2254.04 157.3548
2254.79 157.1796
2255.54 157.0044
2256.30 156.8291
2257.05 156.6538
2257.81 156.4785
2258.56 156.3031
2259.31 156.1276
2260.07 155.9522
2260.82 155.7766
2261.58 155.601
2262.33 155.4254
2263.08 155.2536
2263.84 155.0827
2264.59 154.9118
2265.35 154.7408
2266.10 154.5697
2266.85 154.3987
2267.61 154.2275
2268.36 154.0564
2269.12 153.8851
2269.87 153.7139
2270.62 153.5426
2271.38 153.3712
2272.13 153.1999
2272.89 153.0284
2273.64 152.8569
2274.39 152.6719
2275.15 152.4823
2275.90 152.2927
2276.66 152.103
2277.41 151.9133
2278.16 151.7235
2278.92 151.5337
2279.67 151.3438
2280.43 151.1539
2281.18 150.9639
2281.93 150.7739
2282.69 150.5838
2283.44 150.3937
2284.20 150.2035
2284.95 150.0133
2285.70 149.8284
2286.46 149.6467
2287.21 149.4649
2287.97 149.2831
2288.72 149.1013
2289.47 148.9194
2290.23 148.7374
2290.98 148.5554
2291.74 148.3734
2292.49 148.1913
2293.24 148.0092
2294.00 147.827
2294.75 147.6448
2295.51 147.4625
2296.26 147.2802
2297.01 147.1096
2297.77 146.9544
2298.52 146.7992
2299.28 146.644
2300.03 146.4887
2300.78 146.3323
2301.54 146.1759
2302.29 146.0194
2303.05 145.8629
2303.80 145.7064
2304.55 145.5498
2305.31 145.3932
2306.06 145.2366
2306.82 145.0799
2307.57 144.9232
2308.32 144.7603
2309.08 144.5632
2309.83 144.366
2310.59 144.1688
2311.34 143.9716
2312.09 143.7743
2312.85 143.5769
2313.60 143.3795
2314.36 143.182
2315.11 142.9846
2315.86 142.787
2316.62 142.5894
2317.37 142.3918
2318.13 142.1941
2318.88 141.9964
2319.63 141.7986
2320.39 141.6227
2321.14 141.452
2321.90 141.2812
2322.65 141.1104
2323.40 140.9396
2324.16 140.7687
2324.91 140.5978
2325.67 140.4269
2326.42 140.2559
2327.17 140.0848
2327.93 139.9138
2328.68 139.7426
2329.44 139.5715
2330.19 139.4003
2330.94 139.2291
2331.70 139.0723
2332.45 138.939
2333.21 138.8057
2333.96 138.6724
2334.71 138.539
2335.47 138.4056
2336.22 138.2722
2336.98 138.1387
2337.73 138.0052
2338.48 137.8717
2339.24 137.7381
2339.99 137.6045
2340.75 137.4709
2341.50 137.3373
2342.25 137.2036
2343.01 137.0698
2343.76 136.9043
2344.52 136.7343
2345.27 136.5643
2346.02 136.3942
2346.78 136.2241
2347.53 136.0539
2348.29 135.8838
2349.04 135.7135
2349.79 135.5432
2350.55 135.3736
2351.30 135.2043
2352.06 135.0348
2352.81 134.8654
2353.56 134.6959
2354.32 134.5263
2355.07 134.3646
2355.83 134.2217
2356.58 134.0787
2357.33 133.9358
2358.09 133.7927
2358.84 133.6497
2359.60 133.5066
2360.35 133.3635
2361.10 133.2203
2361.86 133.0771
2362.61 132.9339
2363.37 132.7906
2364.12 132.6473
2364.87 132.5039
2365.63 132.3605
2366.38 132.2171
2367.14 132.0626
2367.89 131.9015
2368.64 131.7404
2369.40 131.5793
2370.15 131.4181
2370.91 131.2569
2371.66 131.0957
2372.41 130.9344
2373.17 130.7731
2373.92 130.6117
2374.68 130.4503
2375.43 130.2888
2376.18 130.1273
2376.94 129.9658
2377.69 129.8042
2378.45 129.6426
2379.20 129.5045
2379.95 129.3693
2380.71 129.2341
2381.46 129.0988
2382.22 128.9635
2382.97 128.8282
2383.72 128.6928
2384.48 128.5574
2385.23 128.422
2385.99 128.2865
2386.74 128.151
2387.49 128.0155
2388.25 127.8799
2389.00 127.7443
2389.76 127.6087
2390.51 127.475
2391.26 127.3691
2392.02 127.2632
2392.77 127.1573
2393.53 127.0513
2394.28 126.9454
2395.03 126.8393
2395.79 126.7333
2396.54 126.6272
2397.30 126.5212
2398.05 126.415
2398.80 126.3089
2399.56 126.2027
2400.31 126.0954
2401.07 125.9865
2401.82 125.8775
2402.57 125.7609
2403.33 125.609
2404.08 125.457
2404.84 125.305
2405.59 125.153
2406.34 125.0009
2407.10 124.8489
2407.85 124.6968
2408.61 124.5446
2409.36 124.3924
2410.11 124.2402
2410.87 124.088
2411.62 123.9357
2412.38 123.7834
2413.13 123.6311
2413.88 123.4788
2414.64 123.3308
2415.39 123.2009
2416.15 123.071
2416.90 122.9411
2417.65 122.8112
2418.41 122.6812
2419.16 122.5512
2419.92 122.4212
2420.67 122.2912
2421.42 122.1611
2422.18 122.031
2422.93 121.9009
2423.69 121.7707
2424.44 121.6405
2425.19 121.5103
2425.95 121.3801
2426.70 121.2509
2427.46 121.1285
2428.21 121.0061
2428.96 120.8837
2429.72 120.7613
2430.47 120.6388
2431.23 120.5163
2431.98 120.3938
2432.73 120.2713
2433.49 120.1487
2434.24 120.0261
2435.00 119.9035
2435.75 119.7809
2436.50 119.6582
2437.26 119.5355
2438.01 119.4128
2438.77 119.2901
2439.52 119.1429
2440.27 118.9956
2441.03 118.8483
2441.78 118.7009
2442.54 118.5535
2443.29 118.406
2444.04 118.2586
2444.80 118.1111
2445.55 117.9635
2446.31 117.816
2447.06 117.6684
2447.81 117.5208
2448.57 117.3731
2449.32 117.2255
