# 10 Jun 2021; convolved with Kurucz, unnormalized
# Wavelength(nm)  Flambda(ergs/cm^s/s/nm)
150.38 0.0006863403
151.13 0.0009589381
151.88 0.001320789
152.64 0.002332624
153.39 0.003997301
154.15 0.004963709
154.90 0.005558483
155.65 0.006669387
156.41 0.008227321
157.16 0.01065706
157.92 0.0134388
158.67 0.01615274
159.42 0.01728771
160.18 0.01829847
160.93 0.02012091
161.69 0.02210006
162.44 0.02441639
163.19 0.02814027
163.95 0.0325521
164.70 0.03466992
165.46 0.03390189
166.21 0.03786933
166.96 0.04536482
167.72 0.06140764
168.47 0.09006429
169.23 0.1250649
169.98 0.1548763
170.73 0.1751331
171.49 0.1941786
172.24 0.2253305
173.00 0.2669406
173.75 0.3403955
174.50 0.4291205
175.26 0.4982517
176.01 0.5263788
176.77 0.5422947
177.52 0.5934137
178.27 0.6913936
179.03 0.8006735
179.78 0.8694304
180.54 0.8773436
181.29 0.8826793
182.04 0.9261711
182.80 0.9871613
183.55 0.9772363
184.31 0.9656495
185.06 1.066898
185.81 1.265635
186.57 1.488747
187.32 1.627327
188.08 1.778157
188.83 1.951416
189.58 2.090306
190.34 2.161992
191.09 2.235051
191.85 2.187931
192.60 2.093069
193.35 2.111698
194.11 2.413189
194.86 2.918062
195.62 3.366933
196.37 3.727735
197.12 3.975086
197.88 4.054373
198.63 4.172643
199.39 4.302214
200.14 4.424414
200.89 4.503232
201.65 4.527983
202.40 4.663396
203.16 4.962805
203.91 5.51916
204.66 5.924998
205.42 6.241694
206.17 6.542775
206.93 7.197131
207.68 8.254766
208.43 10.18161
209.19 13.34252
209.94 19.4281
210.70 24.82522
211.45 28.98792
212.20 30.12815
212.96 31.67635
213.71 33.89706
214.47 37.03241
215.22 37.67085
215.97 36.9817
216.73 35.55764
217.48 37.01184
218.24 40.10435
218.99 43.34084
219.74 44.04782
220.50 42.41408
221.25 41.52438
222.01 44.15543
222.76 50.42268
223.51 54.96769
224.27 54.85414
225.02 49.25505
225.78 44.30446
226.53 41.9012
227.28 44.31769
228.04 47.57915
228.79 51.08276
229.55 52.68085
230.30 53.73401
231.05 54.35224
231.81 50.82349
232.56 45.79762
233.32 39.51003
234.07 35.88251
234.82 33.72953
235.58 33.75779
236.33 32.3397
237.09 29.96444
237.84 27.63749
238.59 25.93529
239.35 24.98013
240.10 26.52289
240.86 29.95609
241.61 37.30617
242.36 44.25969
243.12 50.76536
243.87 53.76207
244.63 55.6704
245.38 56.26373
246.13 52.38822
246.89 47.08615
247.64 39.73933
248.40 35.34444
249.15 33.31399
249.90 34.51656
250.66 34.92981
251.41 31.94532
252.17 30.80122
252.92 30.9731
253.67 40.7524
254.43 53.54883
255.18 73.30282
255.94 90.71064
256.69 106.0846
257.44 108.6535
258.20 107.1933
258.95 95.52392
259.71 85.61136
260.46 78.22779
261.21 84.66696
261.97 97.42377
262.72 145.2955
263.48 197.3359
264.23 258.1972
264.98 297.551
265.74 311.4739
266.49 310.265
267.25 302.5218
268.00 301.118
268.75 298.1484
269.51 283.8098
270.26 263.661
271.02 233.4497
271.77 204.438
272.52 176.3214
273.28 157.9855
274.03 142.6374
274.79 150.8777
275.54 161.2764
276.29 178.1332
277.05 183.3587
277.80 160.9922
278.56 136.8037
279.31 110.446
280.06 118.8625
280.82 149.9325
281.57 195.2197
282.33 245.3842
283.08 241.7543
283.83 230.6271
284.59 206.8393
285.34 190.2628
286.10 231.4999
286.85 276.2255
287.60 333.5555
288.36 390.4087
289.11 446.0846
289.87 494.5052
290.62 531.6378
291.37 549.2785
292.13 544.6078
292.88 533.6333
293.64 517.0664
294.39 508.2412
295.14 504.8886
295.90 501.7685
296.65 498.7822
297.41 500.7812
298.16 505.289
298.91 514.5312
299.67 525.9018
300.42 536.4124
301.18 546.5735
301.93 562.8236
302.68 581.552
303.44 596.7554
304.19 610.5151
304.95 617.047
305.70 620.3843
306.45 626.357
307.21 633.643
307.96 631.2283
308.72 623.1989
309.47 628.8377
310.22 644.0409
310.98 660.0772
311.73 676.8431
312.49 681.7473
313.24 673.149
313.99 663.9739
314.75 653.9117
315.50 648.2039
316.26 652.3857
317.01 657.1135
317.76 663.8913
318.52 670.2819
319.27 673.2046
320.03 676.1298
320.78 664.6487
321.53 652.9182
322.29 651.7907
323.04 652.4371
323.80 691.6972
324.55 746.2194
325.30 799.7123
326.06 852.4355
326.81 887.4716
327.57 896.6851
328.32 903.0998
329.07 900.3586
329.83 897.3389
330.58 889.4326
331.34 881.5146
332.09 875.882
332.84 870.6168
333.60 852.1163
334.35 826.625
335.11 796.3219
335.86 759.9019
336.61 731.9481
337.37 735.332
338.12 738.7188
338.88 755.4909
339.63 772.6099
340.38 777.4809
341.14 777.7422
341.89 781.7607
342.65 790.0775
343.40 803.0075
344.15 834.8165
344.91 866.6628
345.66 897.15
346.42 927.5385
347.17 949.0844
347.92 965.1647
348.68 978.6227
349.43 986.2973
350.19 993.9794
350.94 993.8644
351.69 993.7163
352.45 1000.362
353.20 1010.408
353.96 1010.724
354.71 990.9144
355.46 971.0802
356.22 917.2291
356.97 862.3868
357.73 843.8031
358.48 848.5556
359.23 860.1872
359.99 894.4223
360.74 928.6954
361.50 946.8459
362.25 962.0458
363.00 983.0378
363.76 1011.242
364.51 1039.718
365.27 1075.237
366.02 1110.795
366.77 1125.121
367.53 1125.859
368.28 1124.425
369.04 1112.656
369.79 1100.871
370.54 1074.947
371.30 1043.644
372.05 1010.823
372.81 973.8289
373.56 936.7919
374.31 948.8241
375.07 973.7906
375.82 1009.018
376.58 1067.466
377.33 1125.977
378.08 1133.87
378.84 1129.696
379.59 1108.892
380.35 1048.708
381.10 988.4576
381.85 931.6096
382.61 875.7093
383.36 836.0238
384.12 848.2258
384.87 860.4396
385.62 882.265
386.38 908.4078
387.13 936.543
387.89 978.0292
388.64 1019.558
389.39 1051.779
390.15 1076.553
390.90 1101.352
391.66 1051.163
392.41 998.4524
393.16 963.51
393.92 959.0655
394.67 954.6149
395.43 989.5321
396.18 1037.2
396.93 1092.8
397.69 1201.255
398.44 1309.82
399.20 1402.704
399.95 1479.287
400.70 1555.946
401.46 1576.231
402.21 1585.631
402.97 1591.701
403.72 1581.745
404.47 1571.777
405.23 1566.829
405.98 1567.043
406.74 1567.256
407.49 1582.905
408.24 1602.403
409.00 1621.875
409.75 1640.949
410.51 1660.039
411.26 1675.307
412.01 1684.197
412.77 1693.094
413.52 1697.892
414.28 1700.402
415.03 1702.911
415.78 1695.078
416.54 1686.023
417.29 1675.684
418.05 1657.097
418.80 1638.489
419.55 1623.582
420.31 1615.293
421.06 1606.995
421.82 1596.607
422.57 1584.649
423.32 1572.678
424.08 1557.497
424.83 1541.341
425.59 1525.167
426.34 1487.98
427.09 1449.703
427.85 1411.468
428.60 1373.771
429.36 1336.037
430.11 1319.167
430.86 1356.803
431.62 1394.473
432.37 1439.874
433.13 1496.051
433.88 1552.277
434.63 1590.729
435.39 1614.253
436.14 1637.796
436.90 1646.433
437.65 1647.264
438.40 1648.093
439.16 1662.461
439.91 1681.276
440.67 1700.105
441.42 1724.391
442.17 1749.758
442.93 1775.145
443.68 1789.821
444.44 1803.392
445.19 1816.972
445.94 1840.091
446.70 1863.637
447.45 1887.2
448.21 1914.004
448.96 1940.832
449.71 1967.124
450.47 1967.238
451.22 1969.426
451.98 1971.412
452.73 1967.217
453.48 1963.018
454.24 1959.198
454.99 1969.465
455.75 1979.74
456.50 1989.974
457.25 1990.853
458.01 1991.732
458.76 1992.611
459.52 1991.815
460.27 1990.965
461.02 1990.114
461.78 1989.9
462.53 1989.743
463.29 1989.585
464.04 1991.256
464.79 1993.248
465.55 1995.24
466.30 1996.835
467.06 1998.311
467.81 1999.787
468.56 1998.399
469.32 1995.613
470.07 1992.823
470.83 1995.121
471.58 2001.427
472.33 2007.737
473.09 2015.825
473.84 2026.261
474.60 2036.705
475.35 2045.36
476.10 2049.54
476.86 2053.723
477.61 2057.148
478.37 2055.361
479.12 2053.571
479.87 2051.779
480.63 2043.632
481.38 2035.15
482.14 2026.66
482.89 2003.197
483.64 1974.982
484.40 1946.743
485.15 1925.285
485.91 1909.341
486.66 1893.383
487.41 1887.15
488.17 1900.793
488.92 1914.448
489.68 1927.683
490.43 1936.515
491.18 1945.354
491.94 1954.2
492.69 1962.266
493.45 1970.179
494.20 1978.099
494.95 1978.038
495.71 1971.689
496.46 1965.334
497.22 1956.336
497.97 1940.214
498.72 1924.077
499.48 1907.926
500.23 1903.933
500.99 1900.211
501.74 1896.487
502.49 1901.936
503.25 1912.479
504.00 1923.027
504.76 1932.682
505.51 1940.289
506.26 1947.901
507.02 1955.517
507.77 1954.793
508.53 1953.626
509.28 1952.458
510.03 1946.726
510.79 1937.643
511.54 1928.554
512.30 1916.618
513.05 1892.428
513.80 1868.223
514.56 1844.003
515.31 1820.183
516.07 1796.464
516.82 1772.73
517.57 1761.131
518.33 1771.312
519.08 1781.499
519.84 1791.691
520.59 1811.093
521.34 1831.331
522.10 1851.58
522.85 1862.633
523.61 1862.887
524.36 1863.141
525.11 1863.395
525.87 1865.883
526.62 1868.404
527.38 1870.927
528.13 1877.361
528.88 1887.814
529.64 1898.274
530.39 1908.74
531.15 1904.675
531.90 1900.371
532.65 1896.064
533.41 1895.321
534.16 1898.83
534.92 1902.341
535.67 1905.853
536.42 1906.342
537.18 1906.536
537.93 1906.729
538.69 1905.3
539.44 1900.823
540.19 1896.342
540.95 1891.859
541.70 1894.642
542.46 1899.642
543.21 1904.644
543.96 1909.056
544.72 1910.545
545.47 1912.035
546.23 1913.525
546.98 1912.633
547.73 1909.805
548.49 1906.974
549.24 1904.141
550.00 1904.915
550.75 1905.846
551.50 1906.776
552.26 1907.211
553.01 1906.262
553.77 1905.313
554.52 1904.363
555.27 1900.277
556.03 1894.023
556.78 1887.767
557.54 1881.507
558.29 1880.579
559.04 1880.23
559.80 1879.881
560.55 1880.05
561.31 1882.373
562.06 1884.697
562.81 1887.022
563.57 1887.345
564.32 1885.38
565.08 1883.414
565.83 1881.448
566.58 1881.235
567.34 1881.704
568.09 1882.173
568.85 1882.641
569.60 1886.609
570.35 1890.738
571.11 1894.869
571.86 1898.597
572.62 1900.38
573.37 1902.164
574.12 1903.948
574.88 1904.012
575.63 1901.144
576.39 1898.275
577.14 1895.405
577.89 1894.13
578.65 1894.165
579.40 1894.2
580.16 1894.235
580.91 1893.915
581.66 1893.447
582.42 1892.979
583.17 1892.511
583.93 1885.659
584.68 1877.666
585.43 1869.67
586.19 1861.671
586.94 1853.014
587.70 1844.334
588.45 1835.649
589.20 1827.753
589.96 1830.124
590.71 1832.497
591.47 1834.87
592.22 1837.469
592.97 1841.32
593.73 1845.174
594.48 1849.028
595.24 1851.578
595.99 1849.356
596.74 1847.133
597.50 1844.909
598.25 1842.218
599.01 1838.18
599.76 1834.139
600.51 1830.153
601.27 1827.331
602.02 1827.443
602.78 1827.555
603.53 1827.667
604.28 1827.052
605.04 1824.588
605.79 1822.124
606.55 1819.657
607.30 1815.667
608.05 1807.455
608.81 1799.238
609.56 1791.017
610.32 1782.456
611.07 1772.752
611.82 1763.043
612.58 1753.329
613.33 1744.623
614.09 1740.865
614.84 1737.105
615.59 1733.344
616.35 1730.215
617.10 1733.391
617.86 1736.569
618.61 1739.748
619.36 1742.929
620.12 1740.808
620.87 1738.651
621.63 1736.493
622.38 1734.333
623.13 1731.352
623.89 1728.25
624.64 1725.146
625.40 1722.04
626.15 1721.832
626.90 1722.669
627.66 1723.507
628.41 1724.345
629.17 1723.057
629.92 1720.182
630.67 1717.306
631.43 1714.428
632.18 1711.792
632.94 1709.533
633.69 1707.273
634.44 1705.011
635.20 1702.928
635.95 1701.614
636.71 1700.298
637.46 1698.982
638.21 1697.665
638.97 1694.551
639.72 1691.375
640.48 1688.196
641.23 1685.016
641.98 1682.086
642.74 1679.251
643.49 1676.415
644.25 1673.577
645.00 1670.805
645.75 1668.113
646.51 1665.42
647.26 1662.725
648.02 1660.009
648.77 1657.194
649.52 1654.378
650.28 1651.578
651.03 1648.807
651.79 1641.085
652.54 1632.549
653.29 1624.008
654.05 1615.462
654.80 1609.391
655.56 1605.523
656.31 1601.653
657.06 1597.78
657.82 1595.827
658.57 1602.847
659.33 1609.87
660.08 1616.896
660.83 1623.927
661.59 1626.615
662.34 1628.233
663.10 1629.852
663.85 1631.471
664.60 1631.747
665.36 1630.065
666.11 1628.382
666.87 1626.698
667.62 1625.012
668.37 1622.699
669.13 1620.378
669.88 1618.055
670.64 1615.731
671.39 1613.484
672.14 1611.299
672.90 1609.112
673.65 1606.924
674.41 1604.725
675.16 1602.419
675.91 1600.111
676.67 1597.802
677.42 1595.491
678.18 1592.881
678.93 1590.073
679.68 1587.263
680.44 1584.451
681.19 1581.65
681.95 1578.977
682.70 1576.301
683.45 1573.624
684.21 1570.946
684.96 1568.988
685.72 1567.587
686.47 1566.184
687.22 1564.78
687.98 1563.371
688.73 1561.66
689.49 1559.947
690.24 1558.233
690.99 1556.518
691.75 1554.369
692.50 1551.658
693.26 1548.946
694.01 1546.232
694.76 1543.516
695.52 1540.34
696.27 1537.074
697.03 1533.805
697.78 1530.535
698.53 1527.28
699.29 1524.087
700.04 1520.895
700.80 1517.764
701.55 1514.629
702.30 1512.463
703.06 1511.017
703.81 1509.571
704.57 1508.123
705.32 1506.674
706.07 1504.674
706.83 1502.613
707.58 1500.551
708.34 1498.487
709.09 1496.096
709.84 1492.502
710.60 1488.906
711.35 1485.307
712.11 1481.706
712.86 1477.806
713.61 1473.606
714.37 1469.403
715.12 1465.198
715.88 1460.989
716.63 1457.956
717.38 1455.294
718.14 1452.629
718.89 1449.963
719.65 1447.294
720.40 1447.135
721.15 1446.979
721.91 1446.822
722.66 1446.665
723.42 1446.238
724.17 1444.808
724.92 1443.377
725.68 1441.945
726.43 1440.511
727.19 1438.692
727.94 1436.297
728.69 1433.9
729.45 1431.501
730.20 1429.101
730.96 1427.357
731.71 1426.114
732.46 1424.869
733.22 1423.623
733.97 1422.377
734.73 1419.643
735.48 1416.299
736.23 1412.952
736.99 1409.604
737.74 1406.252
738.50 1402.914
739.25 1399.577
740.00 1396.237
740.76 1392.895
741.51 1389.551
742.27 1389.018
743.02 1388.733
743.77 1388.447
744.53 1388.161
745.28 1387.875
746.04 1387.357
746.79 1386.835
747.54 1386.313
748.30 1385.79
749.05 1385.245
749.81 1384.015
750.56 1382.682
751.31 1381.314
752.07 1379.945
752.82 1378.555
753.58 1376.78
754.33 1375.004
755.08 1373.227
755.84 1371.449
756.59 1369.65
757.35 1367.41
758.10 1365.169
758.85 1362.926
759.61 1360.683
760.36 1358.433
761.12 1355.791
761.87 1353.147
762.62 1350.503
763.38 1347.857
764.13 1345.209
764.89 1342.575
765.64 1339.94
766.39 1337.303
767.15 1334.666
767.90 1332.027
768.66 1330.109
769.41 1328.296
770.16 1326.482
770.92 1324.667
771.67 1322.851
772.43 1321.575
773.18 1320.463
773.93 1319.35
774.69 1318.237
775.44 1317.123
776.20 1315.977
776.95 1314.811
777.70 1313.645
778.46 1312.478
779.21 1311.31
779.97 1309.738
780.72 1307.715
781.47 1305.691
782.23 1303.665
782.98 1301.639
783.74 1299.566
784.49 1297.378
785.24 1295.188
786.00 1292.998
786.75 1290.807
787.51 1288.528
788.26 1285.208
789.01 1281.886
789.77 1278.563
790.52 1275.238
791.28 1271.912
792.03 1269.408
792.78 1267.061
793.54 1264.714
794.29 1262.365
795.05 1260.015
795.80 1258.584
796.55 1257.829
797.31 1257.073
798.06 1256.317
798.82 1255.56
799.57 1254.45
800.32 1252.443
801.08 1250.416
801.83 1248.387
802.59 1246.358
803.34 1244.328
804.09 1242.091
804.85 1239.846
805.60 1237.6
806.36 1235.354
807.11 1233.106
807.86 1231.323
808.62 1229.812
809.37 1228.302
810.13 1226.79
810.88 1225.278
811.63 1223.567
812.39 1221.283
813.14 1218.998
813.90 1216.713
814.65 1214.427
815.40 1212.139
816.16 1208.62
816.91 1204.902
817.67 1201.182
818.42 1197.461
819.17 1193.739
819.93 1191.041
820.68 1189.655
821.44 1188.267
822.19 1186.879
822.94 1185.491
823.70 1184.102
824.45 1183.318
825.21 1182.54
825.96 1181.763
826.71 1180.985
827.47 1180.206
828.22 1178.51
828.98 1175.928
829.73 1173.346
830.48 1170.763
831.24 1168.178
831.99 1165.596
832.75 1163.732
833.50 1161.868
834.25 1160.003
835.01 1158.138
835.76 1156.271
836.52 1154.537
837.27 1152.951
838.02 1151.364
838.78 1149.777
839.53 1148.189
840.29 1146.601
841.04 1143.986
841.79 1141.269
842.55 1138.551
843.30 1135.832
844.06 1133.112
844.81 1129.479
845.56 1123.915
846.32 1118.349
847.07 1112.782
847.83 1107.212
848.58 1101.64
849.33 1095.897
850.09 1090.083
850.84 1084.28
851.60 1078.474
852.35 1072.667
853.10 1067.276
853.86 1068.496
854.61 1069.717
855.37 1070.938
856.12 1072.159
856.87 1073.381
857.63 1074.437
858.38 1075.228
859.14 1076.02
859.89 1076.812
860.64 1077.604
861.40 1078.397
862.15 1075.595
862.91 1071.133
863.66 1066.67
864.41 1062.205
865.17 1057.738
865.92 1053.269
866.68 1053.355
867.43 1053.662
868.18 1053.969
868.94 1054.276
869.69 1054.583
870.45 1055.095
871.20 1056.454
871.95 1057.814
872.71 1059.174
873.46 1060.535
874.22 1061.896
874.97 1062.145
875.72 1060.775
876.48 1059.405
877.23 1058.034
877.99 1056.663
878.74 1055.291
879.49 1053.738
880.25 1052.059
881.00 1050.379
881.76 1048.698
882.51 1047.017
883.26 1045.335
884.02 1044.393
884.77 1043.707
885.53 1043.022
886.28 1042.335
887.03 1041.649
887.79 1040.962
888.54 1040.233
889.30 1039.498
890.05 1038.763
890.80 1038.027
891.56 1037.291
892.31 1036.554
893.07 1034.58
893.82 1032.557
894.57 1030.533
895.33 1028.509
896.08 1026.483
896.84 1024.447
897.59 1022.071
898.34 1019.694
899.10 1017.316
899.85 1014.937
900.61 1012.578
901.36 1010.294
902.11 1009.027
902.87 1007.76
903.62 1006.492
904.38 1005.223
905.13 1003.954
905.88 1002.688
906.64 1001.477
907.39 1000.264
908.15 999.0515
908.90 997.8379
909.65 996.6238
910.41 995.4208
911.16 994.4665
911.92 993.5117
912.67 992.5564
913.42 991.6006
914.18 990.6443
914.93 989.6875
915.69 987.0801
916.44 984.456
917.19 981.8308
917.95 979.2043
918.70 976.5766
919.46 973.9476
920.21 971.5588
920.96 969.194
921.72 966.8281
922.47 964.4611
923.23 962.0929
923.98 959.7237
924.73 959.3107
925.49 959.4164
926.24 959.5221
927.00 959.6278
927.75 959.7334
928.50 959.839
929.26 959.5896
930.01 959.1444
930.77 958.6989
931.52 958.2532
932.27 957.8071
933.03 957.3608
933.78 956.1214
934.54 953.9808
935.29 951.8392
936.04 949.6965
936.80 947.5529
937.55 945.4082
938.31 943.3173
939.06 941.381
939.81 939.4438
940.57 937.5058
941.32 935.5668
942.08 933.6268
942.83 931.7157
943.58 931.1719
944.34 930.6278
945.09 930.0834
945.85 929.5387
946.60 928.9937
947.35 928.4484
948.11 927.2014
948.86 925.7207
949.62 924.2394
950.37 922.7936
951.12 921.3845
951.88 919.9744
952.63 918.523
953.39 917.0213
954.14 915.5186
954.89 914.0149
955.65 912.5101
956.40 911.0043
957.16 909.5833
957.91 908.8196
958.66 908.0553
959.42 907.2905
960.17 906.525
960.93 905.7589
961.68 904.9922
962.43 904.082
963.19 903.1236
963.94 902.1644
964.70 901.2046
965.45 900.2441
966.20 899.2828
966.96 898.3576
967.71 897.4987
968.47 896.6391
969.22 895.7789
969.97 894.918
970.73 894.0565
971.48 893.1944
972.24 892.157
972.99 891.1047
973.74 890.0515
974.50 888.9976
975.25 887.943
976.01 886.8876
976.76 885.9016
977.51 884.9964
978.27 884.0906
979.02 883.1841
979.78 882.2769
980.53 881.369
981.28 880.4605
982.04 879.4166
982.79 878.3677
983.55 877.318
984.30 876.2676
985.05 875.2165
985.81 874.1646
986.56 873.1573
987.32 872.2066
988.07 871.2551
988.82 870.3029
989.58 869.35
990.33 868.3964
991.09 867.4422
991.84 866.5774
992.59 865.7239
993.35 864.8696
994.10 864.0148
994.86 863.1593
995.61 862.3032
996.36 861.1819
997.12 859.4218
997.87 857.6606
998.63 855.8982
999.38 854.1346
1000.13 852.3659
1000.89 850.5778
1001.64 848.8582
1002.40 847.1726
1003.15 845.486
1003.90 843.7984
1004.66 842.1098
1005.41 840.4202
1006.17 838.7391
1006.92 838.2446
1007.67 837.7496
1008.43 837.2543
1009.18 836.7587
1009.94 836.2626
1010.69 835.7662
1011.44 835.0561
1012.20 833.8998
1012.95 832.7427
1013.71 831.5849
1014.46 830.4264
1015.21 829.2672
1015.97 828.1072
1016.72 827.0929
1017.48 826.1756
1018.23 825.2577
1018.98 824.3392
1019.74 823.4202
1020.49 822.5005
1021.25 821.5803
1022.00 820.8992
1022.75 820.2648
1023.51 819.63
1024.26 818.9948
1025.02 818.3591
1025.77 817.723
1026.52 817.057
1027.28 815.7685
1028.03 814.4792
1028.79 813.1891
1029.54 811.8982
1030.29 810.6066
1031.05 809.3141
1031.80 808.0222
1032.56 806.734
1033.31 805.4451
1034.06 804.1553
1034.82 802.8649
1035.57 801.5736
1036.33 800.2815
1037.08 799.0919
1037.83 798.0867
1038.59 797.0808
1039.34 796.0743
1040.10 795.0671
1040.85 794.0593
1041.60 793.0509
1042.36 792.088
1043.11 791.1781
1043.87 790.2677
1044.62 789.3568
1045.37 788.4452
1046.13 787.5331
1046.88 786.6204
1047.64 785.7337
1048.39 784.8704
1049.14 784.0066
1049.90 783.1423
1050.65 782.2426
1051.41 781.337
1052.16 780.4309
1052.91 779.2425
1053.67 777.834
1054.42 776.4249
1055.18 775.0152
1055.93 773.6048
1056.68 772.1938
1057.44 770.7821
1058.19 769.3473
1058.95 767.8943
1059.70 766.4405
1060.45 764.9861
1061.21 763.5311
1061.96 762.0754
1062.72 760.619
1063.47 759.0938
1064.22 757.5077
1064.98 755.9208
1065.73 754.3332
1066.49 752.7449
1067.24 751.1559
1067.99 749.5662
1068.75 748.1487
1069.50 746.9326
1070.26 745.7158
1071.01 744.4985
1071.76 743.2807
1072.52 742.0622
1073.27 740.8432
1074.03 739.6576
1074.78 738.5337
1075.53 737.4093
1076.29 736.2843
1077.04 735.1588
1077.80 734.0328
1078.55 732.9063
1079.30 731.7315
1080.06 730.3842
1080.81 729.0363
1081.57 727.6879
1082.32 726.3388
1083.07 724.989
1083.83 723.6387
1084.58 722.2843
1085.34 720.8507
1086.09 719.4164
1086.84 717.9815
1087.60 716.5459
1088.35 715.1097
1089.11 713.6729
1089.86 712.2354
1090.61 710.7672
1091.37 709.2921
1092.12 707.8164
1092.88 706.34
1093.63 704.8629
1094.38 703.3852
1095.14 701.9068
1095.89 701.1512
1096.65 700.9346
1097.40 700.7178
1098.15 700.5009
1098.91 700.2839
1099.66 700.0667
1100.42 699.8445
1101.17 699.6578
1101.92 699.5675
1102.68 699.477
1103.43 699.3864
1104.19 699.2958
1104.94 699.2051
1105.69 699.1142
1106.45 699.0234
1107.20 698.3283
1107.96 697.6148
1108.71 696.901
1109.46 696.1868
1110.22 695.4723
1110.97 694.7575
1111.73 694.0424
1112.48 693.1674
1113.23 692.19
1113.99 691.2122
1114.74 690.2339
1115.50 689.2553
1116.25 688.2762
1117.00 687.2967
1117.76 686.2991
1118.51 685.2342
1119.27 684.1688
1120.02 683.103
1120.77 682.0368
1121.53 680.9701
1122.28 679.9029
1123.04 678.8353
1123.79 677.8067
1124.54 676.7887
1125.30 675.7702
1126.05 674.7513
1126.81 673.7319
1127.56 672.7121
1128.31 671.6919
1129.07 670.7292
1129.82 669.8915
1130.58 669.0536
1131.33 668.2152
1132.08 667.3765
1132.84 666.5374
1133.59 665.6979
1134.35 664.8581
1135.10 664.0542
1135.85 663.2592
1136.61 662.4638
1137.36 661.6681
1138.12 660.8721
1138.87 660.0757
1139.62 659.2789
1140.38 658.5979
1141.13 658.2427
1141.89 657.8873
1142.64 657.5318
1143.39 657.176
1144.15 656.8201
1144.90 656.464
1145.66 656.1077
1146.41 655.6648
1147.16 655.1804
1147.92 654.6958
1148.67 654.2109
1149.43 653.7258
1150.18 653.2385
1150.93 652.7448
1151.69 652.2182
1152.44 651.0764
1153.20 649.9341
1153.95 648.7914
1154.70 647.6482
1155.46 646.5046
1156.21 645.3605
1156.97 644.216
1157.72 643.0746
1158.47 641.9378
1159.23 640.8007
1159.98 639.6631
1160.74 638.5251
1161.49 637.3866
1162.24 636.2477
1163.00 635.1084
1163.75 634.3585
1164.51 633.7816
1165.26 633.2044
1166.01 632.627
1166.77 632.0493
1167.52 631.4714
1168.28 630.8933
1169.03 630.3149
1169.78 629.5752
1170.54 628.8285
1171.29 628.0815
1172.05 627.3342
1172.80 626.5866
1173.55 625.8388
1174.31 625.0906
1175.06 624.2947
1175.82 623.2943
1176.57 622.2935
1177.32 621.2923
1178.08 620.2907
1178.83 619.2887
1179.59 618.2863
1180.34 617.2836
1181.09 616.3626
1181.85 615.5773
1182.60 614.7916
1183.36 614.0057
1184.11 613.2194
1184.86 612.4328
1185.62 611.6459
1186.37 610.8588
1187.13 610.1188
1187.88 609.4216
1188.63 608.724
1189.39 608.0262
1190.14 607.3282
1190.90 606.6298
1191.65 605.9312
1192.40 605.2322
1193.16 604.3252
1193.91 603.2908
1194.67 602.2559
1195.42 601.2207
1196.17 600.1851
1196.93 599.1491
1197.68 598.1127
1198.44 597.0758
1199.19 596.2455
1199.94 595.508
1200.70 594.7634
1201.45 594.0179
1202.21 593.2722
1202.96 592.5262
1203.71 591.7799
1204.47 591.0334
1205.22 590.5907
1205.98 590.2667
1206.73 589.9427
1207.48 589.6185
1208.24 589.2942
1208.99 588.9697
1209.75 588.6452
1210.50 588.3204
1211.25 588.1744
1212.01 588.1019
1212.76 588.0294
1213.52 587.9569
1214.27 587.8843
1215.02 587.8116
1215.78 587.7389
1216.53 587.6662
1217.29 587.293
1218.04 586.7634
1218.79 586.2336
1219.55 585.7037
1220.30 585.1735
1221.06 584.6431
1221.81 584.1125
1222.56 583.5817
1223.32 582.9349
1224.07 582.1996
1224.83 581.464
1225.58 580.7281
1226.33 579.992
1227.09 579.2556
1227.84 578.5189
1228.60 577.782
1229.35 577.0652
1230.10 576.3744
1230.86 575.6833
1231.61 574.9919
1232.37 574.3003
1233.12 573.6085
1233.87 572.9163
1234.63 572.224
1235.38 571.5216
1236.14 570.7901
1236.89 570.0584
1237.64 569.3264
1238.40 568.5941
1239.15 567.8616
1239.91 567.1288
1240.66 566.3958
1241.41 565.6663
1242.17 565.0187
1242.92 564.3709
1243.68 563.7228
1244.43 563.0745
1245.18 562.426
1245.94 561.7772
1246.69 561.1282
1247.45 560.4789
1248.20 559.8007
1248.95 559.1149
1249.71 558.4289
1250.46 557.7426
1251.22 557.056
1251.97 556.3692
1252.72 555.6822
1253.48 554.9949
1254.23 554.2892
1254.99 553.5644
1255.74 552.8394
1256.49 552.1142
1257.25 551.3887
1258.00 550.6629
1258.76 549.9369
1259.51 549.2106
1260.26 548.4969
1261.02 547.855
1261.77 547.2128
1262.53 546.5705
1263.28 545.9279
1264.03 545.285
1264.79 544.6419
1265.54 543.9986
1266.30 543.3551
1267.05 542.5898
1267.80 541.7877
1268.56 540.9853
1269.31 540.1827
1270.07 539.3798
1270.82 538.5766
1271.57 537.7731
1272.33 536.9693
1273.08 535.9431
1273.84 534.4991
1274.59 533.0547
1275.34 531.6098
1276.10 530.1643
1276.85 528.7185
1277.61 527.2721
1278.36 525.8252
1279.11 524.3779
1279.87 523.5769
1280.62 522.859
1281.38 522.1408
1282.13 521.4224
1282.88 520.7037
1283.64 519.9848
1284.39 519.2656
1285.15 518.5462
1285.90 518.1539
1286.65 518.3158
1287.41 518.4777
1288.16 518.6397
1288.92 518.8016
1289.67 518.9636
1290.42 519.1257
1291.18 519.2877
1291.93 519.4498
1292.69 519.2483
1293.44 518.9723
1294.19 518.6962
1294.95 518.42
1295.70 518.1436
1296.46 517.8672
1297.21 517.5907
1297.96 517.314
1298.72 516.944
1299.47 516.2723
1300.23 515.6004
1300.98 514.9282
1301.73 514.2558
1302.49 513.5831
1303.24 512.9103
1304.00 512.2371
1304.75 511.5638
1305.50 510.8454
1306.26 510.0973
1307.01 509.3489
1307.77 508.6002
1308.52 507.8512
1309.27 507.102
1310.03 506.3526
1310.78 505.6028
1311.54 504.8529
1312.29 504.2851
1313.04 503.7342
1313.80 503.183
1314.55 502.6316
1315.31 502.08
1316.06 501.5283
1316.81 500.9763
1317.57 500.4241
1318.32 499.8883
1319.08 499.418
1319.83 498.9475
1320.58 498.4768
1321.34 498.006
1322.09 497.5349
1322.85 497.0637
1323.60 496.5924
1324.35 496.1208
1325.11 495.5996
1325.86 495.014
1326.62 494.4281
1327.37 493.842
1328.12 493.2557
1328.88 492.6692
1329.63 492.0825
1330.39 491.4956
1331.14 490.9085
1331.89 490.3943
1332.65 489.9257
1333.40 489.4569
1334.16 488.9879
1334.91 488.5187
1335.66 488.0494
1336.42 487.5799
1337.17 487.1102
1337.93 486.6404
1338.68 486.2027
1339.43 485.7746
1340.19 485.3463
1340.94 484.9178
1341.70 484.4892
1342.45 484.0605
1343.20 483.6315
1343.96 483.2024
1344.71 482.7732
1345.47 482.1785
1346.22 481.5588
1346.97 480.939
1347.73 480.3189
1348.48 479.6986
1349.24 479.0781
1349.99 478.4574
1350.74 477.8308
1351.50 477.2039
1352.25 476.5434
1353.01 475.8796
1353.76 475.2156
1354.51 474.5514
1355.27 473.887
1356.02 473.2224
1356.78 472.5576
1357.53 471.8925
1358.28 471.2273
1359.04 470.6388
1359.79 470.0552
1360.55 469.4713
1361.30 468.8873
1362.05 468.3031
1362.81 467.7187
1363.56 467.1341
1364.32 466.5493
1365.07 465.9643
1365.82 465.4835
1366.58 465.0148
1367.33 464.546
1368.09 464.077
1368.84 463.6079
1369.59 463.1386
1370.35 462.6692
1371.10 462.1996
1371.86 461.7299
1372.61 461.2938
1373.36 460.865
1374.12 460.436
1374.87 460.0069
1375.63 459.5776
1376.38 459.1482
1377.13 458.7186
1377.89 458.2889
1378.64 457.8591
1379.40 457.4311
1380.15 457.0038
1380.90 456.5764
1381.66 456.1489
1382.41 455.7212
1383.17 455.2934
1383.92 454.8654
1384.67 454.4373
1385.43 454.0091
1386.18 453.5622
1386.94 453.098
1387.69 452.6336
1388.44 452.1691
1389.20 451.7045
1389.95 451.2397
1390.71 450.7747
1391.46 450.3096
1392.21 449.8444
1392.97 449.3341
1393.72 448.7201
1394.48 448.1059
1395.23 447.4915
1395.98 446.8769
1396.74 446.2621
1397.49 445.6472
1398.25 445.032
1399.00 444.4166
1399.75 443.8013
1400.51 443.1894
1401.26 442.5773
1402.02 441.9651
1402.77 441.3526
1403.52 440.74
1404.28 440.1271
1405.03 439.5141
1405.79 438.9009
1406.54 438.2875
1407.29 437.7034
1408.05 437.1299
1408.80 436.5562
1409.56 435.9824
1410.31 435.4083
1411.06 434.8341
1411.82 434.2596
1412.57 433.685
1413.33 433.1103
1414.08 432.4937
1414.83 431.8104
1415.59 431.1269
1416.34 430.4432
1417.10 429.7593
1417.85 429.0752
1418.60 428.3908
1419.36 427.7062
1420.11 427.0215
1420.87 426.3365
1421.62 425.7646
1422.37 425.1946
1423.13 424.6245
1423.88 424.0542
1424.64 423.4837
1425.39 422.9131
1426.14 422.3422
1426.90 421.7712
1427.65 421.2
1428.41 420.7465
1429.16 420.3995
1429.91 420.0523
1430.67 419.7051
1431.42 419.3577
1432.18 419.0102
1432.93 418.6626
1433.68 418.3149
1434.44 417.967
1435.19 417.6137
1435.95 417.083
1436.70 416.5521
1437.45 416.0211
1438.21 415.4898
1438.96 414.9584
1439.72 414.4269
1440.47 413.8951
1441.22 413.3632
1441.98 412.8312
1442.73 412.3371
1443.49 411.8822
1444.24 411.427
1444.99 410.9718
1445.75 410.5164
1446.50 410.0608
1447.26 409.6051
1448.01 409.1493
1448.76 408.6933
1449.52 408.2371
1450.27 407.8788
1451.03 407.5294
1451.78 407.1799
1452.53 406.8303
1453.29 406.4806
1454.04 406.1308
1454.80 405.7809
1455.55 405.4308
1456.30 405.0807
1457.06 404.7127
1457.81 404.2911
1458.57 403.8694
1459.32 403.4476
1460.07 403.0256
1460.83 402.6035
1461.58 402.1813
1462.34 401.759
1463.09 401.3366
1463.84 400.914
1464.60 400.4103
1465.35 399.8448
1466.11 399.2792
1466.86 398.7134
1467.61 398.1475
1468.37 397.5813
1469.12 397.0151
1469.88 396.4486
1470.63 395.882
1471.38 395.3153
1472.14 394.7813
1472.89 394.2537
1473.65 393.726
1474.40 393.1981
1475.15 392.6701
1475.91 392.142
1476.66 391.6137
1477.42 391.0852
1478.17 390.5566
1478.92 390.0329
1479.68 389.6151
1480.43 389.1972
1481.19 388.7792
1481.94 388.3611
1482.69 387.9428
1483.45 387.5245
1484.20 387.106
1484.96 386.6874
1485.71 386.2686
1486.46 385.8648
1487.22 385.5195
1487.97 385.1742
1488.73 384.8287
1489.48 384.4831
1490.23 384.1374
1490.99 383.7917
1491.74 383.4458
1492.50 383.0998
1493.25 382.7537
1494.00 382.3156
1494.76 381.6854
1495.51 381.0549
1496.27 380.4243
1497.02 379.7935
1497.77 379.1625
1498.53 378.5314
1499.28 377.9001
1500.04 377.2692
1500.79 376.6507
1501.54 376.1445
1502.30 375.8142
1503.05 375.4837
1503.81 375.1532
1504.56 374.8224
1505.31 374.4916
1506.07 374.1606
1506.82 373.8295
1507.58 373.4983
1508.33 373.167
1509.08 372.9651
1509.84 372.955
1510.59 372.9448
1511.35 372.9347
1512.10 372.9245
1512.85 372.9143
1513.61 372.9041
1514.36 372.8938
1515.12 372.8836
1515.87 372.8733
1516.62 372.7601
1517.38 372.4668
1518.13 372.1734
1518.89 371.8798
1519.64 371.5861
1520.39 371.2923
1521.15 370.9984
1521.90 370.7044
1522.66 370.4102
1523.41 370.116
1524.16 369.8021
1524.92 369.4389
1525.67 369.0756
1526.43 368.7121
1527.18 368.3485
1527.93 367.9848
1528.69 367.6209
1529.44 367.2569
1530.20 366.8927
1530.95 366.5284
1531.70 366.1697
1532.46 365.8425
1533.21 365.5151
1533.97 365.1877
1534.72 364.8601
1535.47 364.5324
1536.23 364.2045
1536.98 363.8766
1537.74 363.5485
1538.49 363.2203
1539.24 362.8919
1540.00 362.4843
1540.75 362.0736
1541.51 361.6628
1542.26 361.2518
1543.01 360.8407
1543.77 360.4294
1544.52 360.0179
1545.28 359.6064
1546.03 359.1946
1546.78 358.7827
1547.54 358.3293
1548.29 357.8602
1549.05 357.3909
1549.80 356.9214
1550.55 356.4518
1551.31 355.982
1552.06 355.512
1552.82 355.0419
1553.57 354.5716
1554.32 354.1011
1555.08 353.6404
1555.83 353.1925
1556.59 352.7444
1557.34 352.2962
1558.09 351.8478
1558.85 351.3993
1559.60 350.9506
1560.36 350.5017
1561.11 350.0527
1561.86 349.6035
1562.62 349.1354
1563.37 348.5054
1564.13 347.8752
1564.88 347.2447
1565.63 346.614
1566.39 345.9831
1567.14 345.352
1567.90 344.7206
1568.65 344.089
1569.40 343.4572
1570.16 342.8252
1570.91 342.1753
1571.67 341.5178
1572.42 340.86
1573.17 340.2021
1573.93 339.5438
1574.68 338.8854
1575.44 338.2267
1576.19 337.5679
1576.94 336.9087
1577.70 336.2494
1578.45 335.638
1579.21 335.1583
1579.96 334.6785
1580.71 334.1984
1581.47 333.7182
1582.22 333.2378
1582.98 332.7572
1583.73 332.2765
1584.48 331.7956
1585.24 331.3145
1585.99 330.8333
1586.75 330.6027
1587.50 330.4496
1588.25 330.2965
1589.01 330.1432
1589.76 329.9899
1590.52 329.8366
1591.27 329.6831
1592.02 329.5296
1592.78 329.3761
1593.53 329.2224
1594.29 329.0773
1595.04 328.9624
1595.79 328.8475
1596.55 328.7326
1597.30 328.6176
1598.06 328.5025
1598.81 328.3874
1599.56 328.2722
1600.32 328.1538
1601.07 328.0311
1601.83 327.9082
1602.58 327.59
1603.33 327.1469
1604.09 326.7036
1604.84 326.2602
1605.60 325.8167
1606.35 325.373
1607.10 324.9292
1607.86 324.4853
1608.61 324.0412
1609.37 323.597
1610.12 323.1526
1610.87 322.8509
1611.63 322.555
1612.38 322.259
1613.14 321.9629
1613.89 321.6667
1614.64 321.3704
1615.40 321.074
1616.15 320.7775
1616.91 320.481
1617.66 320.1843
1618.41 319.9299
1619.17 319.7976
1619.92 319.6653
1620.68 319.5329
1621.43 319.4005
1622.18 319.2681
1622.94 319.1356
1623.69 319.003
1624.45 318.8704
1625.20 318.7377
1625.95 318.605
1626.71 318.2567
1627.46 317.6821
1628.22 317.1073
1628.97 316.5323
1629.72 315.9571
1630.48 315.3818
1631.23 314.8064
1631.99 314.2307
1632.74 313.6549
1633.49 313.0789
1634.25 312.5028
1635.00 311.9085
1635.76 311.3055
1636.51 310.7023
1637.26 310.099
1638.02 309.4955
1638.77 308.8918
1639.53 308.288
1640.28 307.6839
1641.03 307.0797
1641.79 306.4754
1642.54 305.8708
1643.30 305.6509
1644.05 305.525
1644.80 305.399
1645.56 305.273
1646.31 305.147
1647.07 305.0208
1647.82 304.8947
1648.57 304.7685
1649.33 304.6422
1650.08 304.5156
1650.84 304.3858
1651.59 304.207
1652.34 304.0212
1653.10 303.8353
1653.85 303.6493
1654.61 303.4633
1655.36 303.2773
1656.11 303.0912
1656.87 302.905
1657.62 302.7188
1658.38 302.5325
1659.13 302.3462
1659.88 301.8365
1660.64 301.2884
1661.39 300.7401
1662.15 300.1916
1662.90 299.6431
1663.65 299.0943
1664.41 298.5455
1665.16 297.9964
1665.92 297.4473
1666.67 296.898
1667.42 296.3485
1668.18 295.6446
1668.93 294.9152
1669.69 294.1857
1670.44 293.4559
1671.19 292.726
1671.95 291.9959
1672.70 291.2655
1673.46 290.535
1674.21 289.8043
1674.96 289.0734
1675.72 288.3424
1676.47 287.8767
1677.23 287.4893
1677.98 287.1019
1678.73 286.7143
1679.49 286.3267
1680.24 285.9389
1681.00 285.551
1681.75 285.1631
1682.50 284.775
1683.26 284.3868
1684.01 283.9985
1684.77 283.8132
1685.52 283.7463
1686.27 283.6795
1687.03 283.6126
1687.78 283.5457
1688.54 283.4788
1689.29 283.4118
1690.04 283.3449
1690.80 283.2779
1691.55 283.2108
1692.31 283.1438
1693.06 282.9642
1693.81 282.632
1694.57 282.2996
1695.32 281.9672
1696.08 281.6347
1696.83 281.3021
1697.58 280.9694
1698.34 280.6366
1699.09 280.3038
1699.85 279.9708
1700.60 279.6452
1701.35 279.3013
1702.11 278.855
1702.86 278.4085
1703.62 277.9619
1704.37 277.5151
1705.12 277.0681
1705.88 276.621
1706.63 276.1737
1707.39 275.7263
1708.14 275.2788
1708.89 274.831
1709.65 274.3831
1710.40 273.9509
1711.16 273.5213
1711.91 273.0916
1712.66 272.6617
1713.42 272.2317
1714.17 271.8015
1714.93 271.3711
1715.68 270.9406
1716.43 270.51
1717.19 270.0792
1717.94 269.6483
1718.70 269.1366
1719.45 268.5393
1720.20 267.9418
1720.96 267.3442
1721.71 266.7463
1722.47 266.1482
1723.22 265.5499
1723.97 264.9514
1724.73 264.3527
1725.48 263.7538
1726.24 263.1547
1726.99 262.5558
1727.74 261.9625
1728.50 261.369
1729.25 260.7753
1730.01 260.1814
1730.76 259.5873
1731.51 258.993
1732.27 258.3985
1733.02 257.8038
1733.78 257.209
1734.53 256.6139
1735.28 256.0186
1736.04 255.6666
1736.79 255.4999
1737.55 255.3332
1738.30 255.1664
1739.05 254.9996
1739.81 254.8327
1740.56 254.6657
1741.32 254.4986
1742.07 254.3315
1742.82 254.1644
1743.58 253.9971
1744.33 253.8326
1745.09 253.7596
1745.84 253.6866
1746.59 253.6136
1747.35 253.5406
1748.10 253.4675
1748.86 253.3943
1749.61 253.3212
1750.36 253.2466
1751.12 253.1706
1751.87 253.0945
1752.63 253.0184
1753.38 252.8785
1754.13 252.6522
1754.89 252.4257
1755.64 252.1992
1756.40 251.9726
1757.15 251.746
1757.90 251.5193
1758.66 251.2924
1759.41 251.0656
1760.17 250.8386
1760.92 250.6116
1761.67 250.3844
1762.43 250.0945
1763.18 249.7853
1763.94 249.4759
1764.69 249.1665
1765.44 248.857
1766.20 248.5474
1766.95 248.2377
1767.71 247.9279
1768.46 247.618
1769.21 247.308
1769.97 246.9979
1770.72 246.6864
1771.48 246.3526
1772.23 246.0187
1772.98 245.6846
1773.74 245.3505
1774.49 245.0162
1775.25 244.6819
1776.00 244.3474
1776.75 244.0129
1777.51 243.6782
1778.26 243.3434
1779.02 243.0085
1779.77 242.6865
1780.52 242.3978
1781.28 242.1091
1782.03 241.8203
1782.79 241.5314
1783.54 241.2424
1784.29 240.9533
1785.05 240.6641
1785.80 240.3749
1786.56 240.0855
1787.31 239.796
1788.06 239.5065
1788.82 239.198
1789.57 238.865
1790.33 238.532
1791.08 238.1988
1791.83 237.8654
1792.59 237.532
1793.34 237.1985
1794.10 236.8649
1794.85 236.5312
1795.60 236.1973
1796.36 235.8634
1797.11 235.5294
1797.87 235.1357
1798.62 234.6936
1799.37 234.2514
1800.13 233.809
1800.88 233.3665
1801.64 232.9239
1802.39 232.4811
1803.14 232.0382
1803.90 231.5952
1804.65 231.152
1805.41 230.7087
1806.16 230.2652
1806.91 229.7599
1807.67 229.2115
1808.42 228.6628
1809.18 228.114
1809.93 227.5651
1810.68 227.0159
1811.44 226.4666
1812.19 225.9171
1812.95 225.3675
1813.70 224.8177
1814.45 224.2677
1815.21 223.7176
1815.96 223.3429
1816.72 223.099
1817.47 222.855
1818.22 222.611
1818.98 222.3668
1819.73 222.1226
1820.49 221.8783
1821.24 221.634
1821.99 221.3895
1822.75 221.145
1823.50 220.9004
1824.26 220.6557
1825.01 220.4762
1825.76 220.3609
1826.52 220.2455
1827.27 220.1301
1828.03 220.0147
1828.78 219.8992
1829.53 219.7837
1830.29 219.6681
1831.04 219.5525
1831.80 219.4369
1832.55 219.3212
1833.30 219.2054
1834.06 219.0303
1834.81 218.7536
1835.57 218.4767
1836.32 218.1998
1837.07 217.9227
1837.83 217.6456
1838.58 217.3684
1839.34 217.0911
1840.09 216.8137
1840.84 216.5362
1841.60 216.2587
1842.35 215.981
1843.11 215.702
1843.86 215.4162
1844.61 215.1303
1845.37 214.8443
1846.12 214.5583
1846.88 214.2721
1847.63 213.9859
1848.38 213.6995
1849.14 213.4131
1849.89 213.1266
1850.65 212.838
1851.40 212.549
1852.15 212.2599
1852.91 211.8732
1853.66 211.4769
1854.42 211.0806
1855.17 210.6842
1855.92 210.2877
1856.68 209.891
1857.43 209.4942
1858.19 209.0974
1858.94 208.7004
1859.69 208.3033
1860.45 207.9061
1861.20 207.5088
1861.96 207.0255
1862.71 206.4859
1863.46 205.9462
1864.22 205.4064
1864.97 204.8664
1865.73 204.3262
1866.48 203.7859
1867.23 203.2455
1867.99 202.7049
1868.74 202.1641
1869.50 201.6233
1870.25 201.0822
1871.00 200.599
1871.76 200.3242
1872.51 200.0493
1873.27 199.7744
1874.02 199.4994
1874.77 199.2242
1875.53 198.9491
1876.28 198.6738
1877.04 198.3985
1877.79 198.123
1878.54 197.8475
1879.30 197.572
1880.05 197.2963
1880.81 197.1692
1881.56 197.0848
1882.31 197.0003
1883.07 196.9157
1883.82 196.8312
1884.58 196.7466
1885.33 196.6619
1886.08 196.5773
1886.84 196.4926
1887.59 196.4079
1888.35 196.3232
1889.10 196.2384
1889.85 196.1397
1890.61 196.0035
1891.36 195.8672
1892.12 195.7309
1892.87 195.5945
1893.62 195.4581
1894.38 195.3216
1895.13 195.1851
1895.89 195.0486
1896.64 194.912
1897.39 194.7754
1898.15 194.6388
1898.90 194.5021
1899.66 194.3811
1900.41 194.2655
1901.16 194.1489
1901.92 194.0322
1902.67 193.9155
1903.43 193.7988
1904.18 193.682
1904.93 193.5652
1905.69 193.4484
1906.44 193.3315
1907.20 193.2146
1907.95 193.0977
1908.70 192.9729
1909.46 192.7475
1910.21 192.5219
1910.97 192.2963
1911.72 192.0707
1912.47 191.845
1913.23 191.6192
1913.98 191.3934
1914.74 191.1675
1915.49 190.9415
1916.24 190.7155
1917.00 190.4895
1917.75 190.2634
1918.51 189.9965
1919.26 189.6629
1920.01 189.3292
1920.77 188.9954
1921.52 188.6615
1922.28 188.3276
1923.03 187.9936
1923.78 187.6594
1924.54 187.3252
1925.29 186.991
1926.05 186.6566
1926.80 186.3221
1927.55 185.9876
1928.31 185.5963
1929.06 185.1702
1929.82 184.744
1930.57 184.3177
1931.32 183.8913
1932.08 183.4647
1932.83 183.0381
1933.59 182.6114
1934.34 182.1846
1935.09 181.7576
1935.85 181.3306
1936.60 180.9034
1937.36 180.4762
1938.11 180.1433
1938.86 179.8347
1939.62 179.526
1940.37 179.2172
1941.13 178.9083
1941.88 178.5994
1942.63 178.2904
1943.39 177.9813
1944.14 177.6721
1944.90 177.3628
1945.65 177.0535
1946.40 176.7441
1947.16 176.4346
1947.91 176.3899
1948.67 176.3689
1949.42 176.348
1950.17 176.3265
1950.93 176.3036
1951.68 176.2807
1952.44 176.2578
1953.19 176.2349
1953.94 176.212
1954.70 176.1891
1955.45 176.1661
1956.21 176.1432
1956.96 176.1202
1957.71 176.0002
1958.47 175.8761
1959.22 175.7521
1959.98 175.6279
1960.73 175.5038
1961.48 175.3796
1962.24 175.2554
1962.99 175.1312
1963.75 175.0069
1964.50 174.8826
1965.25 174.7582
1966.01 174.6339
1966.76 174.5095
1967.52 174.2956
1968.27 174.0769
1969.02 173.8582
1969.78 173.6394
1970.53 173.4206
1971.29 173.2017
1972.04 172.9828
1972.79 172.7638
1973.55 172.5448
1974.30 172.3257
1975.06 172.1066
1975.81 171.8874
1976.56 171.6682
1977.32 171.4757
1978.07 171.2871
1978.83 171.0985
1979.58 170.9099
1980.33 170.7211
1981.09 170.5324
1981.84 170.3436
1982.60 170.1548
1983.35 169.9659
1984.10 169.7769
1984.86 169.588
1985.61 169.399
1986.37 169.2099
1987.12 169.0387
1987.87 168.8742
1988.63 168.7096
1989.38 168.545
1990.14 168.3803
1990.89 168.2156
1991.64 168.0509
1992.40 167.8861
1993.15 167.7213
1993.91 167.5564
1994.66 167.3915
1995.41 167.2266
1996.17 167.0616
1996.92 166.9002
1997.68 166.7421
1998.43 166.584
1999.18 166.4258
1999.94 166.2676
2000.69 166.1093
2001.45 165.9511
2002.20 165.7927
2002.95 165.6344
2003.71 165.476
2004.46 165.3175
2005.22 165.1591
2005.97 165.0006
2006.72 164.8314
2007.48 164.6267
2008.23 164.422
2008.99 164.2172
2009.74 164.0124
2010.49 163.8076
2011.25 163.6027
2012.00 163.3977
2012.76 163.1927
2013.51 162.9877
2014.26 162.7826
2015.02 162.5775
2015.77 162.3723
2016.53 162.167
2017.28 161.9291
2018.03 161.687
2018.79 161.4448
2019.54 161.2026
2020.30 160.9603
2021.05 160.718
2021.80 160.4756
2022.56 160.2331
2023.31 159.9906
2024.07 159.7481
2024.82 159.5055
2025.57 159.2628
2026.33 159.0201
2027.08 158.8002
2027.84 158.6052
2028.59 158.41
2029.34 158.2148
2030.10 158.0196
2030.85 157.8243
2031.61 157.629
2032.36 157.4337
2033.11 157.2382
2033.87 157.0428
2034.62 156.8473
2035.38 156.6518
2036.13 156.4562
2036.88 156.2607
2037.64 156.1039
2038.39 155.947
2039.15 155.7901
2039.90 155.6331
2040.65 155.4761
2041.41 155.3191
2042.16 155.162
2042.92 155.0049
2043.67 154.8477
2044.42 154.6905
2045.18 154.5333
2045.93 154.376
2046.69 154.2187
2047.44 154.0435
2048.19 153.8465
2048.95 153.6493
2049.70 153.4522
2050.46 153.257
2051.21 153.0629
2051.96 152.8689
2052.72 152.6748
2053.47 152.4806
2054.23 152.2864
2054.98 152.0921
2055.73 151.8978
2056.49 151.7034
2057.24 151.5089
2058.00 151.3203
2058.75 151.1328
2059.50 150.9452
2060.26 150.7575
2061.01 150.5698
2061.77 150.382
2062.52 150.1942
2063.27 150.0063
2064.03 149.8184
2064.78 149.6304
2065.54 149.4423
2066.29 149.2543
2067.04 149.0661
2067.80 148.8817
2068.55 148.7173
2069.31 148.5529
2070.06 148.3885
2070.81 148.224
2071.57 148.0595
2072.32 147.8949
2073.08 147.7303
2073.83 147.5656
2074.58 147.4009
2075.34 147.2361
2076.09 147.0713
2076.85 146.9065
2077.60 146.7415
2078.35 146.5678
2079.11 146.3808
2079.86 146.1938
2080.62 146.0068
2081.37 145.8197
2082.12 145.6325
2082.88 145.4453
2083.63 145.258
2084.39 145.0707
2085.14 144.8834
2085.89 144.696
2086.65 144.5085
2087.40 144.321
2088.16 144.1334
2088.91 143.963
2089.66 143.8047
2090.42 143.6464
2091.17 143.4881
2091.93 143.3297
2092.68 143.1713
2093.43 143.0129
2094.19 142.8544
2094.94 142.6958
2095.70 142.5372
2096.45 142.3786
2097.20 142.2199
2097.96 142.0612
2098.71 141.9024
2099.47 141.7522
2100.22 141.6057
2100.97 141.4591
2101.73 141.3125
2102.48 141.1659
2103.24 141.0192
2103.99 140.8725
2104.74 140.7257
2105.50 140.5789
2106.25 140.4321
2107.01 140.2852
2107.76 140.1383
2108.51 139.9913
2109.27 139.8443
2110.02 139.6832
2110.78 139.5169
2111.53 139.3506
2112.28 139.1842
2113.04 139.0178
2113.79 138.8514
2114.55 138.6849
2115.30 138.5183
2116.05 138.3517
2116.81 138.1851
2117.56 138.0184
2118.32 137.8517
2119.07 137.6849
2119.82 137.5181
2120.58 137.3661
2121.33 137.2201
2122.09 137.0741
2122.84 136.928
2123.59 136.7818
2124.35 136.6357
2125.10 136.4895
2125.86 136.3432
2126.61 136.1969
2127.36 136.0506
2128.12 135.9042
2128.87 135.7578
2129.63 135.6114
2130.38 135.4649
2131.13 135.3204
2131.89 135.1772
2132.64 135.034
2133.40 134.8908
2134.15 134.7475
2134.90 134.6042
2135.66 134.4609
2136.41 134.3175
2137.17 134.174
2137.92 134.0305
2138.67 133.887
2139.43 133.7435
2140.18 133.5999
2140.94 133.4562
2141.69 133.2885
2142.44 133.0897
2143.20 132.8908
2143.95 132.6919
2144.71 132.493
2145.46 132.294
2146.21 132.0949
2146.97 131.8958
2147.72 131.6967
2148.48 131.4975
2149.23 131.2982
2149.98 131.0989
2150.74 130.8981
2151.49 130.6974
2152.25 130.4832
2153.00 130.2136
2153.75 129.9439
2154.51 129.6741
2155.26 129.4043
2156.02 129.1344
2156.77 128.8644
2157.52 128.5944
2158.28 128.3243
2159.03 128.0541
2159.79 127.7839
2160.54 127.5136
2161.29 127.2433
2162.05 126.9728
2162.80 126.7023
2163.56 126.5486
2164.31 126.4102
2165.06 126.2717
2165.82 126.1332
2166.57 125.9947
2167.33 125.8562
2168.08 125.7176
2168.83 125.579
2169.59 125.4404
2170.34 125.3017
2171.10 125.163
2171.85 125.0242
2172.60 124.8854
2173.36 124.7466
2174.11 124.6505
2174.87 124.5982
2175.62 124.5459
2176.37 124.4936
2177.13 124.4413
2177.88 124.3889
2178.64 124.3366
2179.39 124.2842
2180.14 124.2318
2180.90 124.1794
2181.65 124.127
2182.41 124.0745
2183.16 124.0221
2183.91 123.9696
2184.67 123.9154
2185.42 123.8162
2186.18 123.7171
2186.93 123.6178
2187.68 123.5186
2188.44 123.4193
2189.19 123.3201
2189.95 123.2207
2190.70 123.1214
2191.45 123.022
2192.21 122.9227
2192.96 122.8232
2193.72 122.7238
2194.47 122.6243
2195.22 122.5248
2195.98 122.4044
2196.73 122.2642
2197.49 122.1239
2198.24 121.9836
2198.99 121.8433
2199.75 121.703
2200.50 121.5643
2201.26 121.4263
2202.01 121.2884
2202.76 121.1504
2203.52 121.0123
2204.27 120.8743
2205.03 120.7361
2205.78 120.598
2206.53 120.4598
2207.29 120.3373
2208.04 120.2163
2208.80 120.0953
2209.55 119.9742
2210.30 119.8531
2211.06 119.7319
2211.81 119.6108
2212.57 119.4895
2213.32 119.3683
2214.07 119.247
2214.83 119.1257
2215.58 119.0043
2216.34 118.8829
2217.09 118.7615
2217.84 118.6401
2218.60 118.5192
2219.35 118.3983
2220.11 118.2773
2220.86 118.1563
2221.61 118.0353
2222.37 117.9142
2223.12 117.7931
2223.88 117.672
2224.63 117.5508
2225.38 117.4296
2226.14 117.3083
2226.89 117.187
2227.65 117.0657
2228.40 116.9443
2229.15 116.8166
2229.91 116.6821
2230.66 116.5476
2231.42 116.4131
2232.17 116.2785
2232.92 116.1438
2233.68 116.0092
2234.43 115.8745
2235.19 115.7397
2235.94 115.6049
2236.69 115.4701
2237.45 115.3352
2238.20 115.2003
2238.96 115.0653
2239.71 114.9303
2240.46 114.7958
2241.22 114.6616
2241.97 114.5273
2242.73 114.3929
2243.48 114.2585
2244.23 114.1241
2244.99 113.9896
2245.74 113.8551
2246.50 113.7206
2247.25 113.586
2248.00 113.4513
2248.76 113.3167
2249.51 113.182
2250.27 113.0464
2251.02 112.9093
2251.77 112.7812
2252.53 112.6557
2253.28 112.5301
2254.04 112.4045
2254.79 112.2789
2255.54 112.1532
2256.30 112.0275
2257.05 111.9018
2257.81 111.7761
2258.56 111.6503
2259.31 111.5245
2260.07 111.3987
2260.82 111.2728
2261.58 111.1469
2262.33 111.021
2263.08 110.8977
2263.84 110.7752
2264.59 110.6526
2265.35 110.53
2266.10 110.4073
2266.85 110.2846
2267.61 110.1619
2268.36 110.0392
2269.12 109.9164
2269.87 109.7936
2270.62 109.6708
2271.38 109.5479
2272.13 109.425
2272.89 109.3021
2273.64 109.1791
2274.39 109.0465
2275.15 108.9106
2275.90 108.7747
2276.66 108.6387
2277.41 108.5027
2278.16 108.3667
2278.92 108.2307
2279.67 108.0946
2280.43 107.9584
2281.18 107.8223
2281.93 107.6861
2282.69 107.5499
2283.44 107.4136
2284.20 107.2773
2284.95 107.141
2285.70 107.0085
2286.46 106.8783
2287.21 106.748
2287.97 106.6177
2288.72 106.4873
2289.47 106.357
2290.23 106.2266
2290.98 106.0961
2291.74 105.9656
2292.49 105.8351
2293.24 105.7046
2294.00 105.574
2294.75 105.4435
2295.51 105.3128
2296.26 105.1822
2297.01 105.0598
2297.77 104.9486
2298.52 104.8373
2299.28 104.726
2300.03 104.6145
2300.78 104.501
2301.54 104.3875
2302.29 104.274
2303.05 104.1604
2303.80 104.0468
2304.55 103.9332
2305.31 103.8196
2306.06 103.706
2306.82 103.5923
2307.57 103.4786
2308.32 103.3605
2309.08 103.218
2309.83 103.0754
2310.59 102.9328
2311.34 102.7902
2312.09 102.6475
2312.85 102.5048
2313.60 102.3621
2314.36 102.2194
2315.11 102.0766
2315.86 101.9338
2316.62 101.791
2317.37 101.6482
2318.13 101.5053
2318.88 101.3624
2319.63 101.2195
2320.39 101.0921
2321.14 100.9685
2321.90 100.8449
2322.65 100.7213
2323.40 100.5976
2324.16 100.4739
2324.91 100.3502
2325.67 100.2264
2326.42 100.1026
2327.17 99.97885
2327.93 99.85503
2328.68 99.73118
2329.44 99.60731
2330.19 99.48342
2330.94 99.3595
2331.70 99.24593
2332.45 99.14911
2333.21 99.05227
2333.96 98.95542
2334.71 98.85854
2335.47 98.76164
2336.22 98.66473
2336.98 98.5678
2337.73 98.47084
2338.48 98.37387
2339.24 98.27688
2339.99 98.17987
2340.75 98.08284
2341.50 97.98579
2342.25 97.88872
2343.01 97.79163
2343.76 97.67185
2344.52 97.5489
2345.27 97.42592
2346.02 97.30292
2346.78 97.17989
2347.53 97.05684
2348.29 96.93376
2349.04 96.81066
2349.79 96.68754
2350.55 96.56368
2351.30 96.43954
2352.06 96.31537
2352.81 96.19119
2353.56 96.06698
2354.32 95.94275
2355.07 95.82411
2355.83 95.7189
2356.58 95.61366
2357.33 95.50841
2358.09 95.40315
2358.84 95.29786
2359.60 95.19255
2360.35 95.08723
2361.10 94.98189
2361.86 94.87653
2362.61 94.77115
2363.37 94.66576
2364.12 94.56034
2364.87 94.45491
2365.63 94.34946
2366.38 94.24399
2367.14 94.13061
2367.89 94.01259
2368.64 93.89455
2369.40 93.77649
2370.15 93.65841
2370.91 93.54031
2371.66 93.42219
2372.41 93.30405
2373.17 93.18589
2373.92 93.06771
2374.68 92.94951
2375.43 92.83129
2376.18 92.71304
2376.94 92.59478
2377.69 92.4765
2378.45 92.3582
2379.20 92.25665
2379.95 92.15719
2380.71 92.05772
2381.46 91.95822
2382.22 91.85871
2382.97 91.75918
2383.72 91.65964
2384.48 91.56008
2385.23 91.4605
2385.99 91.3609
2386.74 91.26128
2387.49 91.16165
2388.25 91.062
2389.00 90.96234
2389.76 90.86266
2390.51 90.76436
2391.26 90.68589
2392.02 90.6074
2392.77 90.52889
2393.53 90.45038
2394.28 90.37184
2395.03 90.2933
2395.79 90.21474
2396.54 90.13617
2397.30 90.05758
2398.05 89.97898
2398.80 89.90037
2399.56 89.82174
2400.31 89.74198
2401.07 89.66062
2401.82 89.57926
2402.57 89.49245
2403.33 89.38052
2404.08 89.26858
2404.84 89.15663
2405.59 89.04466
2406.34 88.93268
2407.10 88.8207
2407.85 88.70869
2408.61 88.59668
2409.36 88.48466
2410.11 88.37262
2410.87 88.26057
2411.62 88.14852
2412.38 88.03644
2413.13 87.92436
2413.88 87.81227
2414.64 87.70331
2415.39 87.60723
2416.15 87.51114
2416.90 87.41503
2417.65 87.31892
2418.41 87.2228
2419.16 87.12667
2419.92 87.03053
2420.67 86.93438
2421.42 86.83821
2422.18 86.74204
2422.93 86.64586
2423.69 86.54967
2424.44 86.45346
2425.19 86.35725
2425.95 86.26103
2426.70 86.16556
2427.46 86.07494
2428.21 85.98432
2428.96 85.89368
2429.72 85.80304
2430.47 85.71239
2431.23 85.62172
2431.98 85.53105
2432.73 85.44037
2433.49 85.34968
2434.24 85.25898
2435.00 85.16827
2435.75 85.07755
2436.50 84.98682
2437.26 84.89608
2438.01 84.80533
2438.77 84.71457
2439.52 84.60647
2440.27 84.49828
2441.03 84.39006
2441.78 84.28184
2442.54 84.17361
2443.29 84.06536
2444.04 83.95711
2444.80 83.84884
2445.55 83.74056
2446.31 83.63227
2447.06 83.52397
2447.81 83.41566
2448.57 83.30733
2449.32 83.199
